Vgs range: 0,8,0.1
Vds range: 0,8,0.5

Vgs: 0.0
-7.624579999999999e-07
-7.87339e-07
-1.12622e-06
-1.15106e-06
-7.37604e-07
-7.37615e-07
-7.37603e-07
-1.1262299999999999e-06
-1.15107e-06
-1.20073e-06
-6.879009999999999e-07
-7.87321e-07
-9.11593e-07
-1.15104e-06
-1.10132e-06
-8.011080000000001e-07
-8.36997e-07
-4.949140000000001e-07
-5.05392e-07
-5.620150000000001e-07
-5.43184e-07
-5.514459999999999e-07
-6.28296e-07
-6.4622e-07
-7.10571e-07
-6.89238e-07
-8.02822e-07
-8.4122e-07
-8.86428e-07
-8.48776e-07
-8.97204e-07
-9.93691e-07
-2.07067e-06
-2.0458e-06
-1.70689e-06
-1.80635e-06
-2.17008e-06
-2.2692500000000003e-06
-1.98031e-06
-2.41863e-06
-2.3689099999999997e-06
-2.07971e-06
-2.1295e-06
-2.56775e-06
-2.2537299999999997e-06
-2.05489e-06
-2.5429e-06
-2.71687e-06
-2.42768e-06
-2.378e-06
-2.74173e-06
-2.3772e-06
-2.5768199999999998e-06
-2.96543e-06
-2.9902800000000003e-06
-2.55195e-06
-2.7011000000000003e-06
-3.1394e-06
-3.21392e-06
-2.75079e-06
-3.2139699999999997e-06
-3.3133799999999998e-06
-3.07387e-06
-3.09877e-06
-3.43765e-06
-3.4873199999999998e-06
-3.3472999999999997e-06
-3.6613400000000003e-06
-3.7607500000000004e-06
-3.54616e-06
-3.62071e-06
-4.332399999999999e-06
-4.20808e-06
-3.94381e-06
-4.5064e-06
-4.90406e-06
-4.34134e-06
-4.44089e-06
-4.97863e-06
-5.22716e-06
-5.06296e-06

Vgs: 0.5
0.219383
0.219381
0.219409
0.219428
0.219473
0.219633
0.22018600000000002
0.221736
0.22481
0.229632
0.236047
0.243713
0.251915
0.26016
0.26777300000000004
0.276374
0.284033
0.291346
0.298501
0.30527400000000005
0.312064
0.318342
0.324533
0.330452
0.33629
0.341882
0.34728
0.352758
0.357717
0.362682
0.3676
0.372317
0.377021
0.38140999999999997
0.385799
0.390156
0.394308
0.398049
0.402435
0.40634
0.410167
0.413854
0.417531
0.4211
0.42453599999999997
0.42799899999999996
0.431159
0.434451
0.43754
0.440588
0.44350599999999996
0.445952
0.44920000000000004
0.451974
0.45456
0.45716
0.459538
0.46193999999999996
0.464015
0.466179
0.468254
0.470244
0.47215
0.474029
0.475746
0.4775
0.47912699999999997
0.48081399999999996
0.48242199999999996
0.48400899999999997
0.48567899999999997
0.487337
0.48856099999999997
0.49020300000000006
0.491709
0.49310999999999994
0.49450199999999994
0.495859
0.497128
0.498386
0.49985999999999997

Vgs: 1.0
0.44430400000000003
0.44431
0.44436200000000003
0.44439300000000004
0.444444
0.444568
0.444997
0.446101
0.44897200000000004
0.453436
0.459909
0.46829499999999996
0.478508
0.49083099999999996
0.5045130000000001
0.519977
0.5360739999999999
0.5522940000000001
0.568649
0.584372
0.6000909999999999
0.615053
0.6296710000000001
0.643512
0.6572159999999999
0.670972
0.683588
0.696593
0.708375
0.72006
0.7301719999999999
0.743291
0.754266
0.764977
0.775532
0.785993
0.796002
0.805948
0.8152969999999999
0.82478
0.8341810000000001
0.84314
0.8524090000000001
0.860695
0.869128
0.877455
0.885432
0.8935339999999999
0.901393
0.9090619999999999
0.91641
0.923519
0.930722
0.937377
0.944106
0.950604
0.9568989999999999
0.963144
0.96418
0.964175
0.964157
0.964145
0.964165
0.9641190000000001
0.964224
0.982698
1.0106
1.0141200000000001
1.01814
1.02214
1.02621
1.0301500000000001
1.03393
1.03801
1.04183
1.04503
1.0484
1.0519500000000002
1.0552000000000001
1.05892
1.0624099999999999

Vgs: 1.5
0.677656
0.6776650000000001
0.67775
0.677801
0.6778609999999999
0.677987
0.6783330000000001
0.679335
0.681812
0.6859649999999999
0.692061
0.700271
0.710328
0.722772
0.736685
0.753098
0.770969
0.7902750000000001
0.812213
0.834283
0.858074
0.88244
0.906705
0.930168
0.953869
0.977002
0.999416
1.02624
1.04321
1.06412
1.08341
1.10402
1.1231200000000001
1.14167
1.15985
1.178
1.19533
1.21255
1.22922
1.24542
1.26173
1.2772000000000001
1.29282
1.30797
1.32296
1.3372499999999998
1.35128
1.3653300000000002
1.37875
1.3925400000000001
1.40524
1.41785
1.4304000000000001
1.4423599999999999
1.45434
1.4658900000000001
1.47716
1.48828
1.4978
1.5094500000000002
1.51954
1.52928
1.53885
1.54794
1.55669
1.5651199999999998
1.57299
1.58081
1.58799
1.5953199999999998
1.60253
1.60939
1.61547
1.62229
1.62883
1.6350900000000002
1.64138
1.64784
1.6544699999999999
1.6600199999999998
1.6658300000000001

Vgs: 2.0
0.918322
0.9183330000000001
0.9184300000000001
0.918498
0.918568
0.9186850000000001
0.919003
0.919936
0.922174
0.926019
0.93095
0.939678
0.949475
0.961921
0.975649
0.99208
1.01472
1.0310199999999998
1.0527900000000001
1.07592
1.10124
1.12802
1.1564100000000002
1.18557
1.2163
1.24881
1.28001
1.31189
1.34241
1.3731200000000001
1.40371
1.433
1.46248
1.4894
1.51775
1.54406
1.57009
1.5967799999999999
1.62053
1.6455
1.6695200000000001
1.69293
1.71378
1.73869
1.76083
1.78273
1.80363
1.8249600000000001
1.84545
1.86572
1.88514
1.90403
1.92321
1.9414600000000002
1.9602500000000003
1.9774900000000002
1.98065
1.9806300000000001
1.98065
1.98053
1.98049
1.98053
1.9804499999999998
2.04935
2.11589
2.12932
2.14175
2.1540600000000003
2.16549
2.17692
2.18765
2.1981800000000002
2.20926
2.2189
2.22871
2.23831
2.2477500000000004
2.25685
2.26591
2.2751300000000003
2.28406

Vgs: 2.5
1.16517
1.16518
1.1653
1.1653799999999999
1.16552
1.16561
1.16591
1.16675
1.16881
1.1723599999999998
1.17769
1.18544
1.19504
1.2069100000000001
1.2206700000000001
1.23719
1.25504
1.27459
1.29677
1.3198299999999998
1.34553
1.37241
1.40102
1.43096
1.459
1.49675
1.53139
1.56759
1.60562
1.64256
1.6819899999999999
1.72092
1.75914
1.79853
1.83478
1.87123
1.90711
1.9432399999999999
1.97671
2.01176
2.0442199999999997
2.07626
2.10786
2.1388599999999998
2.16935
2.1992700000000003
2.22799
2.2570799999999998
2.28462
2.3127199999999997
2.33952
2.36612
2.3921300000000003
2.41723
2.44237
2.4669499999999998
2.4915
2.51301
2.5369099999999998
2.55951
2.58181
2.60248
2.62351
2.64356
2.6631
2.68248
2.70053
2.71903
2.73582
2.75187
2.76746
2.78207
2.7965400000000002
2.81048
2.8237900000000002
2.83686
2.8493899999999996
2.86457
2.87475
2.88678
2.8976800000000003

Vgs: 3.0
1.41447
1.4144299999999999
1.41459
1.41469
1.41484
1.4149500000000002
1.41523
1.41602
1.41784
1.42125
1.4265
1.43381
1.4431800000000001
1.4550699999999999
1.4687299999999999
1.48446
1.50231
1.52189
1.54382
1.56715
1.59276
1.62011
1.64872
1.67909
1.71092
1.74519
1.78048
1.81764
1.8564
1.89448
1.9363299999999999
1.9781
2.0217899999999998
2.06657
2.10977
2.15612
2.1880900000000003
2.24565
2.28988
2.3328200000000003
2.3761799999999997
2.38383
2.3839400000000004
2.38397
2.384
2.3839799999999998
2.3839400000000004
2.3838700000000004
2.51634
2.71639
2.7595699999999996
2.7934
2.82859
2.86027
2.8930800000000003
2.9250499999999997
2.95577
2.98714
3.01677
3.04609
3.07491
3.1028000000000002
3.1276699999999997
3.1577900000000003
3.18381
3.20963
3.2340400000000002
3.25822
3.2812599999999996
3.30402
3.3257299999999996
3.3463299999999996
3.36663
3.3855600000000003
3.40385
3.42182
3.43817
3.45541
3.47126
3.48709
3.5027600000000003

Vgs: 3.5
1.66651
1.66656
1.66672
1.66681
1.66695
1.66709
1.66733
1.66808
1.66985
1.67309
1.67812
1.68516
1.69439
1.70619
1.71899
1.7348299999999999
1.75267
1.772
1.79386
1.81725
1.84264
1.86981
1.89888
1.92893
1.9616
1.9969100000000002
2.03094
2.06807
2.1057699999999997
2.14581
2.1878599999999997
2.23077
2.27501
2.3210800000000003
2.3658799999999998
2.41525
2.46494
2.5129
2.56511
2.61423
2.66592
2.7164699999999997
2.7677
2.8177
2.86668
2.9152
2.9620100000000003
3.00987
3.0178599999999998
3.0179
3.01784
3.0178100000000003
3.0178499999999997
3.01782
3.0177400000000003
3.16749
3.38535
3.42809
3.4655
3.50265
3.53931
3.5755399999999997
3.60915
3.64264
3.67634
3.70911
3.74039
3.77163
3.80123
3.82643
3.85944
3.88703
3.9135899999999997
3.93973
3.96423
3.9883999999999995
4.0105699999999995
4.03236
4.05257
4.07263
4.09221

Vgs: 4.0
1.92005
1.9200700000000002
1.9202299999999999
1.92036
1.92052
1.9206500000000002
1.92089
1.9216199999999999
1.92329
1.92637
1.93118
1.9380700000000002
1.94695
1.95809
1.97166
1.9868
2.00421
2.0234099999999997
2.04534
2.06921
2.09394
2.1210500000000003
2.15009
2.18078
2.21285
2.24688
2.28248
2.3198
2.35827
2.39799
2.4405799999999997
2.48134
2.5274099999999997
2.57439
2.61988
2.66859
2.71813
2.7711300000000003
2.81982
2.8734699999999997
2.92773
2.98218
3.03871
3.09464
3.1511400000000003
3.2078599999999997
3.2636700000000003
3.32015
3.37471
3.4294
3.48395
3.5355600000000003
3.58663
3.63659
3.68649
3.73553
3.78284
3.82965
3.87575
3.92083
3.96589
4.00827
4.05083
4.09192
4.12721
4.1732000000000005
4.21159
4.25036
4.28685
4.32306
4.359789999999999
4.39329
4.42675
4.45927
4.49107
4.52204
4.55274
4.581
4.6079099999999995
4.63468
4.65961

Vgs: 4.5
2.1747799999999997
2.17479
2.17497
2.17513
2.17529
2.17542
2.17572
2.1764
2.17797
2.18094
2.18563
2.19227
2.20082
2.21051
2.22468
2.24002
2.25739
2.27653
2.29894
2.32128
2.34659
2.3736
2.40258
2.43286
2.4649799999999997
2.50019
2.53491
2.5718400000000003
2.6102600000000002
2.65061
2.69285
2.73596
2.7807600000000003
2.82607
2.8732800000000003
2.9223500000000002
2.97219
3.02374
3.07731
3.1292199999999997
3.18426
3.24043
3.29681
3.35638
3.4128000000000003
3.47259
3.5325
3.5937400000000004
3.65567
3.71624
3.77066
3.8392999999999997
3.8997900000000003
3.9590199999999998
4.017869999999999
4.077940000000001
4.13249
4.18802
4.2423399999999996
4.2962299999999995
4.34905
4.39992
4.45187
4.50126
4.54858
4.59828
4.6444399999999995
4.69103
4.7354
4.78137
4.82337
4.864809999999999
4.9054199999999994
4.945169999999999
4.9849
5.023490000000001
5.05884
5.0952
5.12732
5.16361
5.19611

Vgs: 5.0
2.4302099999999998
2.43022
2.43043
2.43055
2.43075
2.43091
2.43122
2.43195
2.43348
2.4363599999999996
2.44092
2.44739
2.4560799999999996
2.46661
2.47921
2.4945700000000004
2.51132
2.53035
2.5516900000000002
2.5745400000000003
2.60013
2.62699
2.6556599999999997
2.68556
2.71905
2.7522800000000003
2.7825900000000003
2.82525
2.86385
2.9044000000000003
2.94628
2.9892600000000003
3.03393
3.0804
3.1277700000000004
3.1766300000000003
3.2264899999999996
3.27843
3.33212
3.3846100000000003
3.4395200000000004
3.4978499999999997
3.55267
3.6126
3.67103
3.7321899999999997
3.7909699999999997
3.8550899999999997
3.9159900000000003
3.9803
4.04556
4.10906
4.17499
4.2406
4.30516
4.3719600000000005
4.4370199999999995
4.502070000000001
4.56527
4.6281300000000005
4.6931
4.75262
4.81124
4.86974
4.926780000000001
4.98317
5.04132
5.093559999999999
5.14313
5.19892
5.24856
5.29931
5.34787
5.39431
5.4418
5.48667
5.529990000000001
5.57265
5.6149700000000005
5.6558
5.69424

Vgs: 5.5
2.6858899999999997
2.68594
2.68615
2.68634
2.68651
2.6867
2.68699
2.68766
2.68914
2.69198
2.696
2.7028
2.71102
2.7217000000000002
2.7345300000000003
2.7490200000000002
2.7659
2.78475
2.80591
2.82841
2.85404
2.88051
2.90952
2.93927
2.9691
3.00563
3.04176
3.0785500000000003
3.11668
3.1576199999999996
3.19971
3.24394
3.28775
3.33325
3.38153
3.43107
3.48054
3.5341
3.5842
3.6395500000000003
3.69447
3.7501700000000002
3.8082
3.85941
3.9268799999999997
3.98745
4.0488599999999995
4.11198
4.17474
4.242100000000001
4.306080000000001
4.37076
4.43771
4.5050799999999995
4.57339
4.64191
4.710319999999999
4.78217
4.84915
4.91975
4.98822
5.0563400000000005
5.124639999999999
5.19172
5.25878
5.32328
5.38583
5.4496400000000005
5.51018
5.5717
5.63015
5.68716
5.743919999999999
5.80142
5.8544
5.906149999999999
5.9562800000000005
6.007700000000001
6.05652
6.10495
6.151870000000001

Vgs: 6.0
2.94162
2.9416300000000004
2.94186
2.94203
2.9421999999999997
2.94238
2.94272
2.9434
2.94489
2.94762
2.95161
2.9582599999999997
2.9667
2.97683
2.9895
3.00396
3.02073
3.0391
3.06011
3.08349
3.1075299999999997
3.13433
3.16304
3.1932
3.22186
3.25926
3.29463
3.33255
3.3700200000000002
3.41101
3.45287
3.49628
3.54106
3.58691
3.63433
3.68384
3.73389
3.78584
3.8385200000000004
3.89223
3.94786
4.003760000000001
4.06416
4.122800000000001
4.181579999999999
4.24171
4.303030000000001
4.36838
4.4320699999999995
4.495299999999999
4.560759999999999
4.62716
4.69433
4.76197
4.83139
4.90036
4.97198
5.04201
5.11329
5.18651
5.25767
5.3297
5.40247
5.4751
5.54737
5.619800000000001
5.69047
5.7614
5.829339999999999
5.90032
5.96725
6.03438
6.0979
6.16045
6.22321
6.2846400000000004
6.34254
6.40254
6.46092
6.51769
6.5705800000000005

Vgs: 6.5
3.19748
3.1974899999999997
3.19765
3.1978000000000004
3.19799
3.1982
3.1985099999999997
3.1992000000000003
3.20065
3.20334
3.20766
3.21384
3.22195
3.23222
3.24433
3.25894
3.27544
3.29385
3.31475
3.33748
3.35915
3.38858
3.4169899999999997
3.44675
3.47944
3.51295
3.5490999999999997
3.58544
3.62352
3.6645100000000004
3.7064899999999996
3.7511300000000003
3.79443
3.84089
3.88806
3.93815
3.98764
4.03948
4.0931
4.14604
4.201490000000001
4.26013
4.316409999999999
4.37706
4.43514
4.4981
4.5574200000000005
4.621530000000001
4.68004
4.75057
4.81841
4.88333
4.95067
5.02101
5.09081
5.16067
5.22788
5.30049
5.3714
5.44767
5.5192000000000005
5.594
5.65832
5.7409799999999995
5.81718
5.89116
5.96433
6.03971
6.1144
6.19272
6.26351
6.337319999999999
6.40944
6.4806799999999996
6.5517900000000004
6.6207899999999995
6.67948
6.75576
6.82069
6.88497
6.94673

Vgs: 7.0
3.45299
3.45296
3.45303
3.45313
3.4533099999999997
3.4535299999999998
3.45379
3.45444
3.45591
3.45853
3.46284
3.46891
3.47681
3.48721
3.4991000000000003
3.51362
3.53016
3.5481800000000003
3.56902
3.59117
3.6164199999999997
3.64241
3.67163
3.67611
3.67612
3.67611
3.67611
3.67614
3.67618
3.7863800000000003
3.95636
4.00289
4.04861
4.09415
4.14105
4.190519999999999
4.24048
4.29283
4.344650000000001
4.39954
4.4550600000000005
4.51147
4.56974
4.62897
4.68826
4.7493099999999995
4.81085
4.87531
4.9350499999999995
5.00412
5.07009
5.137359999999999
5.207050000000001
5.27311
5.34315
5.41343
5.48498
5.555809999999999
5.62786
5.701709999999999
5.77534
5.84938
5.91879
5.99884
6.07679
6.15196
6.22793
6.30495
6.38092
6.4595199999999995
6.5360499999999995
6.61201
6.69057
6.76722
6.8424499999999995
6.9189300000000005
6.992360000000001
7.0708400000000005
7.13995
7.21179
7.28029

Vgs: 7.5
3.70811
3.7081399999999998
3.70811
3.70815
3.70818
3.70834
3.7085999999999997
3.70919
3.71065
3.71331
3.71757
3.72351
3.73127
3.7416099999999997
3.75366
3.76758
3.78392
3.8023000000000002
3.82278
3.84483
3.8696099999999998
3.8962499999999998
3.92439
3.9540799999999994
3.98367
4.0198100000000005
4.0555900000000005
4.093710000000001
4.13096
4.17103
4.21407
4.2569
4.3012
4.34764
4.39625
4.44391
4.49414
4.546900000000001
4.59844
4.6525300000000005
4.70789
4.76546
4.822640000000001
4.883290000000001
4.9413599999999995
5.00443
5.06381
5.12193
5.19127
5.25818
5.32299
5.39011
5.4577100000000005
5.525740000000001
5.596369999999999
5.66588
5.73642
5.80906
5.8815100000000005
5.95485
6.02909
6.1051400000000005
6.17871
6.25421
6.33122
6.407870000000001
6.48608
6.56184
6.64146
6.71973
6.7957399999999994
6.87678
6.95298
7.03096
7.10888
7.18768
7.26587
7.3457799999999995
7.4216999999999995
7.50204
7.57273

Vgs: 8.0
3.9623000000000004
3.9622800000000002
3.96217
3.9621600000000003
3.96218
3.9622900000000003
3.96255
3.9631299999999996
3.9645
3.96713
3.97124
3.9772000000000003
3.98501
3.9949399999999997
4.00682
4.021120000000001
4.03725
4.05565
4.07601
4.0979600000000005
4.12268
4.1502099999999995
4.1779
4.20741
4.23995
4.273540000000001
4.30891
4.34708
4.383920000000001
4.42458
4.46852
4.510260000000001
4.555540000000001
4.6005899999999995
4.64825
4.69881
4.7484
4.8005
4.85279
4.90644
4.96215
5.01836
5.07675
5.13672
5.19529
5.25648
5.31788
5.38152
5.44496
5.51098
5.57692
5.6437800000000005
5.71077
5.77899
5.84844
5.9203600000000005
5.9896
6.06239
6.13448
6.20837
6.28248
6.35268
6.43299
6.50873
6.58497
6.66331
6.73823
6.81658
6.89381
6.97328
7.0515300000000005
7.12986
7.21021
7.288349999999999
7.37149
7.4483
7.5269
7.60736
7.68585
7.7663400000000005
7.845070000000001
