Vgs range: 0,8,0.5
Vds range: 0,8,0.1

Vgs: 0.0
3.47916e-05
0.043816
0.0875749
0.131372
0.175322
0.219447
0.26378
0.30838000000000004
0.35330399999999995
0.398555
0.444144
0.490104
0.5364150000000001
0.583069
0.63006
0.677363
0.724979
0.772849
0.8209759999999999
0.869343
0.917926
0.966245
1.0168300000000001
1.06595
1.11541
1.16483
1.21459
1.26426
1.3140999999999998
1.36419
1.4142
1.4644899999999998
1.5147400000000002
1.56521
1.61559
1.66625
1.7167599999999998
1.76752
1.81817
1.8690499999999999
1.9197899999999999
1.9707999999999999
2.02164
2.07252
2.1235999999999997
2.17453
2.22563
2.2766599999999997
2.32788
2.3788799999999997
2.43011
2.4811799999999997
2.53245
2.58358
2.6348700000000003
2.686
2.73713
2.78841
2.83955
2.89084
2.94196
2.9932700000000003
3.04441
3.09567
3.14679
3.19805
3.24912
3.3003899999999997
3.3515099999999998
3.40267
3.45379
3.5048700000000004
3.55607
3.60713
3.65835
3.70944
3.7605999999999997
3.8115900000000003
3.8627800000000003
3.9137699999999995
3.96492

Vgs: 0.5
-1.50875e-07
0.044038900000000006
0.0878182
0.13161
0.17554899999999998
0.219676
0.26401600000000003
0.30861700000000003
0.353553
0.39879899999999996
0.444391
0.490345
0.5366690000000001
0.5833360000000001
0.630325
0.677634
0.7252489999999999
0.7731250000000001
0.821255
0.869631
0.918219
0.96655
1.01717
1.0663
1.11575
1.16519
1.2149299999999998
1.26464
1.31444
1.36452
1.4146
1.46489
1.5151299999999999
1.56558
1.61596
1.66668
1.71718
1.76796
1.81864
1.8695199999999998
1.92028
1.9712200000000002
2.02211
2.07299
2.1241
2.17507
2.22622
2.27725
2.32848
2.37952
2.43075
2.48189
2.5331300000000003
2.5842500000000004
2.63555
2.68667
2.73782
2.78915
2.8403
2.89159
2.94273
2.99399
3.04516
3.0964
3.1474200000000003
3.19874
3.24982
3.30104
3.35205
3.40323
3.45432
3.5053699999999997
3.55645
3.60737
3.6585099999999997
3.7094300000000002
3.7605
3.81139
3.86246
3.9133099999999996
3.9643100000000002

Vgs: 1.0
-2.34105e-07
0.0505547
0.0993354
0.14644
0.192178
0.23694300000000001
0.281314
0.32572599999999996
0.370434
0.415495
0.460835
0.506547
0.5526319999999999
0.599052
0.64581
0.6928960000000001
0.740288
0.7879430000000001
0.835862
0.884026
0.932414
0.980568
1.03099
1.07994
1.12919
1.1784899999999998
1.22806
1.27759
1.32732
1.37726
1.42711
1.4773
1.52744
1.57782
1.62814
1.6786800000000002
1.72909
1.77972
1.83033
1.88116
1.9317799999999998
1.98271
2.0335
2.08427
2.13528
2.18621
2.2373100000000004
2.28824
2.33945
2.39048
2.44167
2.4927099999999998
2.54392
2.59501
2.6462399999999997
2.69732
2.7484100000000002
2.7997
2.8507900000000004
2.90202
2.95313
3.00439
3.05545
3.1067
3.15776
3.20899
3.26001
3.31119
3.36228
3.4134
3.4644
3.51537
3.56644
3.61736
3.66845
3.7193
3.77035
3.82114
3.8721200000000002
3.92288
3.9737799999999996

Vgs: 1.5
1.18141e-05
0.0582038
0.115079
0.170492
0.224553
0.277264
0.32863800000000004
0.37871299999999997
0.42757199999999995
0.475314
0.522205
0.5686559999999999
0.615042
0.661564
0.7083389999999999
0.755408
0.802745
0.850329
0.898151
0.946184
0.994438
1.0439500000000002
1.09276
1.14147
1.1905299999999999
1.23959
1.2889799999999998
1.33831
1.38774
1.43749
1.48708
1.53702
1.5868600000000002
1.63697
1.6869999999999998
1.73731
1.78747
1.83792
1.8882700000000001
1.93885
1.9893200000000002
2.03998
2.09055
2.14109
2.1919
2.2425800000000002
2.29344
2.3442
2.39522
2.4460100000000002
2.497
2.54784
2.59891
2.64982
2.7008599999999996
2.7518
2.8027
2.85382
2.90478
2.95587
3.0068400000000004
3.05796
3.1089300000000004
3.16003
3.21094
3.26206
3.31299
3.36409
3.41503
3.4659999999999997
3.5169099999999998
3.5677600000000003
3.6187300000000002
3.6696
3.72059
3.77138
3.82235
3.8730499999999997
3.92395
3.9746699999999997
4.0255

Vgs: 2.0
-4.9206e-07
0.06461650000000001
0.128155
0.190621
0.252147
0.312772
0.372523
0.431436
0.48945200000000005
0.546418
0.602213
0.6567580000000001
0.709966
0.761799
0.8123600000000001
0.86184
0.910606
0.958958
1.00875
1.0571000000000002
1.10557
1.15378
1.2026999999999999
1.25157
1.30072
1.34987
1.39925
1.44855
1.49799
1.54774
1.5973199999999999
1.64723
1.69703
1.74709
1.79704
1.84724
1.8972900000000001
1.94761
1.9978600000000002
2.04828
2.09857
2.1491000000000002
2.1995500000000003
2.24994
2.30066
2.35118
2.40191
2.4524999999999997
2.5033
2.55396
2.6047599999999997
2.65543
2.70634
2.75704
2.80797
2.85878
2.90952
2.9605099999999998
3.01131
3.0621899999999997
3.1130099999999996
3.16399
3.2148
3.26574
3.31657
3.36754
3.41832
3.46927
3.52011
3.57106
3.62188
3.6726699999999997
3.72356
3.77434
3.82532
3.87603
3.9269200000000004
3.9776100000000003
4.02846
4.07914
4.12998

Vgs: 2.5
1.11997e-06
0.0699516
0.139106
0.20746699999999998
0.275237
0.342514
0.409416
0.475962
0.5421370000000001
0.607711
0.6725709999999999
0.736553
0.799464
0.861186
0.9215570000000001
0.9804709999999999
1.0393
1.09512
1.1493499999999999
1.2021899999999999
1.2537
1.3037999999999998
1.35384
1.40339
1.4530800000000001
1.50256
1.55236
1.6019599999999998
1.65164
1.70159
1.75141
1.8014999999999999
1.8514300000000001
1.90158
1.9516900000000001
2.00201
2.0521
2.10243
2.1527
2.2031199999999997
2.25344
2.3039699999999996
2.3543700000000003
2.40478
2.4554400000000003
2.50591
2.5565700000000002
2.60716
2.65794
2.70847
2.75926
2.80987
2.86073
2.91135
2.96219
3.01286
3.06352
3.1144100000000003
3.16513
3.2159400000000002
3.26662
3.3175499999999998
3.3682600000000003
3.41915
3.46987
3.52081
3.5715299999999996
3.62245
3.67324
3.72417
3.7749300000000003
3.82568
3.8766
3.9273800000000003
3.9782999999999995
4.02905
4.079969999999999
4.13077
4.1817
4.232419999999999
4.2833000000000006

Vgs: 3.0
-5.9990999999999995e-05
0.07438879999999999
0.14845599999999998
0.22197
0.29518900000000003
0.36826600000000004
0.441381
0.51457
0.587817
0.6608850000000001
0.733633
0.805869
0.877411
0.9480810000000001
1.01921
1.08767
1.15489
1.22071
1.28503
1.3477299999999999
1.4087800000000001
1.46757
1.5253599999999998
1.58121
1.63573
1.68861
1.74059
1.7916699999999999
1.84233
1.8929699999999998
1.9433099999999999
1.9938500000000001
2.04418
2.0946599999999997
2.14503
2.19562
2.24602
2.29663
2.34708
2.39772
2.4482000000000004
2.49892
2.54942
2.59992
2.65068
2.70128
2.7520000000000002
2.8025900000000004
2.85341
2.90397
2.95478
3.00542
3.05621
3.1068900000000004
3.15773
3.2084
3.25903
3.30987
3.36058
3.41137
3.4620699999999998
3.51294
3.5636
3.61447
3.6651499999999997
3.71603
3.76673
3.81765
3.86841
3.9192799999999997
3.97005
4.02085
4.071759999999999
4.12253
4.17354
4.22438
4.275379999999999
4.32626
4.37728
4.42818
4.47924

Vgs: 3.5
-0.000105079
0.0783817
0.156643
0.23460199999999998
0.31258600000000003
0.390786
0.469412
0.548542
0.62811
0.707862
0.7876270000000001
0.867198
0.9464049999999999
1.02644
1.10439
1.1814
1.25745
1.33228
1.40586
1.4781600000000001
1.5489499999999998
1.61763
1.68548
1.75136
1.81576
1.8782
1.93903
1.99787
2.05499
2.11067
2.16471
2.21782
2.26985
2.32153
2.37281
2.42406
2.47502
2.52606
2.5769
2.62792
2.6787400000000003
2.72974
2.7805199999999997
2.83134
2.88234
2.93314
2.98408
3.0348699999999997
3.0858600000000003
3.13659
3.18751
3.23829
3.2892
3.33991
3.3907999999999996
3.44151
3.4922
3.5431299999999997
3.5938
3.64463
3.6953099999999997
3.74619
3.79682
3.8477
3.89838
3.9492299999999996
3.9999500000000006
4.05082
4.10151
4.1523699999999995
4.20314
4.25389
4.30476
4.355569999999999
4.40653
4.45741
4.50851
4.55938
4.61047
4.66143
4.71263

Vgs: 4.0
-0.000110186
0.0819851
0.164039
0.24598399999999998
0.32821100000000003
0.41101499999999996
0.49463700000000005
0.579137
0.664434
0.750255
0.83639
0.922621
1.01014
1.0959299999999998
1.18121
1.26587
1.34978
1.43272
1.51468
1.59543
1.67496
1.75254
1.82963
1.9048800000000001
1.9789299999999999
2.05112
2.1218399999999997
2.19068
2.25773
2.3231699999999997
2.3865700000000003
2.44842
2.50821
2.56646
2.62283
2.67798
2.73165
2.78468
2.83695
2.88904
2.94066
2.9923200000000003
3.04368
3.09491
3.1463300000000003
3.19753
3.24876
3.29986
3.35119
3.40221
3.4534000000000002
3.50439
3.55557
3.6065
3.6575599999999997
3.70845
3.75926
3.8103
3.86107
3.9119699999999997
3.96273
4.0136
4.06431
4.11525
4.16592
4.21679
4.267469999999999
4.31829
4.36897
4.41979
4.47051
4.52116
4.5719899999999996
4.622730000000001
4.67367
4.7244399999999995
4.77529
4.8261
4.87719
4.92804
4.97914

Vgs: 4.5
-0.00012095499999999998
0.0851766
0.170615
0.256138
0.342174
0.42912799999999995
0.517276
0.606699
0.697249
0.788623
0.880606
0.972941
1.06673
1.15908
1.2511899999999998
1.34279
1.4339000000000002
1.52415
1.6136300000000001
1.7022199999999998
1.7897
1.87535
1.9607499999999998
2.04449
2.1272
2.2083
2.28817
2.36617
2.44265
2.5177799999999997
2.59088
2.66257
2.73223
2.80026
2.86626
2.93063
2.99286
3.05356
3.1122
3.16934
3.2248799999999997
3.27942
3.33291
3.38571
3.43832
3.49045
3.54244
3.59422
3.64606
3.69755
3.74915
3.8005
3.85195
3.90322
3.95463
4.00577
4.0568599999999995
4.10813
4.15922
4.21033
4.26131
4.31239
4.36328
4.41431
4.4651
4.51603
4.566739999999999
4.61754
4.6682
4.71899
4.76977
4.82035
4.871099999999999
4.92172
4.97254
5.02322
5.07409
5.12476
5.17567
5.22639
5.27743

Vgs: 5.0
-0.000127329
0.0879393
0.17627199999999998
0.26487
0.35428
0.444936
0.537176
0.631022
0.726317
0.822729
0.919992
1.01925
1.11747
1.21583
1.31409
1.41215
1.50983
1.6069
1.70328
1.79891
1.8935899999999999
1.9866
2.07955
2.1710100000000003
2.2616300000000003
2.3506899999999997
2.43874
2.52513
2.61012
2.69395
2.77588
2.85666
2.9355
3.0128899999999996
3.08835
3.1623200000000002
3.23419
3.30456
3.37292
3.43962
3.50412
3.56701
3.62798
3.6871400000000003
3.74487
3.801
3.8561
3.91008
3.96361
4.01642
4.0691299999999995
4.12131
4.17356
4.22548
4.27737
4.32902
4.38056
4.43215
4.4835400000000005
4.53493
4.58617
4.63758
4.68866
4.73987
4.79094
4.8421
4.89298
4.944030000000001
4.994809999999999
5.04573
5.0964599999999995
5.14711
5.19782
5.24841
5.29918
5.3496999999999995
5.40043
5.45102
5.50172
5.55233
5.60308

Vgs: 5.5
-0.00013239300000000002
0.09026580000000001
0.18108
0.272338
0.364681
0.458592
0.5544
0.652193
0.751727
0.852641
0.954704
1.05889
1.1623700000000001
1.26617
1.3699599999999998
1.47379
1.5774700000000001
1.68069
1.78335
1.88554
1.9868899999999998
2.08662
2.18649
2.2851
2.3825000000000003
2.47921
2.57196
2.66556
2.75975
2.8533
2.94326
3.03077
3.1179300000000003
3.20379
3.2879099999999997
3.37072
3.45147
3.5310099999999998
3.60994
3.6859100000000002
3.75983
3.83228
3.90268
3.96962
4.03694
4.10142
4.16447
4.22565
4.285299999999999
4.34307
4.39966
4.4548499999999995
4.50941
4.5629800000000005
4.616409999999999
4.66949
4.72163
4.77415
4.82623
4.878150000000001
4.9302
4.97982
5.02959
5.08196
5.13533
5.18667
5.2383999999999995
5.2897300000000005
5.34074
5.39096
5.44145
5.49423
5.54695
5.59641
5.64632
5.696879999999999
5.74757
5.79819
5.84888
5.89915
5.94976

Vgs: 6.0
-0.000134953
0.09214320000000001
0.184822
0.278108
0.372778
0.469242
0.5680729999999999
0.668979
0.772008
0.876687
0.982697
1.0910799999999998
1.19894
1.30727
1.41586
1.52461
1.63336
1.74183
1.8499700000000001
1.9577200000000001
2.06478
2.17023
2.27612
2.3810599999999997
2.48538
2.58845
2.6906999999999996
2.79148
2.89105
2.98989
3.08716
3.1834599999999997
3.27829
3.37166
3.46347
3.55412
3.64302
3.7305699999999997
3.81621
3.90054
3.9829799999999995
4.06407
4.14316
4.2206600000000005
4.29662
4.36839
4.44028
4.5102
4.57848
4.64496
4.7098
4.77252
4.83389
4.8932
4.95134
5.00768
5.063070000000001
5.117970000000001
5.1718399999999995
5.22553
5.27855
5.33118
5.38312
5.43575
5.48784
5.53955
5.5910400000000005
5.64275
5.69423
5.74571
5.79707
5.84803
5.899220000000001
5.95006
6.00101
6.05168
6.1025
6.15304
6.203720000000001
6.25408
6.30659

Vgs: 6.5
-0.00014123600000000001
0.0935073
0.187821
0.282866
0.37939799999999996
0.478033
0.5791630000000001
0.6828
0.78874
0.896764
1.0083099999999998
1.118
1.23037
1.34344
1.45591
1.57081
1.68392
1.79499
1.9081000000000001
2.02104
2.13349
2.24447
2.35607
2.46665
2.577
2.6849
2.79365
2.90073
3.00694
3.1120200000000002
3.21585
3.31908
3.42074
3.52043
3.61993
3.71794
3.8141999999999996
3.9093799999999996
4.00276
4.0950999999999995
4.18578
4.27462
4.36172
4.44726
4.53165
4.61403
4.69472
4.773689999999999
4.85099
4.92626
4.99997
5.071510000000001
5.1414599999999995
5.20943
5.2763
5.34064
5.40338
5.464250000000001
5.5239199999999995
5.5819399999999995
5.63858
5.6942900000000005
5.74882
5.802930000000001
5.85644
5.90964
5.96219
6.01446
6.06703
6.1189599999999995
6.16698
6.21719
6.26898
6.3199700000000005
6.37126
6.42236
6.4783599999999995
6.52916
6.57999
6.63048
6.68118

Vgs: 7.0
-0.000145048
0.09494559999999999
0.190858
0.287304
0.385315
0.486131
0.588985
0.695134
0.803527
0.914049
1.027
1.14088
1.2564099999999998
1.3726
1.48888
1.60515
1.72214
1.8392
1.9566499999999998
2.07493
2.19245
2.30757
2.42182
2.5397000000000003
2.65477
2.77027
2.8844
2.99744
3.1068599999999997
3.2183300000000004
3.32836
3.4375299999999998
3.54779
3.65427
3.75983
3.8640800000000004
3.9678999999999998
4.06849
4.17332
4.27551
4.37598
4.47269
4.56773
4.66108
4.75341
4.84084
4.92964
5.01668
5.10257
5.18637
5.26851
5.34886
5.42776
5.50478
5.58019
5.65343
5.7247
5.794020000000001
5.86155
5.9242
5.99278
6.058789999999999
6.11477
6.17424
6.23123
6.289420000000001
6.34501
6.40092
6.45425
6.50831
6.56135
6.613980000000001
6.666659999999999
6.718509999999999
6.77061
6.82207
6.872890000000001
6.92508
6.9753799999999995
7.02676
7.07808

Vgs: 7.5
-0.000160479
0.09608660000000001
0.193145
0.291091
0.39081
0.493009
0.598071
0.706005
0.816577
0.929323
1.04535
1.16158
1.27907
1.3975199999999999
1.51685
1.63672
1.75713
1.87769
1.9984899999999999
2.1192699999999998
2.24002
2.35945
2.48013
2.5998699999999997
2.71969
2.83855
2.9574
3.07508
3.19217
3.30899
3.42457
3.53979
3.6538299999999997
3.7669
3.8788899999999997
3.99011
4.10083
4.20965
4.31689
4.42314
4.52774
4.63138
4.73177
4.83223
4.93208
5.029439999999999
5.12573
5.22031
5.31342
5.40472
5.49465
5.58269
5.66933
5.75427
5.83743
5.91885
5.99827
6.07647
6.15267
6.22638
6.30058
6.37625
6.44525
6.51256
6.5777
6.6415500000000005
6.70673
6.7685699999999995
6.82531
6.885149999999999
6.94103
6.99694
7.0506400000000005
7.104830000000001
7.1572700000000005
7.20779
7.2605200000000005
7.31386
7.36463
7.41852
7.471509999999999

Vgs: 8.0
-0.00016785299999999998
0.09730870000000001
0.195662
0.294995
0.39624099999999995
0.5001129999999999
0.607048
0.7170139999999999
0.829776
0.9449000000000001
1.06321
1.1818899999999999
1.3020399999999999
1.42322
1.54537
1.66879
1.79184
1.91554
2.0394699999999997
2.1635299999999997
2.28759
2.41041
2.53449
2.65782
2.7813299999999996
2.90368
3.0263199999999997
3.14784
3.26855
3.3894200000000003
3.50941
3.62981
3.74827
3.86633
3.98265
4.09883
4.21337
4.3276900000000005
4.44066
4.5532200000000005
4.66412
4.7744
4.88313
4.9905100000000004
5.09698
5.20155
5.3051900000000005
5.40693
5.507210000000001
5.60576
5.70301
5.79894
5.8928899999999995
5.98577
6.077100000000001
6.16606
6.25384
6.34021
6.42478
6.50723
6.5877799999999995
6.667260000000001
6.74444
6.82012
6.89395
6.965
7.03522
7.103680000000001
7.170540000000001
7.23548
7.30161
7.36285
7.42281
7.48141
7.53894
7.59489
7.64968
7.70429
7.7578
7.8116200000000005
7.8647100000000005
