Vgs range: 0,8,0.5
Vds range: 0,8,0.1

Vgs: 0.0
3.27873e-05
0.0437964
0.0875273
0.131301
0.175239
0.21935
0.263672
0.30826699999999996
0.353178
0.398414
0.443996
0.48993699999999996
0.536237
0.582884
0.6298640000000001
0.677159
0.724758
0.77262
0.8207340000000001
0.869084
0.917656
0.966016
1.01661
1.0656999999999999
1.11516
1.16454
1.21426
1.26394
1.31376
1.36385
1.4138499999999998
1.46418
1.51436
1.56483
1.6151799999999998
1.66584
1.7163300000000001
1.76709
1.81773
1.8686
1.91933
1.9703099999999998
2.02114
2.07203
2.12314
2.1740700000000004
2.22517
2.27616
2.32735
2.37841
2.4296
2.48066
2.53193
2.5829999999999997
2.63429
2.6854299999999998
2.73651
2.78779
2.83893
2.89018
2.9413199999999997
2.9926000000000004
3.04372
3.09495
3.1460899999999996
3.1972799999999997
3.24836
3.29966
3.35078
3.40198
3.45307
3.50414
3.55527
3.6063300000000003
3.6575100000000003
3.70856
3.7597
3.8107100000000003
3.8618900000000003
3.91281
3.96395

Vgs: 0.5
-3.15222e-07
0.044024
0.0877904
0.131576
0.175503
0.21961
0.26393500000000003
0.308531
0.353455
0.398699
0.444293
0.49023800000000006
0.536547
0.5831970000000001
0.630182
0.677478
0.7250829999999999
0.77294
0.82106
0.869425
0.917995
0.9663160000000001
1.01702
1.06612
1.11557
1.16498
1.21469
1.26437
1.3141699999999998
1.36429
1.4143000000000001
1.46462
1.51485
1.5653
1.6156899999999998
1.6663400000000002
1.71682
1.76759
1.81825
1.86911
1.91987
1.97086
2.02168
2.07254
2.12364
2.17458
2.22572
2.27674
2.32797
2.379
2.43022
2.48131
2.53258
2.58366
2.63497
2.6860999999999997
2.7372
2.78852
2.83962
2.8909000000000002
2.94204
2.99335
3.0444299999999997
3.0956799999999998
3.14678
3.19802
3.24907
3.3003
3.3513599999999997
3.4024799999999997
3.4535299999999998
3.50453
3.55559
3.6065899999999997
3.6577200000000003
3.70863
3.7597
3.8105700000000002
3.86164
3.9124600000000003
3.96347

Vgs: 1.0
-4.33506e-07
0.0505945
0.0994024
0.146529
0.192272
0.237039
0.281398
0.325803
0.370482
0.415476
0.46082399999999996
0.506544
0.552629
0.599055
0.645814
0.6928909999999999
0.7402869999999999
0.787933
0.83585
0.884007
0.932388
0.9805339999999999
1.03093
1.0798699999999999
1.12914
1.1784199999999998
1.22798
1.27748
1.32716
1.37713
1.42697
1.47723
1.52731
1.57762
1.62795
1.67829
1.7287400000000002
1.77945
1.83007
1.8808399999999998
1.93152
1.98243
2.03316
2.08398
2.13502
2.18593
2.23698
2.28795
2.3391200000000003
2.3900900000000003
2.44128
2.4922899999999997
2.54353
2.5946
2.64583
2.69694
2.74803
2.79929
2.85038
2.9015999999999997
2.9527099999999997
3.00395
3.05503
3.10632
3.15735
3.20861
3.25958
3.31074
3.36178
3.4129199999999997
3.46388
3.51481
3.56595
3.61685
3.66791
3.71876
3.76972
3.82052
3.87151
3.92227
3.9732200000000004

Vgs: 1.5
-4.59017e-07
0.0583087
0.11518
0.170607
0.224691
0.277408
0.328804
0.378904
0.4278
0.475554
0.522462
0.568924
0.6152869999999999
0.661816
0.708599
0.7556620000000001
0.803007
0.8505659999999999
0.898377
0.94641
0.994647
1.04409
1.09279
1.14152
1.19055
1.23957
1.28893
1.3382699999999998
1.38772
1.4374399999999998
1.48708
1.53707
1.5869199999999999
1.637
1.6870800000000001
1.73742
1.78758
1.83799
1.88835
1.9388999999999998
1.9893200000000002
2.04
2.09056
2.14111
2.1919399999999998
2.24261
2.29344
2.34421
2.3951599999999997
2.44596
2.49698
2.54782
2.59885
2.64971
2.70081
2.75174
2.80261
2.85372
2.90469
2.95579
3.0067399999999997
3.0579
3.10879
3.1598699999999997
3.21084
3.26195
3.31279
3.3638600000000003
3.41479
3.4658100000000003
3.51675
3.56761
3.61862
3.66947
3.72043
3.77121
3.82214
3.8728399999999996
3.92374
3.97441
4.02525

Vgs: 2.0
-1.4404600000000001e-05
0.0645511
0.128149
0.190645
0.252196
0.31282899999999997
0.37259499999999995
0.431522
0.489554
0.5465300000000001
0.602367
0.656929
0.710151
0.762001
0.8125880000000001
0.862086
0.910851
0.959212
1.00891
1.05728
1.10575
1.15395
1.2028500000000002
1.25166
1.30082
1.3499
1.39931
1.44861
1.4981
1.5478
1.59743
1.6473099999999998
1.69708
1.74712
1.7970300000000001
1.84727
1.89733
1.94766
1.99782
2.0482199999999997
2.09855
2.14902
2.1994599999999997
2.24989
2.30057
2.35108
2.4017600000000003
2.45231
2.50311
2.55375
2.60456
2.65524
2.7060600000000004
2.75677
2.80768
2.85842
2.90918
2.96015
3.0109
3.06186
3.11262
3.1635600000000004
3.2143699999999997
3.26531
3.31616
3.36708
3.41792
3.46886
3.51966
3.5706
3.62137
3.67218
3.72306
3.7738799999999997
3.82475
3.8755
3.9264
3.97709
4.027880000000001
4.07852
4.1293500000000005

Vgs: 2.5
-1.6667400000000002e-05
0.06988140000000001
0.139082
0.207464
0.27525299999999997
0.34253300000000003
0.409437
0.476005
0.542184
0.607788
0.6726570000000001
0.736648
0.799577
0.861329
0.921709
0.980654
1.03951
1.0953499999999998
1.14963
1.2024299999999999
1.25392
1.30403
1.35409
1.40363
1.4533099999999999
1.5028299999999999
1.55249
1.6020999999999999
1.65179
1.7017200000000001
1.75152
1.8016
1.8516
1.9017000000000002
1.9518
2.00212
2.05224
2.1026399999999996
2.15293
2.20334
2.25365
2.30416
2.3545599999999998
2.40493
2.45561
2.50607
2.55675
2.60727
2.65799
2.7085299999999997
2.75932
2.8098899999999998
2.86068
2.91131
2.9621399999999998
3.01281
3.06345
3.1143400000000003
3.16505
3.21589
3.26661
3.31746
3.36814
3.41902
3.46972
3.5206399999999998
3.57137
3.62227
3.67301
3.72392
3.77468
3.82543
3.87631
3.9271100000000003
3.9779899999999997
4.02876
4.07963
4.13036
4.18126
4.23195
4.28284

Vgs: 3.0
-3.20194e-05
0.07447169999999999
0.148516
0.221974
0.295129
0.36815699999999996
0.441242
0.514426
0.587686
0.6607759999999999
0.733548
0.8058
0.877382
0.948099
1.01922
1.08775
1.1550200000000002
1.2208500000000002
1.28518
1.3478999999999999
1.40895
1.4677799999999999
1.5256
1.5815
1.63596
1.6889100000000001
1.7409000000000001
1.7919800000000001
1.84269
1.89328
1.94363
1.9941400000000002
2.04442
2.09493
2.14527
2.19586
2.2462400000000002
2.29685
2.34725
2.39792
2.44843
2.4991499999999998
2.54968
2.6002199999999998
2.65099
2.7015
2.75224
2.80278
2.8536
2.90421
2.95499
3.00562
3.0564
3.10701
3.1578399999999998
3.20856
3.2591400000000004
3.30999
3.3606399999999996
3.41146
3.4621399999999998
3.51302
3.56367
3.6145
3.6652
3.71606
3.76674
3.81765
3.86842
3.9193199999999995
3.97004
4.02082
4.071759999999999
4.12254
4.17352
4.2243699999999995
4.27532
4.32615
4.37716
4.42802
4.47908

Vgs: 3.5
-3.6811200000000004e-05
0.0785293
0.156827
0.23475100000000002
0.312658
0.390789
0.46939
0.548498
0.628081
0.7078479999999999
0.787639
0.867265
0.9464849999999999
1.02648
1.10443
1.1814900000000002
1.25753
1.3324
1.40602
1.47826
1.54908
1.61778
1.6856499999999999
1.75158
1.8159999999999998
1.87843
1.93927
1.99813
2.05527
2.11097
2.16501
2.21812
2.2701599999999997
2.32184
2.37311
2.4243699999999997
2.4752799999999997
2.5263299999999997
2.57721
2.62821
2.67901
2.73001
2.78082
2.83161
2.88255
2.93334
2.9843
3.0351000000000004
3.0861
3.13686
3.1877899999999997
3.23853
3.28942
3.3401199999999998
3.39103
3.44174
3.4923900000000003
3.54332
3.59402
3.6448
3.6954800000000003
3.74632
3.797
3.84784
3.89855
3.9494300000000004
4.00009
4.05097
4.1017
4.1526000000000005
4.20331
4.25402
4.3049100000000005
4.355720000000001
4.40672
4.45756
4.5085999999999995
4.5594600000000005
4.61059
4.66159
4.71277

Vgs: 4.0
-3.9088900000000004e-05
0.0821345
0.16422299999999998
0.24612599999999998
0.328276
0.411002
0.494573
0.579055
0.6643699999999999
0.7501990000000001
0.836352
0.922587
1.01014
1.09592
1.18129
1.26599
1.34986
1.4328100000000001
1.5147400000000002
1.59556
1.67511
1.75267
1.82978
1.9050600000000002
1.97914
2.05134
2.12208
2.1908700000000003
2.2579800000000003
2.32351
2.38695
2.44875
2.50855
2.56675
2.62318
2.6783
2.73203
2.78505
2.8373299999999997
2.88934
2.94099
2.99266
3.0440300000000002
3.09525
3.1466
3.1978000000000004
3.2490599999999996
3.30015
3.3514299999999997
3.40244
3.45358
3.5045800000000003
3.55572
3.6066499999999997
3.6577900000000003
3.7086799999999998
3.75944
3.81048
3.8613
3.9121499999999996
3.9629499999999998
4.01388
4.06459
4.11545
4.1661
4.21697
4.267639999999999
4.31843
4.36912
4.41992
4.4706399999999995
4.52131
4.57215
4.62289
4.673830000000001
4.72462
4.77557
4.82645
4.87752
4.92849
4.97962

Vgs: 4.5
-5.10529e-05
0.085356
0.17078
0.25622
0.342163
0.42904800000000004
0.517165
0.606554
0.697107
0.788497
0.880495
0.9728249999999999
1.06674
1.15913
1.2512
1.34283
1.43391
1.5242
1.61367
1.70221
1.78971
1.87537
1.96079
2.04456
2.12727
2.20827
2.2881400000000003
2.36616
2.44263
2.51776
2.59086
2.6625099999999997
2.73213
2.80014
2.86616
2.93052
2.99281
3.05341
3.1121600000000003
3.16945
3.22498
3.27963
3.33305
3.38589
3.43852
3.49065
3.54266
3.5943799999999997
3.6461900000000003
3.69771
3.7492900000000002
3.8005999999999998
3.85206
3.9032799999999996
3.95468
4.00586
4.0569500000000005
4.1081900000000005
4.15924
4.21037
4.2613199999999996
4.31249
4.36341
4.414409999999999
4.46514
4.516100000000001
4.56679
4.61763
4.66834
4.71915
4.7698100000000005
4.82043
4.871160000000001
4.92183
4.97266
5.02326
5.07411
5.12483
5.17575
5.226500000000001
5.27751

Vgs: 5.0
-4.44416e-05
0.0880843
0.176444
0.265003
0.35430500000000004
0.444863
0.537034
0.630822
0.726089
0.822509
0.919806
1.01918
1.11742
1.21578
1.31405
1.41209
1.50972
1.6067799999999999
1.70321
1.7988
1.89345
1.9864700000000002
2.07946
2.17096
2.2616
2.3506199999999997
2.4387100000000004
2.52507
2.61001
2.69385
2.7758599999999998
2.85652
2.9353700000000003
3.01267
3.08817
3.16219
3.23406
3.30451
3.37272
3.43933
3.5038500000000004
3.5668100000000003
3.6276699999999997
3.68685
3.74459
3.8007
3.85581
3.9097999999999997
3.9633599999999998
4.0161
4.06876
4.121009999999999
4.17321
4.22503
4.27694
4.3286
4.38015
4.43178
4.48312
4.5345699999999995
4.58581
4.63717
4.688280000000001
4.73946
4.79047
4.84162
4.892460000000001
4.94356
4.994389999999999
5.04531
5.09615
5.146859999999999
5.1976
5.2482
5.29899
5.34961
5.40032
5.45082
5.50149
5.55205
5.6028400000000005

Vgs: 5.5
-5.80972e-05
0.090403
0.181258
0.27246699999999996
0.364703
0.45850799999999997
0.554257
0.651971
0.7514890000000001
0.852394
0.954435
1.05871
1.16218
1.26597
1.3698899999999998
1.47366
1.57727
1.68049
1.78319
1.8852
1.98655
2.08624
2.18621
2.2847700000000004
2.38267
2.47907
2.5745999999999998
2.6686
2.76141
2.8531400000000002
2.9431499999999997
3.03219
3.11933
3.2051499999999997
3.28932
3.37223
3.45307
3.53253
3.61006
3.68607
3.76003
3.8325299999999998
3.90289
3.9713
4.03813
4.103
4.166119999999999
4.22722
4.28688
4.3447499999999994
4.40139
4.4567
4.51124
4.56491
4.61829
4.67107
4.72352
4.77594
4.82801
4.88003
4.93183
4.98359
5.03508
5.08667
5.13807
5.1895
5.24059
5.29192
5.3429899999999995
5.39412
5.44508
5.49593
5.54682
5.5976
5.648420000000001
5.699
5.74967
5.80037
5.85103
5.90153
5.95214

Vgs: 6.0
-6.12886e-05
0.0922988
0.185215
0.278645
0.373358
0.46994
0.568786
0.669884
0.773073
0.877965
0.9842110000000001
1.09293
1.20102
1.30962
1.4184700000000001
1.52745
1.6364
1.74517
1.85353
1.9614099999999999
2.06877
2.17455
2.28081
2.3856900000000003
2.4901400000000002
2.59323
2.69571
2.79681
2.8967099999999997
2.99566
3.093
3.18952
3.28444
3.37811
3.4702
3.5610899999999996
3.6500600000000003
3.7380899999999997
3.82416
3.9087999999999994
3.9914699999999996
4.07275
4.15221
4.22981
4.30587
4.37981
4.45219
4.5226299999999995
4.5914399999999995
4.65799
4.72299
4.78594
4.84738
4.90683
4.96506
5.021710000000001
5.07716
5.13199
5.185989999999999
5.23934
5.2922899999999995
5.34523
5.39778
5.4500399999999996
5.50198
5.554
5.60552
5.65733
5.70872
5.76021
5.8115
5.86248
5.91368
5.96462
6.01567
6.06654
6.1173399999999996
6.16775
6.21846
6.2689900000000005
6.31964

Vgs: 6.5
-5.80916e-05
0.0938397
0.18837399999999999
0.283561
0.380212
0.47898199999999996
0.5802970000000001
0.684168
0.790399
0.898563
1.00979
1.12093
1.23305
1.34594
1.4593399999999999
1.57307
1.68684
1.8007
1.91415
2.0273600000000003
2.14016
2.25157
2.36351
2.4743999999999997
2.58487
2.6940399999999998
2.80266
2.9099
3.01631
3.12199
3.2260600000000004
3.32951
3.4311599999999998
3.5319000000000003
3.63117
3.7295700000000003
3.82599
3.92148
4.0151900000000005
4.10772
4.1986
4.28803
4.37575
4.46185
4.54647
4.62895
4.71012
4.789210000000001
4.8669400000000005
4.94259
5.01684
5.08885
5.15923
5.2274899999999995
5.29399
5.35847
5.42139
5.48266
5.5420799999999995
5.60028
5.65719
5.71311
5.767869999999999
5.82217
5.87557
5.92866
5.98155
6.0341700000000005
6.08629
6.138389999999999
6.19017
6.24177
6.29338
6.34453
6.39603
6.4471
6.49822
6.54912
6.60015
6.6508
6.70162

Vgs: 7.0
-6.669380000000001e-05
0.0951886
0.19116
0.287904
0.386248
0.4869
0.590299
0.696428
0.805122
0.915918
1.02993
1.14395
1.25914
1.37527
1.49212
1.6094
1.72726
1.84508
1.96298
2.0808
2.1983800000000002
2.31474
2.43196
2.5481800000000003
2.6643499999999998
2.77931
2.89374
3.00709
3.11954
3.2314499999999997
3.34188
3.45166
3.5599999999999996
3.66722
3.7729299999999997
3.87805
3.9815199999999997
4.08385
4.18462
4.28422
4.38224
4.47904
4.57413
4.66772
4.76011
4.85072
4.94008
5.0273
5.11322
5.19742
5.2799
5.36047
5.43962
5.51659
5.5921
5.66531
5.73691
5.80683
5.87471
5.9411000000000005
6.00543
6.06825
6.12898
6.1885200000000005
6.24652
6.30328
6.35904
6.41401
6.46814
6.522
6.574990000000001
6.627669999999999
6.68023
6.73217
6.7843
6.83598
6.88771
6.938910000000001
6.99007
7.04131
7.0924

Vgs: 7.5
-6.54018e-05
0.0964638
0.193782
0.291926
0.391798
0.49417600000000006
0.599475
0.707697
0.818647
0.93182
1.0482099999999999
1.16493
1.28285
1.40179
1.52164
1.64191
1.7628
1.88392
2.00528
2.1265400000000003
2.24777
2.3679
2.48908
2.60951
2.72974
2.84915
2.96862
3.0868800000000003
3.2046
3.32186
3.43798
3.55377
3.66815
3.78165
3.89404
4.00542
4.11533
4.22438
4.33197
4.4383
4.5431
4.64676
4.74891
4.84954
4.94914
5.0469800000000005
5.14356
5.2385
5.33209
5.42378
5.51423
5.60287
5.68991
5.77501
5.85905
5.94074
6.02093
6.09949
6.17601
6.2504800000000005
6.32342
6.3947199999999995
6.46415
6.531689999999999
6.59738
6.66144
6.72361
6.78432
6.84339
6.90139
6.95813
7.013529999999999
7.0684
7.12228
7.17616
7.22904
7.28182
7.33398
7.38617
7.43792
7.4895

Vgs: 8.0
-7.323529999999999e-05
0.0976221
0.196178
0.295647
0.39699100000000004
0.500986
0.608082
0.718249
0.8312560000000001
0.94664
1.0655000000000001
1.1845700000000001
1.30503
1.42661
1.54906
1.67218
1.7959
1.9198600000000001
2.0441499999999997
2.16859
2.2929999999999997
2.41622
2.5406500000000003
2.6644099999999997
2.78823
2.91135
3.0345099999999996
3.1565600000000003
3.27822
3.39945
3.5196099999999997
3.63954
3.75829
3.87655
3.9937899999999997
4.1104899999999995
4.225750000000001
4.3404799999999994
4.45399
4.56663
4.67771
4.7880199999999995
4.89701
5.00456
5.1111200000000006
5.21597
5.31957
5.42157
5.52258
5.62157
5.71956
5.81508
5.90968
6.00244
6.09361
6.18318
6.27132
6.35784
6.44238
6.52529
6.60595
6.68557
6.76292
6.83917
6.913189999999999
6.9857499999999995
7.0561
7.125109999999999
7.19189
7.25694
7.32014
7.38186
7.44218
7.50098
7.55884
7.61508
7.67129
7.72563
7.7797
7.83258
7.88574
