Vgs range: 0,8,0.5
Vds range: 0,8,0.1

Vgs: 0.0
-0.000145369
3.8806499999999995e-05
7.2512e-05
8.5455e-05
0.00012020600000000001
0.00025472300000000005
0.000580015
0.00113236
0.00202536
0.00325118
0.00482624
0.00669043
0.008825820000000002
0.011163
0.013720000000000001
0.0164265
0.019293400000000002
0.0223555
0.025621
0.0292052
0.0332442
0.037853
0.0435122
0.050173699999999995
0.0577382
0.0664164
0.076627
0.0878888
0.0998754
0.11381
0.129004
0.145684
0.163297
0.182246
0.203379
0.22422
0.24774900000000002
0.272595
0.298286
0.326151
0.354972
0.38438300000000003
0.416395
0.447542
0.48208
0.516616
0.552965
0.589282
0.627428
0.666416
0.707606
0.748902
0.791393
0.836436
0.8846849999999999
0.9315410000000001
0.979983
1.0316699999999999
1.07986
1.13164
1.18458
1.2361900000000001
1.29143
1.3463100000000001
1.4005599999999998
1.4578499999999999
1.5173
1.57481
1.63035
1.69174
1.7542499999999999
1.81671
1.8818599999999999
1.9483300000000001
2.01556
2.0831600000000003
2.15127
2.21768
2.28507
2.35488
2.4243799999999998

Vgs: 0.5
-0.000150892
0.00149746
0.0010546499999999999
0.000813575
0.0010195999999999998
0.00103321
0.00104735
0.00106084
0.0010819599999999999
0.00112738
0.00129112
0.00170181
0.0024420500000000003
0.0036119800000000003
0.00535261
0.00763729
0.0105443
0.0141231
0.0184078
0.0234375
0.029304
0.036047699999999995
0.043754400000000006
0.0523855
0.0620765
0.0727217
0.0846601
0.09770780000000001
0.112289
0.127787
0.14441
0.16189800000000001
0.180824
0.200549
0.221762
0.244036
0.267706
0.292585
0.318414
0.34550800000000004
0.374638
0.40517899999999996
0.43587200000000004
0.466785
0.500035
0.534258
0.569194
0.605856
0.643895
0.683688
0.724701
0.7661
0.807874
0.850963
0.8956040000000001
0.9419609999999999
0.988245
1.03981
1.09033
1.14141
1.19187
1.2432299999999998
1.29761
1.3511
1.40606
1.4636799999999999
1.51928
1.5807200000000001
1.64198
1.70242
1.76334
1.82453
1.88875
1.9541
2.01936
2.08647
2.15662
2.22532
2.29556
2.3610100000000003
2.43341

Vgs: 1.0
-0.000190042
0.013873700000000001
0.0245534
0.0319507
0.036331
0.0383287
0.0389969
0.0392567
0.0394579
0.0395931
0.0396904
0.0398166
0.0399712
0.0401337
0.0403252
0.0408496
0.0419973
0.0439649
0.0471237
0.0514789
0.0572092
0.064149
0.0723512
0.0817199
0.0922401
0.103857
0.11666599999999999
0.13056600000000002
0.145494
0.161728
0.17917899999999998
0.197726
0.217135
0.23786400000000002
0.25952800000000004
0.283692
0.307342
0.332871
0.359122
0.387041
0.41670900000000005
0.446289
0.478362
0.51001
0.544163
0.5788110000000001
0.614962
0.650734
0.6895370000000001
0.727908
0.7686569999999999
0.8110189999999999
0.855755
0.8986540000000001
0.944511
0.9887419999999999
1.03811
1.0858599999999998
1.13541
1.1867699999999999
1.23613
1.29034
1.34321
1.3983
1.45297
1.51157
1.56894
1.62448
1.68302
1.746
1.80679
1.86884
1.93096
1.9939200000000001
2.0599
2.12357
2.18646
2.25378
2.32357
2.39008
2.46059

Vgs: 1.5
-0.00022852299999999998
0.0266037
0.0506873
0.0720007
0.0905507
0.106222
0.11892000000000001
0.1287
0.13563599999999998
0.139968
0.142213
0.143303
0.143966
0.14450300000000002
0.144871
0.145249
0.145687
0.146096
0.146464
0.14690499999999998
0.148006
0.149955
0.15318199999999998
0.157912
0.164806
0.17355800000000002
0.183974
0.196087
0.209621
0.224621
0.240795
0.258514
0.27757699999999996
0.29764199999999996
0.31895799999999996
0.341631
0.365728
0.39088300000000004
0.416751
0.444678
0.473034
0.5029140000000001
0.533758
0.565617
0.599384
0.6333340000000001
0.668978
0.705322
0.744185
0.7834190000000001
0.824038
0.863975
0.904986
0.949505
0.994183
1.04416
1.08951
1.1360400000000002
1.18378
1.2371299999999998
1.2871
1.33694
1.38872
1.44191
1.5007300000000001
1.5562900000000002
1.61172
1.67083
1.72934
1.7897
1.8516400000000002
1.9138499999999998
1.97662
2.0405100000000003
2.10335
2.1680200000000003
2.23544
2.30198
2.37236
2.44246
2.51291

Vgs: 2.0
-0.00035594699999999996
0.0365741
0.0712391
0.10364899999999999
0.133828
0.161716
0.18721300000000002
0.210285
0.230791
0.248663
0.263926
0.276507
0.286355
0.293531
0.298367
0.301313
0.303001
0.304189
0.305221
0.30610099999999996
0.30683099999999996
0.307572
0.308347
0.309031
0.30976000000000004
0.311137
0.313814
0.31809
0.32458
0.333491
0.344746
0.358427
0.37404400000000004
0.39148900000000003
0.41061
0.43148299999999995
0.45346600000000004
0.477428
0.502776
0.5289780000000001
0.556546
0.586068
0.6157680000000001
0.64768
0.6795599999999999
0.714845
0.750302
0.7855730000000001
0.8233090000000001
0.8626079999999999
0.902007
0.941331
0.9835270000000002
1.0282900000000001
1.07216
1.117
1.1635199999999999
1.21064
1.2583799999999998
1.31009
1.3588
1.41082
1.4633800000000001
1.5168899999999998
1.57176
1.6269500000000001
1.68272
1.74245
1.79881
1.85887
1.9211099999999999
1.9843
2.04609
2.10892
2.1727399999999997
2.23732
2.3016
2.36901
2.43581
2.50411
2.5700800000000004

Vgs: 2.5
-0.00058103
0.044727
0.088099
0.129583
0.16922500000000001
0.206969
0.242697
0.276445
0.30815699999999996
0.337822
0.365207
0.390417
0.413309
0.433959
0.45206100000000005
0.46762699999999996
0.480718
0.49126200000000003
0.49922
0.504828
0.508565
0.511262
0.512992
0.5144839999999999
0.515847
0.517076
0.518177
0.519211
0.520321
0.521482
0.52325
0.526371
0.5317390000000001
0.5397209999999999
0.550398
0.5640550000000001
0.580395
0.599147
0.619862
0.64264
0.667244
0.693305
0.7209150000000001
0.749947
0.780246
0.812305
0.84511
0.879881
0.9156960000000001
0.952585
0.9903069999999999
1.03136
1.0704
1.11216
1.15609
1.2013099999999999
1.24687
1.29266
1.33979
1.38731
1.4374
1.4865499999999998
1.53937
1.59314
1.64569
1.69991
1.75545
1.8133
1.86998
1.9304299999999999
1.9900400000000003
2.05112
2.11144
2.17462
2.23988
2.3019
2.36754
2.43331
2.5008
2.56964
2.63915

Vgs: 3.0
-0.0024702500000000002
0.0500163
0.10083500000000001
0.150012
0.19762100000000002
0.24337299999999998
0.28797700000000004
0.33058099999999996
0.371622
0.41097
0.448162
0.483745
0.517421
0.549184
0.578976
0.6066739999999999
0.632278
0.655646
0.676793
0.695567
0.711862
0.72565
0.737108
0.745976
0.752695
0.757498
0.7608320000000001
0.763274
0.765522
0.767359
0.769087
0.7705989999999999
0.77209
0.773477
0.775146
0.777263
0.781078
0.787306
0.796509
0.808943
0.824759
0.843777
0.8651620000000001
0.888814
0.914723
0.9427380000000001
0.9722869999999999
1.00473
1.03714
1.07105
1.10697
1.14452
1.18344
1.22278
1.26414
1.30637
1.34955
1.39456
1.43958
1.48647
1.53508
1.58263
1.63435
1.6865599999999998
1.73794
1.79039
1.84544
1.90114
1.95741
2.01555
2.07588
2.1341799999999997
2.19486
2.25576
2.31995
2.38184
2.4461600000000003
2.51013
2.57772
2.6436900000000003
2.71134

Vgs: 3.5
-0.00551327
0.053533199999999996
0.11116999999999999
0.167215
0.221931
0.274992
0.32665500000000003
0.37690100000000004
0.42554000000000003
0.47299599999999997
0.518743
0.5629460000000001
0.605568
0.64666
0.68613
0.723741
0.7596569999999999
0.793972
0.8262550000000001
0.8564240000000001
0.884708
0.910664
0.934798
0.956667
0.976087
0.993246
1.00957
1.02184
1.0316100000000001
1.0393
1.0448300000000001
1.049
1.05215
1.0549
1.05718
1.05966
1.06177
1.0636599999999998
1.06536
1.0673300000000001
1.06993
1.0745
1.0811600000000001
1.09168
1.1054599999999999
1.12323
1.1438799999999998
1.1678700000000002
1.1941199999999998
1.22266
1.25297
1.28498
1.3189300000000002
1.35516
1.39331
1.43233
1.47245
1.5143000000000002
1.55683
1.60225
1.64912
1.69643
1.74461
1.79408
1.8447500000000001
1.89653
1.9484000000000001
2.0017799999999997
2.05583
2.11207
2.1688300000000003
2.22696
2.28715
2.34864
2.40895
2.47146
2.53371
2.5974399999999997
2.66185
2.72634
2.79257

Vgs: 4.0
-0.021347400000000002
0.045623500000000004
0.1118
0.174811
0.236631
0.296662
0.355117
0.412641
0.468814
0.523688
0.576905
0.6290650000000001
0.67979
0.7293189999999999
0.77727
0.8238730000000001
0.8690129999999999
0.912553
0.954295
0.9944500000000001
1.0344099999999998
1.07073
1.1057599999999999
1.1385399999999999
1.1696600000000001
1.19852
1.22546
1.25019
1.27264
1.29264
1.31061
1.32616
1.33907
1.34984
1.35815
1.36492
1.36968
1.3737000000000001
1.37689
1.3798700000000002
1.38258
1.38493
1.38718
1.38941
1.39155
1.3950900000000002
1.39981
1.40777
1.41878
1.4341300000000001
1.45332
1.47605
1.5018500000000001
1.5302200000000001
1.5612300000000001
1.59424
1.6295700000000002
1.66653
1.7053800000000001
1.74542
1.7868700000000002
1.8308300000000002
1.87706
1.92272
1.9684099999999998
2.01811
2.06846
2.1209100000000003
2.17234
2.22546
2.28004
2.33665
2.3940300000000003
2.45288
2.51184
2.5716699999999997
2.6307600000000004
2.69431
2.75685
2.82017
2.88566

Vgs: 4.5
-0.035833000000000004
0.033198399999999996
0.102203
0.168734
0.237009
0.30335399999999996
0.36979100000000004
0.434945
0.499743
0.5628500000000001
0.624736
0.684654
0.7435029999999999
0.800784
0.8567549999999999
0.911208
0.9643050000000001
1.01757
1.06775
1.1166
1.16391
1.20918
1.25343
1.29563
1.3364900000000002
1.37545
1.41272
1.4479899999999999
1.4814699999999998
1.5129
1.54227
1.56971
1.59487
1.61795
1.63845
1.6569099999999999
1.6729500000000002
1.68676
1.69823
1.70725
1.71445
1.72026
1.7247700000000001
1.7285899999999998
1.7321700000000002
1.73508
1.73798
1.74065
1.74312
1.7457200000000002
1.74921
1.75482
1.76341
1.77577
1.7921600000000002
1.8127
1.83717
1.86492
1.8955
1.92879
1.9641300000000002
2.00223
2.04229
2.08397
2.1273899999999997
2.17258
2.21908
2.26672
2.31575
2.3649999999999998
2.4178300000000004
2.47105
2.52576
2.58061
2.6368099999999997
2.6955
2.7538300000000002
2.81246
2.8729
2.93402
2.9942699999999998

Vgs: 5.0
-0.060435800000000005
0.0107507
0.0811045
0.152761
0.224406
0.294519
0.36600499999999997
0.434816
0.503868
0.5741999999999999
0.641081
0.710197
0.778714
0.845423
0.910277
0.976576
1.04043
1.10149
1.16073
1.21812
1.27412
1.3282299999999998
1.3813600000000001
1.43257
1.4824
1.53068
1.57721
1.62205
1.66513
1.70666
1.7461600000000002
1.78385
1.81962
1.8535
1.88532
1.91518
1.94296
1.9686399999999997
1.9919799999999999
2.01314
2.03199
2.0486
2.06271
2.07462
2.0843900000000004
2.0923000000000003
2.09849
2.1036
2.1080500000000004
2.11194
2.11545
2.11868
2.12181
2.1246300000000002
2.12758
2.1313999999999997
2.13732
2.1466100000000004
2.1595
2.17724
2.1988
2.2251
2.25464
2.2869800000000002
2.3220799999999997
2.3598
2.3995800000000003
2.44133
2.4839900000000004
2.5291200000000003
2.57555
2.6236699999999997
2.67488
2.7267699999999997
2.77978
2.83332
2.888
2.9441200000000003
3.00319
3.05984
3.11852

Vgs: 5.5
-0.0829023
-0.00504577
0.0688413
0.14524399999999998
0.220216
0.294712
0.367898
0.439758
0.514415
0.588174
0.657928
0.731869
0.806152
0.8771150000000001
0.950328
1.02286
1.0922
1.1629800000000001
1.23196
1.29836
1.3633899999999999
1.42654
1.48854
1.5489
1.60802
1.6644100000000002
1.71977
1.7732100000000002
1.8253300000000001
1.8755600000000001
1.92424
1.9713299999999998
2.01648
2.06012
2.1016500000000002
2.14157
2.1795199999999997
2.2156200000000004
2.24968
2.2819
2.312
2.34007
2.36593
2.38972
2.4112
2.4304
2.44726
2.4619899999999997
2.4743399999999998
2.48461
2.49286
2.4997000000000003
2.5055
2.5101400000000003
2.51449
2.51828
2.52198
2.52542
2.52852
2.5318
2.5361200000000004
2.54274
2.55232
2.5661400000000003
2.58471
2.6075299999999997
2.63461
2.66516
2.69891
2.73512
2.7737399999999997
2.81508
2.8582
2.90288
2.9498100000000003
2.99791
3.0484
3.09957
3.15546
3.21121
3.26722

Vgs: 6.0
-0.10257899999999999
-0.0289163
0.0453837
0.12103499999999999
0.19402
0.26761999999999997
0.345058
0.422367
0.5000370000000001
0.5755619999999999
0.650011
0.725799
0.802414
0.878821
0.957863
1.03426
1.10932
1.18859
1.26585
1.3406500000000001
1.41638
1.4905199999999998
1.56302
1.6341
1.7041
1.7718600000000002
1.8373
1.90053
1.96146
2.02112
2.07858
2.1346600000000002
2.1888799999999997
2.24146
2.29225
2.34165
2.38888
2.43448
2.47812
2.52009
2.55995
2.59805
2.63428
2.6686
2.7009600000000002
2.73113
2.75937
2.78545
2.80932
2.8307599999999997
2.85019
2.86732
2.8820799999999998
2.89459
2.90515
2.9137
2.92094
2.92698
2.9323
2.93688
2.94121
2.9451
2.94868
2.95216
2.95557
2.9600400000000002
2.9668300000000003
2.97701
2.99122
3.0104699999999998
3.03414
3.0623299999999998
3.09409
3.12928
3.16738
3.2078699999999998
3.25154
3.2957899999999998
3.3423599999999998
3.39113
3.44185

Vgs: 6.5
-0.127746
-0.0485173
0.0322904
0.110365
0.18534899999999999
0.262009
0.34
0.416001
0.494399
0.573948
0.650855
0.731298
0.8077730000000001
0.882215
0.964412
1.04898
1.1272
1.2074500000000001
1.2863099999999998
1.3690499999999999
1.45154
1.5288599999999999
1.60823
1.68644
1.76617
1.8420999999999998
1.9192
1.9923699999999998
2.06488
2.1365999999999996
2.2050400000000003
2.27272
2.33779
2.39966
2.4593000000000003
2.51753
2.57344
2.6276300000000004
2.67992
2.73046
2.7794299999999996
2.82665
2.87172
2.91513
2.9571799999999997
2.9968500000000002
3.03492
3.07106
3.10546
3.13745
3.16791
3.196
3.2220999999999997
3.24577
3.26743
3.28684
3.3039699999999996
3.31896
3.33172
3.34271
3.3517099999999997
3.35946
3.36563
3.3713100000000003
3.37641
3.3808599999999998
3.38488
3.38871
3.39262
3.39638
3.40123
3.4085500000000004
3.41879
3.43346
3.45312
3.47761
3.50697
3.5397100000000004
3.57569
3.61429
3.65569

Vgs: 7.0
-0.149953
-0.0667397
0.0107849
0.08659639999999999
0.168168
0.245803
0.32472700000000004
0.404107
0.48631
0.565951
0.6468929999999999
0.729244
0.811082
0.889362
0.972996
1.05303
1.1378
1.22631
1.30358
1.3887
1.47247
1.55477
1.6341299999999999
1.71584
1.7987000000000002
1.8822400000000001
1.96563
2.04274
2.1235
2.20435
2.28254
2.36048
2.43662
2.5109500000000002
2.5830900000000003
2.6538500000000003
2.7209
2.78656
2.84918
2.90965
2.9678299999999997
3.02455
3.0791
3.13136
3.1821
3.23105
3.2781
3.32332
3.36689
3.4083300000000003
3.44818
3.48601
3.52231
3.55614
3.58827
3.61837
3.6461
3.6719600000000003
3.6954599999999997
3.71686
3.7361299999999997
3.75339
3.7683
3.78135
3.79202
3.8012699999999997
3.80908
3.8156399999999997
3.82156
3.82672
3.83148
3.8359900000000002
3.8399900000000002
3.84382
3.8475800000000002
3.85235
3.8595499999999996
3.87024
3.88561
3.90557
3.9307

Vgs: 7.5
-0.17087
-0.0937414
-0.0125807
0.06781509999999999
0.147458
0.226051
0.3053
0.388222
0.46696699999999997
0.553563
0.636544
0.717654
0.8026030000000001
0.8866050000000001
0.970377
1.05942
1.14266
1.23368
1.3183500000000001
1.40713
1.49088
1.57742
1.66102
1.7409299999999999
1.83249
1.9179
2.0046399999999998
2.08654
2.17171
2.25364
2.3371899999999997
2.42374
2.50315
2.5851699999999997
2.66616
2.7488
2.82771
2.9021899999999996
2.97773
3.05016
3.1197500000000002
3.18718
3.25135
3.31378
3.3742400000000004
3.43128
3.4886
3.54282
3.59513
3.64553
3.6942899999999996
3.74093
3.78587
3.82897
3.87032
3.9099599999999994
3.94746
3.98323
4.01725
4.049040000000001
4.0786299999999995
4.1063
4.13209
4.15557
4.17678
4.19585
4.2127099999999995
4.22739
4.24007
4.2512
4.26045
4.26825
4.275250000000001
4.2811
4.28647
4.29142
4.29596
4.30014
4.3044199999999995
4.30835
4.31324

Vgs: 8.0
-0.201324
-0.119232
-0.034648899999999996
0.0467096
0.12419899999999999
0.209318
0.28852700000000003
0.37027499999999997
0.45376
0.5384129999999999
0.619911
0.70504
0.790858
0.874352
0.963492
1.04838
1.1309200000000001
1.2182600000000001
1.3032199999999998
1.39096
1.48231
1.5637999999999999
1.65011
1.73814
1.8339400000000001
1.92585
2.0151700000000003
2.09777
2.18906
2.27586
2.36251
2.4486299999999996
2.53364
2.6218399999999997
2.7112299999999996
2.79561
2.87862
2.96443
3.04886
3.12983
3.2097599999999997
3.28735
3.36572
3.44105
3.5167200000000003
3.588
3.65826
3.72349
3.78673
3.84714
3.9055600000000004
3.9612299999999996
4.0151900000000005
4.06721
4.11731
4.16544
4.21181
4.25662
4.29887
4.3403599999999996
4.37934
4.416650000000001
4.45218
4.48532
4.51675
4.546139999999999
4.57355
4.5986
4.6217999999999995
4.64257
4.66132
4.67796
4.69259
4.70511
4.71646
4.7256
4.73301
4.7402
4.74619
4.7518400000000005
4.75658
