Vgs range: 0,8,0.1
Vds range: 0,8,0.5

Vgs: 0.0
-0.000148864
-0.000148164
-0.00014756100000000002
-0.00014662800000000002
-0.000150718
-0.00015204999999999998
-0.000150649
-0.000154983
-0.000160678
-0.000162518
-0.000167856
-0.000169974
-0.000179205
-0.000184507
-0.000193925
-0.00020578500000000002
-0.000214823
-0.000226639
-0.000242644
-0.00026347800000000004
-0.000290823
-0.000323872
-0.00036638599999999996
-0.00041587199999999996
-0.000483285
-0.0005796200000000001
-0.000699094
-0.000827787
-0.00104815
-0.00123849
-0.0015811500000000001
-0.00201281
-0.0025182
-0.0032276799999999997
-0.00421513
-0.00603871
-0.00774885
-0.0107441
-0.0132892
-0.0161046
-0.0193059
-0.024514900000000003
-0.029285099999999998
-0.0328223
-0.0375203
-0.0432806
-0.0461461
-0.051153199999999996
-0.054475
-0.0599934
-0.0641809
-0.06895380000000001
-0.0750929
-0.07881189999999999
-0.0816476
-0.0845659
-0.0889771
-0.0937487
-0.0985214
-0.107351
-0.11146199999999999
-0.114727
-0.118948
-0.12446399999999999
-0.128499
-0.129436
-0.132886
-0.137671
-0.145563
-0.151698
-0.15335
-0.16020600000000002
-0.166134
-0.169161
-0.173015
-0.178126
-0.184503
-0.188995
-0.19175099999999998
-0.193762
-0.199493

Vgs: 0.5
0.00021156700000000002
0.000191652
0.00010312
0.00011407
0.000225851
0.000932862
0.00341057
0.00723969
0.015732
0.0243613
0.0360283
0.0498162
0.0634995
0.0775603
0.09074589999999999
0.10619300000000001
0.116183
0.127744
0.138934
0.149539
0.15999
0.169955
0.179006
0.188054
0.196772
0.205208
0.21338600000000002
0.220955
0.228335
0.235636
0.24265699999999998
0.249652
0.255747
0.261841
0.267651
0.273316
0.27845000000000003
0.28319700000000003
0.287031
0.289944
0.292576
0.293129
0.293752
0.293717
0.294267
0.294551
0.292653
0.290954
0.289783
0.288078
0.287755
0.286201
0.281894
0.27744800000000003
0.277007
0.27556899999999995
0.273185
0.269738
0.267864
0.267959
0.262366
0.259874
0.25815
0.256372
0.252191
0.24809799999999999
0.245103
0.24423100000000003
0.238016
0.238877
0.23336400000000002
0.229001
0.228577
0.228092
0.224335
0.222618
0.219604
0.216782
0.212224
0.211492
0.207405

Vgs: 1.0
0.00453503
0.00445379
0.0021674100000000003
0.00114184
0.0007394109999999999
0.0012510899999999998
0.00312434
0.007427029999999999
0.0161035
0.0247231
0.03726
0.0529247
0.0704724
0.0916218
0.11757999999999999
0.137686
0.16263
0.18748199999999998
0.213893
0.23633099999999999
0.259932
0.281638
0.302886
0.32304700000000003
0.34258
0.361342
0.379329
0.396571
0.413764
0.42919399999999996
0.44506999999999997
0.46026599999999995
0.474939
0.48893899999999996
0.5025010000000001
0.5158050000000001
0.528549
0.541072
0.552773
0.56415
0.5752970000000001
0.5850529999999999
0.595073
0.603998
0.611746
0.61902
0.6256039999999999
0.630252
0.6327849999999999
0.635409
0.6381880000000001
0.6393030000000001
0.639353
0.641004
0.643017
0.642602
0.642147
0.641768
0.6389009999999999
0.639728
0.637317
0.639846
0.63937
0.640059
0.638078
0.636549
0.6365999999999999
0.6371519999999999
0.636752
0.633173
0.6311910000000001
0.6307189999999999
0.62821
0.628924
0.620714
0.6223879999999999
0.619441
0.616145
0.618446
0.6139490000000001
0.614071

Vgs: 1.5
0.015837499999999997
0.0157949
0.0123783
0.009406260000000001
0.0136582
0.0073303
0.00832753
0.012247300000000001
0.017232400000000002
0.033339
0.0390784
0.059268400000000006
0.07120030000000001
0.0919764
0.122272
0.151414
0.167225
0.199807
0.232952
0.262515
0.29141
0.339929
0.364393
0.402061
0.43184
0.46583600000000003
0.499173
0.519477
0.5521499999999999
0.581468
0.6044579999999999
0.6293559999999999
0.650381
0.677944
0.6812670000000001
0.7210759999999999
0.6999489999999999
0.751796
0.745293
0.79235
0.7907930000000001
0.820688
0.7881910000000001
0.849696
0.846129
0.882016
0.8969670000000001
0.838456
0.9257580000000001
0.949953
0.945839
0.9561689999999999
0.966441
0.962229
0.963204
1.0133500000000002
1.01767
1.0015200000000002
1.02488
1.02827
1.02691
1.0287899999999999
1.0282
1.02665
1.02813
1.02998
1.03266
1.03619
1.03659
1.03891
1.0377100000000001
1.03962
1.04264
1.04405
1.0458500000000002
1.04426
1.04458
1.04178
1.04039
1.0420900000000002
1.0417200000000002

Vgs: 2.0
0.0327005
0.032639299999999996
0.031362400000000006
0.0289455
0.0485667
0.0289151
0.0455172
0.0619535
0.0616495
0.0717255
0.0739366
0.08472729999999999
0.09500950000000001
0.109854
0.121461
0.14171999999999998
0.163091
0.19345
0.227561
0.254901
0.294641
0.330786
0.370772
0.411549
0.442186
0.49338599999999994
0.536909
0.579904
0.619092
0.656159
0.701481
0.732991
0.777145
0.8126519999999999
0.839917
0.869799
0.9009349999999999
0.936044
0.970808
0.9893059999999999
1.027
1.05367
1.07597
1.09626
1.1342800000000002
1.1417000000000002
1.16138
1.18349
1.20452
1.23028
1.24437
1.2577
1.2823000000000002
1.27812
1.2997
1.36034
1.37436
1.3864299999999998
1.39584
1.40574
1.39477
1.39859
1.42828
1.43167
1.4365999999999999
1.35262
1.44708
1.45197
1.45585
1.38348
1.4631100000000001
1.46423
1.46056
1.4649699999999999
1.47163
1.46465
1.47641
1.47817
1.47756
1.4742
1.4739099999999998

Vgs: 2.5
0.0686697
0.0685892
0.06859059999999999
0.06944610000000001
0.0711817
0.0736083
0.0769575
0.08149500000000001
0.0871754
0.0953561
0.103647
0.111025
0.122874
0.136411
0.151094
0.168837
0.189714
0.212468
0.239706
0.26974600000000004
0.304597
0.341364
0.380486
0.421197
0.46359199999999995
0.508657
0.5555939999999999
0.601417
0.64979
0.701217
0.7468060000000001
0.7977270000000001
0.847432
0.8938429999999999
0.941029
0.9856349999999999
1.03774
1.07193
1.1127699999999998
1.1525400000000001
1.19098
1.22797
1.26496
1.3002
1.33487
1.3689900000000002
1.40117
1.4334
1.46499
1.49497
1.52447
1.5528899999999999
1.5812000000000002
1.60785
1.63437
1.65938
1.6845
1.70756
1.72953
1.75113
1.77071
1.7878900000000002
1.803
1.817
1.82881
1.83903
1.84809
1.8553199999999999
1.86378
1.86925
1.8744
1.8808200000000002
1.88542
1.8878199999999998
1.8897300000000001
1.89857
1.89911
1.90635
1.9104599999999998
1.91234
1.91316

Vgs: 3.0
0.13563599999999998
0.13567900000000002
0.13576
0.13781000000000002
0.142295
0.146961
0.27324499999999996
0.192449
0.173571
0.274382
0.256316
0.188066
0.280208
0.28386
0.254927
0.30265000000000003
0.32139
0.297699
0.339512
0.358812
0.392723
0.416127
0.444854
0.465176
0.490277
0.547716
0.616986
0.647392
0.656792
0.7409180000000001
0.760353
0.7944249999999999
0.860182
0.9522390000000001
0.9897269999999999
1.06134
1.11703
1.1814900000000002
1.2051
1.2321199999999999
1.2830700000000002
1.34745
1.37132
1.38641
1.40575
1.43892
1.48737
1.5387
1.57197
1.60315
1.63633
1.6379700000000001
1.64496
1.6644100000000002
1.67813
1.7409299999999999
1.76031
1.78236
1.79762
1.76508
1.86357
1.82349
1.78626
1.76059
1.72121
2.0793500000000003
2.21845
2.23482
2.24997
2.26855
2.28016
2.29202
2.30194
2.30911
2.31769
2.32528
2.33411
2.34047
2.34815
2.2832299999999996
2.3606399999999996

Vgs: 3.5
0.237505
0.23715499999999998
0.237116
0.237057
0.24419699999999997
0.249869
0.255681
0.38258
0.269486
0.277574
0.286217
0.29552799999999996
0.305734
0.316957
0.32927599999999996
0.34230499999999997
0.356817
0.371873
0.388936
0.406621
0.42754000000000003
0.448577
0.472514
0.497885
0.525716
0.556538
0.590671
0.6509079999999999
0.68086
0.752075
0.7799210000000001
0.827658
0.876322
0.925425
1.04254
1.08809
1.12218
1.15282
1.18259
1.2135799999999999
1.24586
1.27596
1.3084900000000002
1.3360699999999999
1.3701500000000002
1.4005599999999998
1.4312
1.4621199999999999
1.49034
1.5198200000000002
1.54667
1.57314
1.59894
2.02944
2.05652
2.11932
2.14493
2.20968
2.23955
2.28744
2.30707
2.2476599999999998
2.30919
2.21237
2.1397500000000003
2.09479
2.0642400000000003
2.04433
2.0568600000000004
2.07303
2.37989
2.6615800000000003
2.68056
2.70081
2.71694
2.73232
2.74612
2.7558700000000003
2.7686
2.7749900000000003
2.78307

Vgs: 4.0
0.372834
0.371662
0.37129300000000004
0.37143000000000004
0.372774
0.382893
0.38956599999999997
0.397219
0.404571
0.412569
0.422076
0.431363
0.44130800000000003
0.452359
0.464745
0.477159
0.490917
0.504969
0.520472
0.536552
0.554133
0.573059
0.592529
0.613459
0.636016
0.66091
0.687754
0.7158009999999999
0.746635
0.779803
0.816454
0.8558469999999999
0.899635
0.947133
0.999541
1.06868
1.1165100000000001
1.17806
1.2400600000000002
1.30508
1.36897
1.43372
1.49952
1.56712
1.63442
1.7025199999999998
1.76672
1.831
1.89449
1.9573300000000002
2.0175
2.07655
2.12696
2.19011
2.2454699999999996
2.29897
2.35068
2.40322
2.45071
2.4999000000000002
2.54738
2.59295
2.63562
2.68199
2.72558
2.76656
2.80623
2.84641
2.88316
2.92024
2.955
2.98934
3.021
3.05203
3.08074
3.1073
3.13083
3.15386
3.1729499999999997
3.19088
3.20696

Vgs: 4.5
0.5387019999999999
0.538835
0.538276
0.5377230000000001
0.5380199999999999
0.5470400000000001
0.554826
0.56255
0.570809
0.57954
0.588716
0.597458
0.607969
0.619437
0.6300410000000001
0.640761
0.655196
0.668072
0.6827909999999999
0.697758
0.713968
0.730697
0.7486250000000001
0.766971
0.787151
0.8080999999999999
0.8304710000000001
0.854616
0.8786
0.905695
0.934771
0.965055
0.9977339999999999
1.04152
1.07186
1.11311
1.15726
1.20664
1.2592700000000001
1.3182
1.38058
1.44492
1.51306
1.58086
1.65142
1.71993
1.78979
1.86286
1.93355
2.0044500000000003
2.07567
2.14519
2.2153199999999997
2.2825599999999997
2.3499800000000004
2.4145
2.47656
2.53969
2.59404
2.65824
2.7155299999999998
2.77087
2.82585
2.8788199999999997
2.93158
2.98247
3.03144
3.07919
3.1264000000000003
3.17247
3.2162900000000003
3.2590000000000003
3.30076
3.34176
3.37966
3.41814
3.4526000000000003
3.48727
3.5187999999999997
3.54938
3.5785

Vgs: 5.0
0.737946
0.73648
0.736566
0.738349
0.737998
0.739456
0.750993
0.758162
0.766537
0.775453
0.784879
0.793177
0.803742
0.816387
0.8276060000000001
0.8392919999999999
0.852325
0.864353
0.878081
0.891303
0.9059889999999999
0.921161
0.937474
0.9545250000000001
0.9721460000000001
0.99191
1.0164900000000001
1.03334
1.05451
1.0777
1.1024500000000002
1.12778
1.1545699999999999
1.18409
1.2130299999999998
1.2456699999999998
1.27945
1.31705
1.35442
1.39617
1.44166
1.48974
1.54474
1.60308
1.66747
1.73369
1.80307
1.8761999999999999
1.94856
2.02295
2.09771
2.1719299999999997
2.24781
2.32455
2.3995599999999997
2.47565
2.5490999999999997
2.62351
2.6933700000000003
2.76425
2.83336
2.90024
2.96726
3.02821
3.08984
3.14242
3.20834
3.26783
3.3226
3.37996
3.43349
3.48349
3.53444
3.58236
3.63075
3.67733
3.72197
3.76613
3.80764
3.8482
3.8865000000000003

Vgs: 5.5
0.963586
0.964591
0.9647119999999999
0.963118
0.9629690000000001
0.9640439999999999
0.963595
0.962546
0.961797
0.9618180000000001
0.9650909999999999
1.0194699999999999
1.02802
1.0390499999999998
1.04785
1.0580699999999998
1.0714299999999999
1.0845799999999999
1.09716
1.1109099999999998
1.12527
1.13998
1.15467
1.17137
1.18703
1.20444
1.22299
1.24137
1.26069
1.28176
1.30412
1.3257500000000002
1.3491
1.3732600000000001
1.3989099999999999
1.42595
1.45504
1.4854399999999999
1.51572
1.55031
1.5852600000000001
1.62257
1.6630900000000002
1.7074099999999999
1.75248
1.80001
1.85502
1.91169
1.9733200000000002
2.04361
2.1151999999999997
2.1880900000000003
2.2670899999999996
2.3461100000000004
2.42211
2.50083
2.58173
2.65861
2.7373800000000004
2.81802
2.89734
2.97234
3.0490600000000003
3.12364
3.1972799999999997
3.26791
3.33651
3.40537
3.47184
3.5374299999999996
3.5992900000000003
3.6605000000000003
3.72045
3.77834
3.83584
3.89162
3.9469099999999995
3.9984
4.05035
4.0992299999999995
4.14798

Vgs: 6.0
1.22026
1.2230699999999999
1.22369
1.22247
1.2214800000000001
1.2228
1.22105
1.2356699999999998
1.24365
1.25387
1.26268
1.27345
1.28282
1.29453
1.3048
1.31567
1.32831
1.33896
1.3515300000000001
1.36412
1.37976
1.3934
1.40354
1.42164
1.43808
1.45385
1.46953
1.4857500000000001
1.50501
1.52376
1.54281
1.56259
1.58467
1.60605
1.62869
1.6520000000000001
1.67641
1.70186
1.72787
1.75553
1.78671
1.81573
1.84877
1.88304
1.91922
1.95738
1.9956399999999999
2.03927
2.08437
2.1337800000000002
2.18651
2.24129
2.30395
2.37007
2.44332
2.51842
2.59622
2.67775
2.75873
2.84075
2.9234299999999998
3.00379
3.08159
3.15657
3.23531
3.32637
3.3993700000000002
3.48636
3.56294
3.62607
3.7058999999999997
3.7745
3.85067
3.91865
3.9760899999999997
4.04212
4.11142
4.171130000000001
4.22717
4.2815900000000005
4.34297

Vgs: 6.5
1.49517
1.49539
1.49448
1.49371
1.49456
1.4960200000000001
1.49703
1.49828
1.5116100000000001
1.5207300000000001
1.53332
1.54229
1.5532899999999998
1.56443
1.5740800000000001
1.5857
1.5967399999999998
1.60932
1.62157
1.6352
1.64815
1.66032
1.67252
1.68643
1.69946
1.71649
1.7315500000000001
1.7464799999999998
1.76452
1.78244
1.8008
1.81904
1.8373599999999999
1.8566500000000001
1.87816
1.90001
1.92343
1.9459499999999998
1.9697799999999999
1.99401
2.0208
2.0471399999999997
2.07584
2.1050600000000004
2.1347300000000002
2.16606
2.1994
2.23565
2.2702400000000003
2.30954
2.35121
2.39255
2.4382
2.48585
2.53825
2.59301
2.65194
2.7182
2.78655
2.86394
2.9415600000000004
3.02645
3.10749
3.19058
3.2760100000000003
3.35214
3.44435
3.52944
3.61357
3.6975900000000004
3.78408
3.86193
3.94393
4.02266
4.10035
4.17597
4.24796
4.32024
4.39036
4.45803
4.52507

Vgs: 7.0
1.80596
1.80624
1.80495
1.80515
1.80465
1.8042799999999999
1.8056400000000001
1.8026200000000001
1.81307
1.82342
1.8322
1.8434199999999998
1.85239
1.86361
1.87674
1.8864400000000001
1.89706
1.90903
1.9215
1.9310399999999999
1.94662
1.9586400000000002
1.97195
1.98649
2.00052
2.0149600000000003
2.03023
2.04661
2.0603700000000003
2.07679
2.0937400000000004
2.11158
2.12824
2.1481
2.16563
2.1841299999999997
2.2031099999999997
2.22509
2.24623
2.2676100000000003
2.2909599999999997
2.3115599999999996
2.33942
2.36427
2.39113
2.41827
2.44698
2.47645
2.5073
2.53885
2.57328
2.6074800000000002
2.6445700000000003
2.6833500000000003
2.7242
2.76623
2.8103
2.85934
2.9088
2.96248
3.0205100000000003
3.08305
3.14954
3.2211000000000003
3.29977
3.36844
3.4646500000000002
3.55242
3.64009
3.72611
3.81177
3.89622
3.9838299999999998
4.0682599999999995
4.15624
4.23358
4.321829999999999
4.404520000000001
4.48381
4.56313
4.63858

Vgs: 7.5
2.13271
2.1341300000000003
2.13489
2.1349099999999996
2.13445
2.1351400000000003
2.1367399999999996
2.1350700000000002
2.13136
2.14592
2.15593
2.16628
2.1775
2.1877
2.1986000000000003
2.20882
2.22032
2.2297
2.24091
2.25467
2.26764
2.2824
2.2943
2.3078
2.32272
2.33739
2.3503600000000002
2.3640000000000003
2.3780799999999997
2.3929300000000002
2.41027
2.42468
2.44205
2.45839
2.47574
2.49266
2.51011
2.52997
2.5493099999999997
2.5696999999999997
2.5911799999999996
2.6133699999999997
2.63623
2.65883
2.68229
2.70696
2.73115
2.75736
2.78356
2.81167
2.84041
2.8696
2.90111
2.93301
2.96742
3.00373
3.0384
3.07664
3.1160699999999997
3.1584600000000003
3.20264
3.2482100000000003
3.2989
3.3486499999999997
3.3967
3.4638199999999997
3.5263199999999997
3.5958
3.66852
3.75014
3.8326800000000003
3.9185399999999997
4.00759
4.09587
4.1132800000000005
4.11351
4.11376
4.113720000000001
4.11355
4.1137
4.11363

Vgs: 8.0
2.4754199999999997
2.47698
2.47772
2.4773400000000003
2.47505
2.47508
2.4743999999999997
2.4745600000000003
2.47754
2.47914
2.4943999999999997
2.50619
2.5130399999999997
2.52233
2.5326400000000002
2.5430800000000002
2.5546800000000003
2.5669
2.57697
2.58914
2.59953
2.6129399999999996
2.6245499999999997
2.6379099999999998
2.65049
2.66317
2.6797
2.69258
2.70626
2.7237199999999997
2.73977
2.75143
2.7671
2.7815700000000003
2.7967500000000003
2.81425
2.83017
2.84806
2.8675200000000003
2.88589
2.90608
2.92653
2.94466
2.96642
2.98754
3.01015
3.03076
3.05544
3.0802
3.10358
3.1292
3.15683
3.18419
3.21208
3.23751
3.26972
3.30235
3.33583
3.3685199999999997
3.40361
3.44036
3.48007
3.51993
3.56111
3.60334
3.64902
3.69591
3.74632
3.7986
3.85691
3.9168199999999995
3.9819800000000005
4.05251
4.1277
4.208349999999999
4.29606
4.38013
4.47044
4.55936
4.64982
4.738779999999999
