Vgs range: 0,8,0.5
Vds range: 0,8,0.1

Vgs: 0.0
-6.151380000000001e-05
0.00019240999999999998
0.000244352
0.000262982
0.000296714
0.000407775
0.000686584
0.00119937
0.0019862499999999997
0.0030522799999999997
0.004393510000000001
0.00594558
0.007706079999999999
0.00964418
0.0117298
0.013982099999999999
0.0163452
0.0188595
0.0215062
0.024279099999999998
0.0273558
0.030827
0.0346625
0.039279600000000005
0.0447129
0.0510189
0.0583441
0.0662375
0.07554419999999999
0.0861685
0.0977568
0.11005699999999999
0.1239
0.139923
0.156606
0.17497
0.19421
0.216059
0.237538
0.258737
0.284291
0.310325
0.33647
0.366097
0.395527
0.425525
0.45643300000000003
0.491304
0.527875
0.563445
0.602621
0.6424920000000001
0.680595
0.7228239999999999
0.7641739999999999
0.8108650000000001
0.8573810000000001
0.90464
0.9472579999999999
0.995826
1.04783
1.09228
1.14044
1.19187
1.25657
1.3055199999999998
1.3544399999999999
1.40756
1.46583
1.52464
1.58426
1.64424
1.71247
1.76349
1.82135
1.88258
1.94386
2.01242
2.08873
2.15917
2.23035

Vgs: 0.5
-4.8858300000000006e-05
0.00125523
0.00147061
0.00150475
0.00152803
0.0015464600000000002
0.0015652300000000001
0.0015831999999999999
0.0016121
0.00168477
0.00188563
0.00231823
0.0030860600000000003
0.004229940000000001
0.00574291
0.00768786
0.010050100000000001
0.0129131
0.0162847
0.0202093
0.0246269
0.0296739
0.035244899999999996
0.0414839
0.0487266
0.0566769
0.06559129999999999
0.0751113
0.0857645
0.0972457
0.111578
0.12575499999999998
0.14042300000000002
0.15646000000000002
0.173047
0.19097799999999998
0.209233
0.229365
0.251052
0.274972
0.300179
0.325349
0.35293199999999997
0.382426
0.411249
0.442089
0.472993
0.5079830000000001
0.5434100000000001
0.580121
0.6162179999999999
0.652926
0.692937
0.734205
0.7770929999999999
0.819511
0.870109
0.913397
0.956709
1.00371
1.0519800000000001
1.10779
1.16215
1.21221
1.26528
1.32184
1.39332
1.45241
1.50905
1.56019
1.61232
1.66777
1.72592
1.78697
1.8443800000000001
1.9171500000000001
1.99903
2.06732
2.1463699999999997
2.2068399999999997
2.2726

Vgs: 1.0
-8.47186e-05
0.0146831
0.026018799999999998
0.034027299999999996
0.038946299999999996
0.0413416
0.0421924
0.0425166
0.0426879
0.0428511
0.0429612
0.0431237
0.043232599999999996
0.0434057
0.0437708
0.0445581
0.0459516
0.0482336
0.051653500000000005
0.0561047
0.061651500000000005
0.0680895
0.07558580000000001
0.08421949999999999
0.0936616
0.104223
0.115585
0.127964
0.141279
0.155198
0.17014800000000002
0.186414
0.203709
0.222338
0.24175
0.26254700000000003
0.283468
0.30683400000000005
0.32986499999999996
0.354515
0.38166
0.408761
0.436642
0.46691
0.49840500000000004
0.529241
0.5618850000000001
0.596062
0.630627
0.666551
0.703446
0.739553
0.779254
0.821732
0.8596050000000001
0.9007280000000001
0.947971
0.997197
1.04368
1.09365
1.14512
1.2041899999999999
1.252
1.29358
1.34975
1.40062
1.46178
1.52193
1.57792
1.63622
1.70236
1.75867
1.8212199999999998
1.88155
1.9444
2.0073600000000003
2.08772
2.15255
2.22909
2.30401
2.3621100000000004

Vgs: 1.5
-0.000120918
0.0272991
0.0519329
0.0737936
0.0928984
0.10914399999999999
0.12243799999999999
0.132844
0.14025100000000001
0.145016
0.147649
0.14891700000000002
0.149614
0.15014
0.150582
0.151011
0.151404
0.151758
0.15216900000000003
0.152753
0.153962
0.156237
0.159882
0.16500099999999998
0.172015
0.180654
0.19114699999999998
0.203155
0.21675
0.231575
0.24764600000000003
0.265164
0.283725
0.303826
0.32461399999999996
0.346379
0.370062
0.39472999999999997
0.420016
0.44687299999999996
0.474018
0.5025970000000001
0.5326639999999999
0.562255
0.5946750000000001
0.6266390000000001
0.661907
0.696106
0.733603
0.77191
0.807332
0.847979
0.889198
0.93165
0.975025
1.01853
1.06531
1.1118199999999998
1.1605299999999998
1.2096
1.25888
1.30866
1.35874
1.4177300000000002
1.4702300000000001
1.52384
1.58233
1.63799
1.69775
1.7545499999999998
1.815
1.8806800000000001
1.9493
2.00665
2.05864
2.13055
2.1926300000000003
2.25847
2.32146
2.3825600000000002
2.45089

Vgs: 2.0
-0.000288838
0.0371475
0.0722558
0.10511899999999999
0.135796
0.164163
0.190097
0.213629
0.234662
0.253071
0.268873
0.282039
0.292371
0.300117
0.30539
0.308541
0.310426
0.311601
0.312631
0.31355700000000003
0.31432
0.31505599999999995
0.315784
0.316482
0.317484
0.319463
0.322651
0.32738
0.33434200000000003
0.343255
0.35458100000000004
0.368101
0.383766
0.401261
0.42014999999999997
0.440981
0.463008
0.48660000000000003
0.511518
0.5377719999999999
0.565184
0.593158
0.6228699999999999
0.65432
0.687557
0.720486
0.754713
0.790245
0.8249540000000001
0.859719
0.895567
0.935448
0.9766630000000001
1.0206
1.06318
1.109
1.15288
1.19971
1.24925
1.2962900000000002
1.3472899999999999
1.39793
1.44997
1.5021900000000001
1.55592
1.61029
1.66223
1.7217
1.77735
1.83565
1.89554
1.9574000000000003
2.01933
2.0773699999999997
2.1351
2.1975
2.26789
2.3348
2.39871
2.46631
2.53124

Vgs: 2.5
-0.0007014419999999999
0.045000200000000004
0.0887476
0.130624
0.17068899999999998
0.20857699999999998
0.244803
0.279044
0.31123700000000004
0.34113299999999996
0.369152
0.394682
0.417991
0.439129
0.457552
0.47360399999999997
0.48714999999999997
0.49810299999999996
0.506624
0.512634
0.516732
0.5193059999999999
0.521249
0.522808
0.524112
0.525308
0.526473
0.527636
0.52867
0.530078
0.5325580000000001
0.5364099999999999
0.542301
0.5508219999999999
0.561639
0.57513
0.59123
0.609656
0.62988
0.651758
0.675034
0.7006049999999999
0.727027
0.755005
0.7848520000000001
0.814966
0.847165
0.881382
0.915875
0.9505790000000001
0.986961
1.02582
1.06565
1.1056499999999998
1.1478899999999999
1.19212
1.23614
1.2802200000000001
1.3258
1.3745
1.42289
1.46987
1.52087
1.57336
1.62687
1.67923
1.7332
1.7911299999999999
1.84861
1.90135
1.9602500000000003
2.01629
2.07666
2.1362099999999997
2.2041999999999997
2.26769
2.33167
2.3943499999999998
2.45932
2.5297
2.60254

Vgs: 3.0
-0.00203198
0.0508636
0.102025
0.151475
0.199361
0.245566
0.290152
0.333081
0.374329
0.413805
0.451499
0.48736
0.521382
0.553476
0.583572
0.6117009999999999
0.637662
0.661405
0.682857
0.701963
0.718724
0.732962
0.744757
0.754087
0.7611490000000001
0.7661159999999999
0.769603
0.772201
0.774346
0.776173
0.777904
0.779451
0.781014
0.782439
0.784153
0.787022
0.7917850000000001
0.798668
0.808268
0.8206650000000001
0.836072
0.854313
0.875074
0.8980149999999999
0.9231480000000001
0.949663
0.978358
1.01001
1.0415
1.07423
1.10905
1.14519
1.1829500000000002
1.22189
1.2613800000000002
1.30252
1.34478
1.38927
1.43447
1.48175
1.5287899999999999
1.57641
1.62768
1.6771399999999999
1.72777
1.7796299999999998
1.8336299999999999
1.88853
1.94265
1.99964
2.05783
2.1144
2.17251
2.22896
2.29221
2.3569
2.41628
2.4773400000000003
2.5372500000000002
2.60431
2.6768

Vgs: 3.5
-0.0117009
0.0498191
0.109964
0.166774
0.222361
0.275928
0.327918
0.378385
0.427455
0.474995
0.5210180000000001
0.565575
0.608533
0.649856
0.689581
0.727655
0.763939
0.7983629999999999
0.8309759999999999
0.861457
0.890123
0.916444
0.940816
0.96298
0.9827729999999999
1.0017500000000001
1.01687
1.02964
1.03976
1.0476699999999999
1.05358
1.0579299999999998
1.0613599999999999
1.06408
1.06642
1.0686
1.07063
1.07256
1.0743099999999999
1.0765
1.07994
1.08526
1.09302
1.10405
1.11815
1.13537
1.15574
1.1790699999999998
1.20479
1.23266
1.2626
1.29455
1.32816
1.36353
1.39985
1.4375200000000001
1.47641
1.5177999999999998
1.5598999999999998
1.6042299999999998
1.64504
1.6877199999999999
1.73984
1.7829
1.83263
1.8832499999999999
1.9336900000000001
1.98648
2.03892
2.09432
2.1567399999999997
2.20581
2.2655700000000003
2.32345
2.38678
2.44612
2.5086399999999998
2.56931
2.6262
2.6905200000000002
2.75364

Vgs: 4.0
-0.025857
0.0421167
0.10651500000000001
0.171036
0.234451
0.296667
0.357188
0.415434
0.471962
0.526941
0.580496
0.6327839999999999
0.683651
0.733177
0.78125
0.8279500000000001
0.873189
0.916775
0.9588409999999999
0.9991539999999999
1.03934
1.07595
1.11107
1.1441400000000002
1.17552
1.20469
1.23182
1.2568300000000001
1.2796100000000001
1.3001099999999999
1.31833
1.33411
1.34743
1.35847
1.3671600000000002
1.37389
1.3790600000000002
1.3830500000000001
1.3863599999999998
1.38933
1.39187
1.39436
1.39656
1.39875
1.40141
1.40536
1.41147
1.4200899999999999
1.43202
1.4470699999999999
1.46598
1.48818
1.5135299999999998
1.5411299999999999
1.57115
1.603
1.63729
1.6733799999999999
1.71147
1.75091
1.79193
1.83449
1.87798
1.9235
1.9698900000000001
2.01674
2.06536
2.1151999999999997
2.16564
2.219
2.27277
2.3237900000000002
2.37651
2.43329
2.49177
2.55018
2.6092400000000002
2.66953
2.7308
2.79273
2.85555

Vgs: 4.5
-0.0503477
0.0184378
0.0853415
0.154265
0.22355000000000003
0.291348
0.358787
0.424016
0.4915
0.556795
0.620784
0.68299
0.743097
0.801877
0.8586419999999999
0.913621
0.967077
1.02053
1.0708600000000001
1.11998
1.16764
1.21333
1.25781
1.30057
1.3416299999999999
1.38079
1.41836
1.45393
1.48763
1.51949
1.54887
1.57694
1.60243
1.62577
1.6467100000000001
1.66503
1.68176
1.69594
1.70743
1.71695
1.7244899999999999
1.7301199999999999
1.73421
1.7381499999999999
1.74158
1.74461
1.7480600000000002
1.75096
1.75352
1.75649
1.76107
1.76756
1.77673
1.7898
1.80636
1.8264799999999999
1.8506200000000002
1.8776000000000002
1.90765
1.9396699999999998
1.97373
2.01024
2.0483
2.0880199999999998
2.1310499999999997
2.17396
2.22003
2.26438
2.31256
2.36074
2.41098
2.46252
2.51558
2.56842
2.6245600000000002
2.68241
2.73956
2.79753
2.85672
2.9170599999999998
2.9791700000000003

Vgs: 5.0
-0.0659888
0.00754375
0.0768007
0.14954599999999998
0.218559
0.289141
0.35787399999999997
0.42669
0.49477699999999997
0.5677129999999999
0.638375
0.708759
0.778204
0.84523
0.911562
0.977798
1.04274
1.10464
1.16541
1.22346
1.27994
1.3341399999999999
1.3873900000000001
1.43862
1.4885899999999999
1.5367600000000001
1.58352
1.62838
1.67159
1.7130699999999999
1.75281
1.79076
1.82676
1.86087
1.89307
1.92315
1.95114
1.97701
2.00073
2.02223
2.04138
2.05828
2.0727900000000004
2.0848400000000002
2.09493
2.10305
2.10939
2.11463
2.1189899999999997
2.1229
2.12645
2.12969
2.1327
2.13549
2.1388100000000003
2.14372
2.15056
2.16048
2.17396
2.1916
2.21289
2.23879
2.26799
2.2997199999999998
2.33428
2.37126
2.40835
2.44822
2.49071
2.53445
2.58002
2.6256399999999998
2.67476
2.7238599999999997
2.7759899999999997
2.82765
2.8821
2.93691
2.9921100000000003
3.04901
3.1083600000000002

Vgs: 5.5
-0.0864972
-0.00993061
0.0660755
0.140927
0.21525599999999998
0.283733
0.358751
0.43147599999999997
0.5048210000000001
0.574748
0.647711
0.7196750000000001
0.792447
0.868017
0.939476
1.01313
1.0883500000000002
1.16045
1.23261
1.3013199999999998
1.36784
1.43386
1.49715
1.5579
1.617
1.6738199999999999
1.7290999999999999
1.78231
1.8341399999999999
1.8844400000000001
1.9329900000000002
1.9799000000000002
2.02501
2.0686099999999996
2.1103300000000003
2.1504499999999998
2.18845
2.22471
2.25906
2.29143
2.32157
2.3498
2.37591
2.40002
2.4218
2.44116
2.4583299999999997
2.47321
2.48592
2.49613
2.50493
2.51188
2.5175
2.52247
2.52683
2.5307
2.53423
2.53761
2.5404899999999997
2.54426
2.54926
2.55645
2.56675
2.58135
2.59974
2.62247
2.64965
2.6804699999999997
2.7141100000000002
2.74984
2.7888800000000002
2.82844
2.87063
2.91332
2.95806
3.00668
3.05469
3.1034499999999996
3.15538
3.20756
3.26012

Vgs: 6.0
-0.101131
-0.0238823
0.054396
0.128828
0.20238799999999998
0.27712499999999995
0.35225
0.43327699999999997
0.506129
0.586144
0.663793
0.742088
0.817905
0.899346
0.974859
1.05029
1.1275199999999999
1.2029
1.27943
1.35368
1.4277300000000002
1.5018500000000001
1.57477
1.64707
1.7164599999999999
1.7834299999999998
1.84854
1.91154
1.9725599999999999
2.03149
2.08879
2.14465
2.19845
2.2506399999999998
2.30079
2.35006
2.39718
2.44249
2.4860300000000004
2.52785
2.5678900000000002
2.60634
2.6423900000000002
2.6768400000000003
2.7092
2.73973
2.7679300000000002
2.794
2.8181
2.8398299999999996
2.85959
2.87691
2.892
2.9047500000000004
2.9157800000000003
2.9243099999999997
2.93177
2.93809
2.9433
2.9478400000000002
2.95206
2.95587
2.95969
2.9631100000000004
2.96672
2.97199
2.97952
2.99032
3.00496
3.02387
3.04736
3.0755
3.10716
3.14211
3.1794599999999997
3.2188
3.26145
3.30542
3.34944
3.39596
3.44569

Vgs: 6.5
-0.123278
-0.045864300000000004
0.035645
0.111078
0.18906599999999998
0.271247
0.34953799999999996
0.43157999999999996
0.509956
0.589105
0.671299
0.746675
0.825693
0.906502
0.9843230000000001
1.0647600000000002
1.1465100000000001
1.22599
1.3056299999999998
1.38549
1.46428
1.5444
1.62265
1.69996
1.77889
1.85471
1.93066
2.0044199999999996
2.07654
2.14675
2.21502
2.28144
2.34537
2.40727
2.46746
2.52555
2.58149
2.63573
2.68808
2.7390000000000003
2.7878600000000002
2.83534
2.8808499999999997
2.92443
2.96633
3.0063
3.04466
3.0809
3.11516
3.14767
3.17804
3.20618
3.23253
3.25645
3.27847
3.2981
3.31547
3.33073
3.34357
3.35489
3.3640499999999998
3.37168
3.37824
3.38392
3.38883
3.3931500000000003
3.39748
3.40103
3.40482
3.4089300000000002
3.4140099999999998
3.42174
3.4332
3.44822
3.46804
3.49184
3.52045
3.55251
3.58833
3.62657
3.6661200000000003

Vgs: 7.0
-0.14294199999999999
-0.0651882
0.0137533
0.0980886
0.183828
0.264218
0.347466
0.428351
0.507083
0.585381
0.670752
0.750908
0.8350299999999999
0.9177000000000001
0.9964469999999999
1.07963
1.17032
1.25458
1.33958
1.41984
1.49951
1.5802800000000001
1.66591
1.75222
1.83805
1.92049
2.00127
2.0821099999999997
2.16229
2.24235
2.3186299999999997
2.39391
2.46745
2.5388300000000004
2.60824
2.67537
2.7398499999999997
2.80275
2.86357
2.92302
2.98009
3.0358300000000003
3.0897300000000003
3.14169
3.19216
3.2410099999999997
3.28783
3.33294
3.37662
3.41836
3.45816
3.49622
3.53224
3.56643
3.59863
3.62875
3.6569800000000003
3.68292
3.70658
3.72815
3.74767
3.76516
3.78052
3.7935600000000003
3.80466
3.81402
3.8220099999999997
3.82892
3.83439
3.83978
3.84466
3.84904
3.85267
3.8569199999999997
3.86063
3.86613
3.87413
3.8853999999999997
3.90073
3.92084
3.9453099999999997

Vgs: 7.5
-0.163392
-0.0806841
-0.0030176799999999996
0.08112960000000001
0.163418
0.244233
0.33113499999999996
0.41418200000000005
0.49140700000000004
0.575064
0.664604
0.746899
0.833873
0.915751
0.993634
1.0854700000000002
1.17019
1.2532999999999999
1.33849
1.43061
1.51967
1.60167
1.69319
1.77437
1.85963
1.9470100000000001
2.0373
2.12308
2.2106399999999997
2.2920800000000003
2.3755
2.4594500000000004
2.54031
2.61983
2.69975
2.77739
2.85403
2.92744
2.99973
3.0697900000000002
3.13687
3.20265
3.26641
3.3290300000000004
3.38733
3.44781
3.50461
3.55857
3.61109
3.6613499999999997
3.7071199999999997
3.7542
3.79963
3.84231
3.8838000000000004
3.9227100000000004
3.9572499999999997
3.9941500000000003
4.02933
4.06208
4.092560000000001
4.120340000000001
4.1462
4.16981
4.19133
4.21049
4.2276299999999996
4.2427
4.2557599999999995
4.26682
4.27623
4.284330000000001
4.29051
4.2956
4.30128
4.30687
4.31134
4.31519
4.31913
4.32353
4.3289599999999995

Vgs: 8.0
-0.189344
-0.10583500000000001
-0.0232659
0.062015999999999995
0.143821
0.222866
0.309943
0.388149
0.47435
0.555311
0.644981
0.727901
0.8145579999999999
0.8984559999999999
0.9863310000000001
1.07392
1.1628299999999998
1.25502
1.33629
1.43121
1.5201399999999998
1.6082500000000002
1.69354
1.7819800000000001
1.86534
1.9562199999999998
2.04895
2.13338
2.2238499999999997
2.3039300000000003
2.39458
2.48869
2.57237
2.66326
2.74911
2.8373500000000003
2.92295
3.00563
3.08691
3.16604
3.2448
3.3212900000000003
3.39646
3.46901
3.54152
3.60991
3.6766099999999997
3.7405899999999996
3.80194
3.86128
3.9188199999999997
3.9743299999999997
4.02805
4.07975
4.12989
4.17803
4.224539999999999
4.26903
4.31185
4.35291
4.39182
4.42917
4.46448
4.498259999999999
4.52961
4.5591099999999996
4.58624
4.61149
4.63469
4.65578
4.67451
4.6912899999999995
4.705690000000001
4.719
4.72974
4.73923
4.7474
4.754160000000001
4.76042
4.76624
4.77149
