Vgs range: 0,8,0.1
Vds range: 0,8,0.5

Vgs: 0.0
-0.000146277
-0.000145928
-0.000145229
-0.000146854
-0.000146853
-0.00014827299999999998
-0.000148646
-0.000151092
-0.000147675
-0.000150316
-0.000148684
-0.000148581
-0.00014712999999999998
-0.000166344
-0.000205352
-0.00021608199999999998
-0.00023353300000000002
-0.00024898899999999997
-0.000267098
-0.000292337
-0.000322855
-0.000358446
-0.000405586
-0.000462116
-0.000548388
-0.000662136
-0.000810764
-0.000870751
-0.0010634499999999999
-0.00129249
-0.00162519
-0.00204679
-0.0026695
-0.00354245
-0.00462841
-0.00677024
-0.00891436
-0.0116506
-0.0140035
-0.0172824
-0.020647000000000002
-0.0236958
-0.0279837
-0.031646400000000005
-0.036124500000000004
-0.0395057
-0.04299770000000001
-0.0469059
-0.050849700000000005
-0.0552841
-0.0601532
-0.0646736
-0.06771880000000001
-0.0709299
-0.0752787
-0.0810675
-0.08901859999999999
-0.09369090000000001
-0.099935
-0.100344
-0.101416
-0.107466
-0.113869
-0.117661
-0.122242
-0.12809700000000002
-0.13753800000000002
-0.139586
-0.145093
-0.152489
-0.154534
-0.15629700000000002
-0.161921
-0.165293
-0.168481
-0.171125
-0.180497
-0.186349
-0.190897
-0.196498
-0.200914

Vgs: 0.5
0.000229865
0.000205775
0.000103724
0.000114948
0.000224658
0.000908975
0.00341994
0.0072729100000000005
0.0157601
0.0239825
0.036081100000000005
0.0495823
0.0633693
0.0775888
0.0907792
0.106164
0.115976
0.127558
0.138923
0.149417
0.15983499999999998
0.169563
0.178923
0.18794300000000003
0.196615
0.205084
0.21315099999999998
0.22085400000000002
0.228238
0.235459
0.242649
0.249367
0.255804
0.26186200000000004
0.267727
0.273211
0.27838999999999997
0.28302299999999997
0.287109
0.290186
0.292717
0.29454600000000003
0.296161
0.296756
0.297124
0.29697300000000004
0.29712700000000003
0.29554400000000003
0.293488
0.291681
0.29043199999999997
0.28978
0.287115
0.28603199999999995
0.284085
0.281636
0.28004100000000004
0.27652200000000005
0.27314700000000003
0.27181500000000003
0.268766
0.265383
0.262753
0.261089
0.256884
0.254977
0.253678
0.24840099999999998
0.247048
0.24307199999999998
0.240727
0.241262
0.23824800000000002
0.233089
0.229514
0.228055
0.22292399999999998
0.21823599999999999
0.213973
0.209569
0.20491600000000001

Vgs: 1.0
0.00470546
0.00460729
0.00230237
0.00133012
0.000800619
0.00128454
0.00306312
0.00740941
0.0160931
0.02472
0.0372317
0.052444500000000005
0.07014959999999999
0.09066239999999999
0.117505
0.137544
0.162982
0.187878
0.212396
0.23727700000000002
0.258811
0.282369
0.30287800000000004
0.323148
0.34215
0.36131
0.37946799999999997
0.396607
0.41317699999999996
0.42946100000000004
0.44495500000000004
0.460011
0.474635
0.48851199999999995
0.502195
0.5154489999999999
0.528313
0.54106
0.552582
0.562605
0.5752809999999999
0.585175
0.5946859999999999
0.6034280000000001
0.6116990000000001
0.618676
0.624373
0.628566
0.63322
0.637972
0.6400899999999999
0.6436909999999999
0.644656
0.646791
0.646061
0.6489999999999999
0.649052
0.6504220000000001
0.6506259999999999
0.6497080000000001
0.648806
0.647473
0.647961
0.6471520000000001
0.641205
0.640891
0.640734
0.6421789999999999
0.637281
0.635927
0.6316470000000001
0.630829
0.631967
0.6310690000000001
0.6305310000000001
0.630715
0.6280460000000001
0.62656
0.6241690000000001
0.620876
0.6144689999999999

Vgs: 1.5
0.0158462
0.0158322
0.0125121
0.009528380000000001
0.0081707
0.00756066
0.00857061
0.012501799999999999
0.0175961
0.026350600000000002
0.038287
0.053439400000000005
0.0712708
0.09200660000000001
0.119356
0.140387
0.16770000000000002
0.19659100000000002
0.227663
0.260027
0.295141
0.32900799999999997
0.36379799999999995
0.39684200000000003
0.429093
0.46164900000000003
0.49145199999999994
0.521095
0.54801
0.57496
0.602364
0.62391
0.6515
0.674216
0.6968960000000001
0.7191069999999999
0.7403550000000001
0.761643
0.781159
0.8014880000000001
0.820242
0.838784
0.856743
0.8740450000000001
0.8904610000000001
0.9066719999999999
0.921372
0.935485
0.948561
0.960979
0.962989
0.962974
0.963448
0.963525
0.96352
0.963121
0.9914050000000001
1.01661
1.02111
1.02177
1.02432
1.0250299999999999
1.02626
1.02673
1.02881
1.03078
1.0340900000000002
1.03406
1.03328
1.03663
1.0400800000000001
1.03539
1.0367499999999998
1.03444
1.03297
1.03953
1.0425499999999999
1.03637
1.03957
1.03535
1.02837

Vgs: 2.0
0.032594
0.0325948
0.0314669
0.0291017
0.0286205
0.0292905
0.031108200000000003
0.0345406
0.038893300000000006
0.046349800000000003
0.0553492
0.06655520000000001
0.080547
0.09835759999999999
0.12306
0.143091
0.169625
0.199055
0.23149
0.26433799999999996
0.300003
0.337082
0.375667
0.416439
0.456958
0.49997699999999995
0.54283
0.585375
0.6249549999999999
0.66549
0.703892
0.7414980000000001
0.7774220000000001
0.8120799999999999
0.8460190000000001
0.87861
0.909566
0.94043
0.9698610000000001
0.999349
1.0339699999999998
1.05566
1.08249
1.10836
1.1336199999999999
1.15801
1.18138
1.2059
1.22671
1.24843
1.26928
1.28795
1.30551
1.32243
1.3370000000000002
1.34903
1.35998
1.37117
1.3771
1.3855300000000002
1.39317
1.40033
1.4067699999999999
1.41099
1.41492
1.42114
1.42636
1.43036
1.43354
1.4363
1.44151
1.44345
1.44351
1.44568
1.45249
1.45776
1.45822
1.46103
1.4682300000000001
1.46078
1.4649

Vgs: 2.5
0.0683089
0.0684039
0.0683974
0.0693999
0.0711383
0.07355650000000001
0.0770381
0.081832
0.087484
0.0922622
0.104168
0.112387
0.123447
0.137198
0.15156
0.169815
0.189715
0.213279
0.237654
0.27038399999999996
0.3049
0.34169099999999997
0.381048
0.421443
0.463825
0.50822
0.5536
0.600806
0.64822
0.697455
0.7478629999999999
0.797998
0.845704
0.8946120000000001
0.93878
0.984326
1.0373400000000002
1.0716700000000001
1.11191
1.15139
1.1903599999999999
1.22795
1.2644
1.2995299999999999
1.3341
1.36791
1.40028
1.43298
1.46459
1.49409
1.5240799999999999
1.55184
1.58005
1.60685
1.63306
1.65805
1.68022
1.7020600000000001
1.7223
1.73913
1.75441
1.76642
1.77906
1.79266
1.8044300000000002
1.8114299999999999
1.81926
1.82787
1.83481
1.84142
1.84633
1.85524
1.86145
1.86698
1.87616
1.88591
1.8899
1.8889
1.89286
1.8973499999999999
1.8987699999999998

Vgs: 3.0
0.13427
0.134817
0.134346
0.136064
0.140795
0.144845
0.149784
0.15545399999999998
0.162422
0.17003600000000002
0.178371
0.187925
0.198534
0.210792
0.22381500000000001
0.238955
0.25514
0.27294
0.293783
0.314817
0.33984899999999996
0.367557
0.399571
0.43355
0.47188399999999997
0.514709
0.559894
0.609208
0.65713
0.707932
0.758409
0.8119270000000001
0.865573
0.9114789999999999
0.975506
1.04426
1.0886500000000001
1.1361100000000002
1.19599
1.24799
1.2993
1.34763
1.3955899999999999
1.4427299999999998
1.48779
1.5317
1.5742900000000002
1.61667
1.65675
1.6976
1.73603
1.77345
1.8113599999999999
1.8458400000000001
1.88183
1.91603
1.94787
1.98029
2.0120799999999996
2.04295
2.0703
2.0982000000000003
2.12458
2.1483000000000003
2.1703799999999998
2.18927
2.2070499999999997
2.22264
2.2372199999999998
2.24984
2.2612
2.27475
2.28559
2.29506
2.30077
2.30972
2.31502
2.32736
2.33391
2.34014
2.34233

Vgs: 3.5
0.233047
0.23377
0.233432
0.233445
0.240781
0.246364
0.252417
0.258931
0.266254
0.27455799999999997
0.283279
0.292685
0.303335
0.314853
0.327025
0.339862
0.356083
0.371776
0.38872
0.406868
0.426981
0.44915
0.47269
0.49816900000000003
0.526874
0.5575629999999999
0.591283
0.629939
0.671259
0.717071
0.7665690000000001
0.8196530000000001
0.874788
0.929619
0.985994
1.05837
1.1090099999999998
1.16686
1.22692
1.28884
1.35119
1.41145
1.47216
1.516
1.5886
1.64587
1.69805
1.75171
1.80203
1.85338
1.9021599999999999
1.9497900000000001
1.9964700000000002
2.04169
2.08608
2.1295699999999997
2.17136
2.213
2.25253
2.2921199999999997
2.3306199999999997
2.36739
2.40385
2.43948
2.47295
2.50576
2.53674
2.56706
2.59458
2.6208199999999997
2.6446
2.66418
2.68263
2.7002800000000002
2.71199
2.7266299999999997
2.7372199999999998
2.7484900000000003
2.75933
2.7674000000000003
2.77526

Vgs: 4.0
0.3667
0.36843
0.36804699999999996
0.36741399999999996
0.37105
0.380361
0.387074
0.39459299999999997
0.40233199999999997
0.410522
0.41893600000000003
0.428863
0.439951
0.451203
0.462834
0.47533
0.48930200000000007
0.5041979999999999
0.519631
0.536141
0.553673
0.572762
0.592657
0.61362
0.636717
0.661767
0.687967
0.7163080000000001
0.747339
0.780427
0.817088
0.8574900000000001
0.900872
0.947999
1.0123300000000002
1.05784
1.11643
1.17769
1.23959
1.30274
1.3684
1.43301
1.49958
1.56584
1.63287
1.70136
1.75587
1.83095
1.89289
1.9558599999999997
2.0157399999999996
2.07546
2.13429
2.1897599999999997
2.2459
2.2992
2.34943
2.40077
2.4507600000000003
2.49978
2.54588
2.59145
2.63803
2.68094
2.72439
2.76649
2.80706
2.84564
2.88408
2.92152
2.9568
2.99069
3.02225
3.05144
3.07991
3.10586
3.1273
3.14919
3.16773
3.18482
3.19701

Vgs: 4.5
0.532865
0.534012
0.5333990000000001
0.532811
0.5327879999999999
0.542056
0.549085
0.558753
0.567249
0.575936
0.585158
0.5947819999999999
0.605361
0.61645
0.62751
0.6405770000000001
0.652752
0.666547
0.680483
0.694953
0.711465
0.729379
0.7471249999999999
0.766484
0.785988
0.807242
0.830089
0.8501690000000001
0.879074
0.906384
0.9346909999999999
0.965578
0.9982229999999999
1.04213
1.0724
1.1139100000000002
1.15852
1.2073800000000001
1.26121
1.31878
1.3804500000000002
1.44583
1.51332
1.58222
1.6509999999999998
1.72136
1.78973
1.8632
1.9318600000000001
2.0040600000000004
2.05628
2.1434100000000003
2.2147400000000004
2.28213
2.34869
2.4130599999999998
2.47574
2.538
2.59685
2.6568300000000002
2.7140400000000002
2.77156
2.8263
2.87816
2.9292900000000004
2.98117
3.02939
3.07783
3.1237399999999997
3.1703
3.2146700000000004
3.25748
3.29926
3.34036
3.3798600000000003
3.4174700000000002
3.45301
3.48699
3.51777
3.5467099999999996
3.57088

Vgs: 5.0
0.7259070000000001
0.726662
0.727363
0.726962
0.727164
0.7287199999999999
0.741487
0.7504649999999999
0.758692
0.76655
0.777258
0.786811
0.797234
0.8078789999999999
0.820287
0.831274
0.844322
0.8576849999999999
0.8705120000000001
0.8850709999999999
0.8998120000000001
0.916316
0.9343720000000001
0.950551
0.969504
0.988001
1.01369
1.0302499999999999
1.0533000000000001
1.07613
1.10117
1.1281100000000002
1.15124
1.18283
1.21363
1.2460399999999998
1.2801799999999999
1.31672
1.35501
1.3969099999999999
1.44423
1.4918500000000001
1.54579
1.60512
1.66718
1.73369
1.8028
1.87615
1.94757
2.0238500000000004
2.0983400000000003
2.17393
2.2476599999999998
2.3227700000000002
2.39954
2.47436
2.54779
2.62032
2.69213
2.7632999999999996
2.83359
2.89626
2.96249
3.0261
3.08796
3.14847
3.2077199999999997
3.26497
3.32067
3.37665
3.43027
3.4811
3.53361
3.5817900000000003
3.63103
3.67752
3.7216
3.76627
3.80769
3.84888
3.88865

Vgs: 5.5
0.9499460000000001
0.950381
0.948845
0.951542
0.950665
0.951009
0.958317
0.968583
0.977229
0.9868089999999999
0.9971209999999999
1.00929
1.0163
1.02814
1.0377800000000001
1.0515100000000002
1.06391
1.07567
1.08844
1.10398
1.1189900000000002
1.13406
1.14994
1.16366
1.18248
1.2008699999999999
1.2180900000000001
1.2390299999999999
1.2588
1.27948
1.30142
1.32342
1.3473000000000002
1.37239
1.39867
1.42581
1.45452
1.4847700000000001
1.51657
1.55002
1.58742
1.62364
1.66388
1.70623
1.7514
1.80141
1.8544399999999999
1.91083
1.97343
2.04087
2.11292
2.18751
2.26662
2.34351
2.42094
2.49854
2.57793
2.65703
2.7378099999999996
2.8145700000000002
2.89316
2.9723900000000003
3.04643
3.12016
3.19487
3.26549
3.3343700000000003
3.40466
3.46818
3.53377
3.59662
3.65766
3.7191099999999997
3.77723
3.83427
3.8899500000000002
3.94227
3.9959899999999995
4.047000000000001
4.0973299999999995
4.14532

Vgs: 6.0
1.20818
1.20857
1.20885
1.20848
1.20816
1.20849
1.2087
1.2225599999999999
1.2316099999999999
1.24085
1.24986
1.25847
1.27112
1.28176
1.29171
1.30243
1.31501
1.32722
1.33869
1.35271
1.36454
1.38058
1.39536
1.41101
1.4259400000000002
1.4413200000000002
1.45913
1.47766
1.4942499999999999
1.51206
1.53312
1.55532
1.5760500000000002
1.59786
1.62066
1.64397
1.6706100000000002
1.6959
1.72272
1.7511700000000001
1.7812800000000002
1.81237
1.84586
1.8804699999999999
1.91639
1.95619
1.99644
2.0396
2.08488
2.1341
2.1862600000000003
2.24195
2.3044200000000004
2.36872
2.44102
2.5179899999999997
2.59411
2.67975
2.7556
2.82943
2.92097
3.00219
3.08398
3.16635
3.25144
3.33338
3.40797
3.48777
3.56419
3.64264
3.71482
3.78568
3.8576
3.9244700000000003
3.9905399999999998
4.05562
4.11916
4.18123
4.23504
4.301100000000001
4.35899

Vgs: 6.5
1.48708
1.4867599999999999
1.4880200000000001
1.48864
1.4882
1.48927
1.4902900000000001
1.4931
1.50715
1.5174699999999999
1.5246000000000002
1.5353
1.54506
1.55653
1.5665
1.57803
1.5887
1.60015
1.6124100000000001
1.6251
1.6384699999999999
1.65337
1.6676099999999998
1.6824400000000002
1.69652
1.7120600000000001
1.7283000000000002
1.74576
1.76111
1.77889
1.79789
1.81629
1.83279
1.85408
1.8765800000000001
1.89993
1.92218
1.94554
1.96972
1.9941799999999998
2.02052
2.04856
2.07661
2.10525
2.13642
2.16933
2.20174
2.23718
2.27319
2.31231
2.3522399999999997
2.3946699999999996
2.44017
2.48782
2.54076
2.59555
2.65357
2.71963
2.7864999999999998
2.8631300000000004
2.9411
3.02521
3.10743
3.18893
3.27428
3.3597200000000003
3.44216
3.52767
3.6102600000000002
3.69768
3.77854
3.85906
3.94099
4.020250000000001
4.096500000000001
4.17242
4.24491
4.317159999999999
4.3862
4.4575700000000005
4.52209

Vgs: 7.0
1.79334
1.7938699999999999
1.7920900000000002
1.79275
1.7958500000000002
1.7911400000000002
1.79219
1.7939
1.8006199999999999
1.81293
1.8231
1.83294
1.84242
1.85365
1.86689
1.87824
1.8892
1.9015600000000001
1.91092
1.92221
1.9364700000000001
1.95049
1.96426
1.97498
1.9878600000000002
2.00089
2.01723
2.03316
2.0469199999999996
2.0638900000000002
2.0782700000000003
2.09731
2.11447
2.1349899999999997
2.15298
2.1726900000000002
2.1944999999999997
2.21473
2.23593
2.2571499999999998
2.28276
2.30592
2.33257
2.3583100000000004
2.38513
2.4126299999999996
2.43999
2.47059
2.50328
2.53624
2.57084
2.60699
2.64325
2.68199
2.71644
2.7656199999999997
2.81101
2.85918
2.9085199999999998
2.96334
3.02118
3.08209
3.1501900000000003
3.22121
3.3024
3.38172
3.4637700000000002
3.55144
3.6368799999999997
3.7244800000000002
3.81074
3.8956500000000003
3.9819299999999997
4.06799
4.15351
4.23666
4.32082
4.40188
4.48053
4.56044
4.638599999999999

Vgs: 7.5
2.1155000000000004
2.1161499999999998
2.1160900000000002
2.1179699999999997
2.11654
2.11854
2.1187799999999997
2.1191500000000003
2.12115
2.13511
2.1411
2.1537800000000002
2.16162
2.17467
2.1845800000000004
2.19522
2.2052199999999997
2.21644
2.22792
2.23923
2.25087
2.2629799999999998
2.27846
2.29109
2.30557
2.3194399999999997
2.33414
2.3486000000000002
2.36137
2.3772200000000003
2.3927699999999996
2.40685
2.42446
2.44063
2.4589299999999996
2.47795
2.49682
2.51694
2.5364
2.55723
2.57917
2.59882
2.62237
2.64519
2.6683499999999998
2.6923
2.71773
2.74565
2.77323
2.80165
2.83309
2.8618799999999998
2.89392
2.92653
2.96267
2.99978
3.03519
3.0735799999999998
3.11354
3.15627
3.1924599999999996
3.24574
3.2957400000000003
3.34912
3.40213
3.46264
3.52486
3.59548
3.66812
3.74791
3.83169
3.91685
4.00873
4.0906400000000005
4.17981
4.26908
4.3549299999999995
4.44325
4.5280700000000005
4.61534
4.69967

Vgs: 8.0
2.4627999999999997
2.46518
2.46508
2.46414
2.46313
2.46641
2.46394
2.46369
2.46461
2.46699
2.47844
2.48984
2.4989600000000003
2.51166
2.52199
2.5347299999999997
2.54453
2.55567
2.56708
2.5764899999999997
2.58879
2.60056
2.61393
2.6285800000000004
2.63883
2.65308
2.6676
2.68077
2.6918900000000003
2.70924
2.725
2.74076
2.75583
2.7710299999999997
2.78675
2.8033099999999997
2.82244
2.84225
2.86103
2.8771500000000003
2.8985399999999997
2.91622
2.9376599999999997
2.95898
2.98023
3.0014999999999996
3.0243599999999997
3.04788
3.0723700000000003
3.0993
3.12384
3.15021
3.17793
3.2069799999999997
3.23761
3.26882
3.29859
3.33256
3.36729
3.40267
3.43915
3.47686
3.5172100000000004
3.5586699999999998
3.6021400000000003
3.6478
3.6952000000000003
3.7467
3.79843
3.8561300000000003
3.9158600000000003
3.9801100000000003
4.0545
4.12558
4.20781
4.29171
4.3791400000000005
4.4677500000000006
4.55585
4.64524
4.73414
