Vgs range: 0,8,0.1
Vds range: 0,8,0.5

Vgs: 0.0
-6.1376e-05
-5.6751999999999995e-05
-5.55236e-05
-5.29325e-05
-4.87145e-05
-5.09629e-05
-4.77811e-05
-4.82403e-05
-5.1081699999999996e-05
-4.99609e-05
-5.3955999999999996e-05
-5.75577e-05
-6.13076e-05
-6.66887e-05
-7.05104e-05
-8.05212e-05
-8.76722e-05
-9.68425e-05
-0.000118367
-0.000134995
-0.000157713
-0.00018707900000000002
-0.000221196
-0.000267719
-0.000319774
-0.000395015
-0.000506432
-0.000655287
-0.000840088
-0.00107386
-0.0013128
-0.00175323
-0.00225042
-0.00290273
-0.0038331599999999995
-0.00503043
-0.00614258
-0.00791722
-0.0108607
-0.0128642
-0.0156274
-0.018431899999999998
-0.0217666
-0.0249472
-0.0290213
-0.0333617
-0.0360907
-0.0410168
-0.0453083
-0.0490509
-0.0524858
-0.0573377
-0.0613899
-0.0644116
-0.0705929
-0.0736494
-0.077263
-0.0796164
-0.0883831
-0.0914005
-0.0922172
-0.09627
-0.101402
-0.10771900000000001
-0.113152
-0.117949
-0.12297100000000001
-0.128628
-0.134993
-0.14083199999999998
-0.143041
-0.145984
-0.14987799999999998
-0.15329600000000002
-0.16145299999999999
-0.161691
-0.16969599999999999
-0.172562
-0.18141000000000002
-0.185872
-0.191893

Vgs: 0.5
0.000465347
0.00043194100000000003
0.000300742
0.000321331
0.0004986109999999999
0.00155897
0.0038178500000000002
0.00863442
0.017898599999999997
0.0265506
0.038995699999999994
0.0528579
0.0667326
0.0807066
0.0939125
0.109206
0.118916
0.13050299999999998
0.141721
0.152134
0.162609
0.172386
0.18170099999999997
0.18967499999999998
0.199006
0.207464
0.215632
0.223347
0.230607
0.237863
0.245028
0.251921
0.258158
0.26427599999999996
0.27032
0.276019
0.281534
0.286194
0.290741
0.29492500000000005
0.29823099999999997
0.30099
0.30330199999999996
0.30472000000000005
0.30589
0.306748
0.306843
0.306362
0.307176
0.30771200000000004
0.306963
0.305933
0.303981
0.302097
0.298919
0.295573
0.295184
0.29512700000000003
0.293821
0.291154
0.289541
0.284929
0.28309199999999995
0.27944599999999997
0.27835499999999996
0.27519000000000005
0.272996
0.267194
0.265235
0.266258
0.261166
0.259454
0.255631
0.252492
0.24764699999999998
0.242701
0.237614
0.230683
0.223882
0.218925
0.216971

Vgs: 1.0
0.00491437
0.00482053
0.00258187
0.0016259
0.00118132
0.00169055
0.00400602
0.00904655
0.018238
0.0271353
0.040917300000000004
0.056101899999999996
0.074416
0.0954217
0.12268199999999999
0.142768
0.168082
0.193377
0.218384
0.241525
0.264921
0.287401
0.308361
0.327763
0.34689
0.365795
0.383544
0.40098500000000004
0.417048
0.433761
0.449529
0.46395600000000004
0.478348
0.49228399999999994
0.505897
0.5193
0.531934
0.544303
0.556025
0.567598
0.578407
0.588276
0.5980449999999999
0.607772
0.6150990000000001
0.6227029999999999
0.628304
0.633862
0.6388849999999999
0.6427499999999999
0.646093
0.648456
0.652425
0.65493
0.655174
0.655979
0.657478
0.6566799999999999
0.657962
0.655759
0.656709
0.659733
0.6604
0.661908
0.660127
0.655392
0.654694
0.655574
0.6540819999999999
0.649117
0.6516160000000001
0.654236
0.652599
0.651817
0.646075
0.643289
0.640478
0.63836
0.638495
0.639418
0.639433

Vgs: 1.5
0.0160322
0.0160253
0.0127612
0.0102653
0.00856501
0.008430430000000001
0.00980514
0.0144017
0.019882300000000002
0.0294103
0.041661
0.0572584
0.0763172
0.0969153
0.124742
0.145757
0.173384
0.202631
0.234675
0.267214
0.302249
0.33205399999999996
0.371218
0.404115
0.436428
0.468323
0.49794900000000003
0.5271260000000001
0.554551
0.581073
0.6077180000000001
0.633148
0.6565730000000001
0.679737
0.702358
0.724595
0.746355
0.767083
0.787571
0.8067880000000001
0.824518
0.84425
0.862375
0.879432
0.896159
0.912333
0.927879
0.942303
0.9553269999999999
0.967848
0.9787280000000002
0.988299
0.996008
1.00791
1.0137900000000002
1.0179799999999999
1.02283
1.02751
1.03238
1.0349899999999999
1.03877
1.04371
1.0466600000000001
1.0484
1.04969
1.05356
1.05423
1.05541
1.0594700000000001
1.05932
1.0615100000000002
1.06324
1.06484
1.0611799999999998
1.0642900000000002
1.06739
1.0694400000000002
1.06925
1.0648199999999999
1.06384
1.0645

Vgs: 2.0
0.0324962
0.032477400000000003
0.031606999999999996
0.0293975
0.0292796
0.0302797
0.0326229
0.0364018
0.0420489
0.0493532
0.0590561
0.0708155
0.08540919999999999
0.107154
0.124485
0.148903
0.17689
0.205518
0.237986
0.271366
0.307481
0.345538
0.38431
0.425566
0.467164
0.517429
0.552175
0.594783
0.634
0.674918
0.712728
0.7497820000000001
0.785442
0.820327
0.853087
0.88641
0.9174260000000001
0.9475669999999999
0.97766
1.01306
1.03551
1.0621
1.08943
1.11509
1.1406800000000001
1.1654499999999999
1.1884000000000001
1.2117600000000002
1.23383
1.25606
1.2769700000000002
1.2965200000000001
1.31624
1.33348
1.3511300000000002
1.3664
1.3793799999999998
1.39047
1.40446
1.41551
1.42401
1.43126
1.43895
1.44327
1.4518499999999999
1.4578900000000001
1.46356
1.4696500000000001
1.47504
1.48229
1.48589
1.48641
1.49295
1.4946
1.50025
1.49981
1.5019
1.50125
1.49974
1.5027899999999998
1.51335

Vgs: 2.5
0.0658415
0.0659183
0.0659656
0.0676724
0.0699126
0.0730769
0.0771459
0.0820732
0.0886199
0.096522
0.107298
0.115826
0.127571
0.14177800000000002
0.156769
0.175525
0.196431
0.220365
0.247755
0.274362
0.312964
0.35075
0.390094
0.430415
0.47348799999999996
0.518038
0.564445
0.610877
0.658608
0.707193
0.7576189999999999
0.808182
0.8557509999999999
0.904136
0.948685
0.994241
1.0465
1.08219
1.12037
1.16046
1.19896
1.23635
1.2725600000000001
1.3081399999999999
1.3437
1.37593
1.4088200000000002
1.44082
1.47183
1.5021200000000001
1.5317900000000002
1.56072
1.58855
1.61536
1.6417199999999998
1.66705
1.69106
1.71445
1.7352299999999998
1.75591
1.7745199999999999
1.79133
1.80727
1.82149
1.83464
1.84574
1.85724
1.8689900000000002
1.88273
1.8911799999999999
1.8971
1.90479
1.90913
1.9139000000000002
1.92157
1.9296
1.9338300000000002
1.9398499999999999
1.94001
1.94211
1.9472800000000001

Vgs: 3.0
0.131734
0.131653
0.131831
0.133864
0.139045
0.14374900000000002
0.149652
0.156178
0.16300599999999998
0.171046
0.17961
0.189895
0.200413
0.21325
0.22667400000000001
0.24229699999999998
0.259513
0.27769699999999997
0.29641900000000004
0.321139
0.346832
0.375224
0.407491
0.442686
0.481277
0.5244909999999999
0.569118
0.6170410000000001
0.665837
0.715947
0.770838
0.821962
0.877198
0.93064
0.9863879999999999
1.05532
1.10009
1.15492
1.20687
1.25924
1.3101
1.35874
1.4078199999999998
1.45344
1.49962
1.54392
1.57919
1.62652
1.66669
1.70794
1.74687
1.78332
1.82057
1.8567200000000001
1.8916600000000001
1.92562
1.95861
1.9913600000000002
2.02242
2.05377
2.08385
2.1104600000000002
2.13824
2.1635999999999997
2.1880900000000003
2.2108499999999998
2.23209
2.2520499999999997
2.26959
2.28395
2.29537
2.30487
2.31478
2.32395
2.33278
2.34361
2.35228
2.3631699999999998
2.36863
2.37745
2.3827499999999997

Vgs: 3.5
0.227732
0.226861
0.227331
0.22739900000000002
0.235754
0.241915
0.24840099999999998
0.255237
0.263548
0.271279
0.280724
0.291374
0.302353
0.314961
0.32813200000000003
0.342298
0.357854
0.374926
0.39149999999999996
0.410982
0.431806
0.45434199999999997
0.479024
0.506079
0.533897
0.566223
0.600998
0.6396200000000001
0.681317
0.727198
0.77794
0.830338
0.8849469999999999
0.940464
0.9980900000000001
1.0704099999999999
1.1179899999999998
1.1790699999999998
1.2404600000000001
1.30189
1.36405
1.42502
1.4863700000000002
1.54359
1.60103
1.65669
1.71126
1.76303
1.8150499999999998
1.86533
1.91636
1.96158
2.00802
2.05314
2.09893
2.14324
2.18314
2.22491
2.2643400000000002
2.3045999999999998
2.34336
2.38011
2.4159699999999997
2.45121
2.48562
2.5186599999999997
2.5493400000000004
2.5793600000000003
2.60789
2.6346600000000002
2.66031
2.68354
2.70382
2.7225800000000002
2.7407500000000002
2.75673
2.76861
2.77918
2.79231
2.80223
2.81217

Vgs: 4.0
0.355904
0.356462
0.356763
0.357075
0.360313
0.370751
0.376382
0.38563
0.39415300000000003
0.403103
0.412303
0.422796
0.434054
0.446149
0.458658
0.472051
0.48695299999999997
0.502413
0.519092
0.536459
0.55506
0.570137
0.5962050000000001
0.618414
0.6425479999999999
0.6689149999999999
0.695322
0.725143
0.757291
0.789911
0.827101
0.863775
0.911925
0.960286
1.0246700000000002
1.06745
1.1289399999999998
1.19004
1.2519
1.31623
1.38236
1.44622
1.51337
1.57942
1.64598
1.7135099999999999
1.77939
1.84564
1.9070999999999998
1.9696399999999998
2.03017
2.0893100000000002
2.14676
2.20295
2.25948
2.31
2.3616599999999996
2.41367
2.46233
2.51124
2.5587999999999997
2.60431
2.65028
2.6945799999999998
2.73733
2.77853
2.81982
2.85788
2.89637
2.92752
2.96969
3.00406
3.0382000000000002
3.06704
3.0961600000000002
3.12365
3.14673
3.16643
3.1861099999999998
3.2043000000000004
3.2164099999999998

Vgs: 4.5
0.520201
0.520676
0.521662
0.521298
0.519698
0.5304869999999999
0.538249
0.547495
0.555116
0.566126
0.575285
0.585376
0.5970139999999999
0.610047
0.622376
0.6362180000000001
0.649967
0.666677
0.681141
0.696989
0.7148639999999999
0.730992
0.751684
0.771402
0.79259
0.815106
0.8384119999999999
0.863661
0.889025
0.916527
0.945683
0.9769329999999999
1.0178699999999998
1.0461699999999998
1.08441
1.12625
1.17109
1.22195
1.27484
1.33298
1.3948
1.45891
1.52665
1.59432
1.66372
1.7361600000000001
1.80439
1.87674
1.94732
2.02127
2.0916099999999997
2.1598300000000004
2.23046
2.29656
2.36347
2.42869
2.49117
2.55438
2.6134
2.67222
2.7284100000000002
2.785
2.83894
2.8918500000000003
2.94344
2.99417
3.04332
3.0926299999999998
3.13788
3.1841999999999997
3.22904
3.2716
3.31466
3.35491
3.39452
3.4329
3.4688000000000003
3.5037599999999998
3.5339899999999997
3.56433
3.59065

Vgs: 5.0
0.709443
0.707545
0.708775
0.7087680000000001
0.7062769999999999
0.708686
0.718875
0.727373
0.737584
0.749414
0.760507
0.770718
0.782036
0.793967
0.808348
0.8195239999999999
0.8323579999999999
0.845066
0.86133
0.8764460000000001
0.893247
0.910772
0.928133
0.946154
0.965565
0.986279
1.01352
1.03137
1.05423
1.07945
1.10534
1.13271
1.16164
1.1909699999999999
1.2229700000000001
1.25627
1.2863900000000001
1.32924
1.3700999999999999
1.4131
1.45725
1.50627
1.56081
1.6206099999999999
1.68246
1.75245
1.81834
1.89083
1.9635
2.03895
2.11444
2.18969
2.26594
2.33888
2.4175999999999997
2.48661
2.5640799999999997
2.63766
2.7090199999999998
2.78075
2.84799
2.9128700000000003
2.9798799999999996
3.0425500000000003
3.1066700000000003
3.16703
3.22306
3.2804100000000003
3.3360299999999996
3.39167
3.44523
3.4969200000000003
3.54771
3.59722
3.6414899999999997
3.69171
3.73687
3.7823800000000003
3.82332
3.86428
3.90367

Vgs: 5.5
0.933651
0.9326599999999999
0.932006
0.931884
0.93408
0.933232
0.9405680000000001
0.952079
0.959672
0.970728
0.9787800000000001
0.990313
1.00305
1.01104
1.02487
1.03551
1.05065
1.065
1.07943
1.0936
1.10866
1.12369
1.1397899999999999
1.15512
1.17289
1.1912800000000001
1.2094799999999999
1.23123
1.25304
1.2750299999999999
1.2976999999999999
1.32153
1.34715
1.37389
1.4008099999999999
1.4300899999999999
1.46109
1.49297
1.52553
1.5607
1.59853
1.63784
1.6781000000000001
1.72112
1.76746
1.81745
1.8707699999999998
1.92892
1.99169
2.06092
2.13027
2.20485
2.28374
2.35894
2.4383999999999997
2.51952
2.59422
2.67446
2.7529
2.83307
2.91017
2.98663
3.0649
3.14038
3.2103
3.27143
3.35085
3.41893
3.48497
3.5499199999999997
3.61306
3.67405
3.7352499999999997
3.79293
3.85095
3.9052000000000002
3.96024
4.0074000000000005
4.05784
4.10975
4.1591

Vgs: 6.0
1.16622
1.16233
1.1645500000000002
1.16724
1.1662700000000001
1.16844
1.16994
1.18356
1.19123
1.19966
1.20939
1.2184400000000002
1.22905
1.23984
1.2521399999999998
1.2625
1.27618
1.29037
1.30383
1.31885
1.33392
1.34846
1.36373
1.37995
1.39727
1.4139199999999998
1.43028
1.44874
1.4680900000000001
1.48898
1.51084
1.53231
1.55487
1.5782800000000001
1.60269
1.6292399999999998
1.65628
1.6837600000000001
1.71258
1.74312
1.77755
1.81177
1.8462999999999998
1.8837599999999999
1.92292
1.96123
2.0037599999999998
2.05145
2.09728
2.1488
2.2013800000000003
2.2586500000000003
2.32187
2.38946
2.45879
2.534
2.61027
2.6810300000000002
2.77107
2.85476
2.93718
3.02177
3.1008
3.1826
3.26459
3.34585
3.42625
3.50563
3.57985
3.65623
3.72978
3.8022400000000003
3.87154
3.9391000000000003
4.00662
4.07142
4.1338099999999995
4.19646
4.25624
4.3152800000000004
4.37241

Vgs: 6.5
1.44065
1.43896
1.44189
1.4395
1.4371900000000002
1.43293
1.43317
1.43867
1.44968
1.4578799999999998
1.4674200000000002
1.48215
1.49234
1.50223
1.5125
1.52378
1.53371
1.54745
1.56106
1.5763699999999998
1.59137
1.6044
1.61904
1.63386
1.64876
1.6655000000000002
1.6829
1.70047
1.71813
1.7346
1.7542300000000002
1.7759399999999999
1.7978200000000002
1.8187
1.84227
1.8661299999999998
1.89091
1.9156900000000001
1.9414600000000002
1.96882
1.99725
2.0274300000000003
2.05864
2.09027
2.12406
2.1585300000000003
2.1937100000000003
2.23218
2.2708500000000003
2.31292
2.35678
2.40178
2.44954
2.50004
2.55295
2.61173
2.66934
2.7357
2.80542
2.87959
2.9574599999999998
3.0382000000000002
3.1247599999999998
3.20534
3.29055
3.37772
3.45873
3.5445699999999998
3.6282699999999997
3.7128
3.79495
3.87593
3.9571700000000005
4.03509
4.11398
4.18806
4.26049
4.3361600000000005
4.40126
4.47055
4.53139

Vgs: 7.0
1.7551
1.75496
1.75523
1.75663
1.75267
1.75013
1.74962
1.74848
1.76101
1.76676
1.77757
1.79034
1.8034299999999999
1.81258
1.82222
1.831
1.83887
1.8526099999999999
1.8653000000000002
1.87958
1.8902400000000001
1.9030500000000001
1.91553
1.92819
1.94315
1.9588100000000002
1.9742499999999998
1.9909
2.0055300000000003
2.02288
2.04096
2.0597499999999997
2.07882
2.09968
2.11934
2.14118
2.16212
2.1845499999999998
2.20782
2.23172
2.25714
2.28341
2.3107599999999997
2.33892
2.36693
2.39668
2.4280600000000003
2.4602999999999997
2.49466
2.52543
2.56696
2.6049599999999997
2.6450699999999996
2.6875
2.7295700000000003
2.7750399999999997
2.82166
2.87197
2.92469
2.97912
3.03761
3.09925
3.1681399999999997
3.2399
3.3164499999999997
3.3968499999999997
3.4821600000000004
3.56668
3.65167
3.7399199999999997
3.82894
3.91428
3.9983500000000003
4.08355
4.16942
4.25369
4.335979999999999
4.42062
4.49198
4.5757
4.65292

Vgs: 7.5
2.06115
2.06182
2.0595600000000003
2.05518
2.04541
2.03831
2.03952
2.0535200000000002
2.0527800000000003
2.0622000000000003
2.07655
2.09086
2.0944100000000003
2.10575
2.11476
2.13003
2.1349799999999997
2.15374
2.1656
2.17826
2.18885
2.20628
2.22271
2.23391
2.2495100000000003
2.26687
2.2793200000000002
2.2921199999999997
2.3108400000000002
2.32925
2.34465
2.36219
2.37911
2.3969899999999997
2.41594
2.43505
2.45576
2.47674
2.49837
2.52023
2.54458
2.56826
2.59347
2.61672
2.6463900000000002
2.67152
2.69901
2.72899
2.7598499999999997
2.79035
2.82378
2.85379
2.88886
2.92364
2.96177
2.99986
3.03843
3.0799600000000003
3.12199
3.16687
3.21296
3.26114
3.31208
3.3646499999999997
3.42163
3.4820699999999998
3.54662
3.61742
3.68687
3.76661
3.849
3.9331
4.02248
4.10912
4.19797
4.28695
4.37118
4.45946
4.54471
4.63261
4.71975

Vgs: 8.0
2.36244
2.3608100000000003
2.36133
2.36647
2.3588799999999996
2.35938
2.35502
2.35365
2.3582
2.36601
2.3854100000000003
2.3950400000000003
2.4107
2.4226199999999998
2.4343899999999996
2.4527300000000003
2.46597
2.48155
2.49437
2.50022
2.5136999999999996
2.5264100000000003
2.54188
2.55422
2.56886
2.5829500000000003
2.59883
2.61485
2.62863
2.64247
2.6595999999999997
2.67643
2.69319
2.7095499999999997
2.72716
2.7446200000000003
2.7635300000000003
2.7832299999999996
2.80169
2.82138
2.842
2.86439
2.88585
2.90741
2.93034
2.95525
2.98182
3.0076199999999997
3.03343
3.06107
3.08977
3.11918
3.14864
3.18075
3.21371
3.24714
3.28123
3.31774
3.3540200000000002
3.39398
3.43351
3.4750699999999997
3.51776
3.5623500000000003
3.6091
3.65916
3.7094300000000002
3.76047
3.81542
3.87722
3.9355700000000002
4.00007
4.07155
4.14602
4.2279
4.3088299999999995
4.396
4.48539
4.57334
4.66242
4.750640000000001
