Vgs range: 0,8,0.1
Vds range: 0,8,0.5

Vgs: 0.0
-0.00013162200000000002
-0.00013346
-0.000134473
-0.00013282
-0.000133822
-0.000137788
-0.000137832
-0.000142795
-0.000148323
-0.00015300899999999998
-0.00015752800000000001
-0.00016201699999999998
-0.00016671199999999999
-0.000177598
-0.00018519
-0.00019820099999999998
-0.00021076
-0.00022167200000000001
-0.000240835
-0.000261562
-0.000287362
-0.00031526300000000003
-0.000355434
-0.000411291
-0.00045808
-0.000531994
-0.000641023
-0.000789009
-0.000949659
-0.0011260600000000001
-0.00129282
-0.00168506
-0.0019522600000000001
-0.00230948
-0.0028918200000000002
-0.00383757
-0.00533577
-0.00839114
-0.00403542
-0.0023385199999999997
-0.00173956
-0.00400892
-0.00308182
-0.00969649
-0.036235500000000004
-0.0240205
-0.0465345
-0.0404838
-0.0545445
-0.04566
-0.061145500000000005
-0.06510400000000001
-0.0664083
-0.0678702
-0.0757004
-0.0638086
-0.0865922
-0.0919924
-0.09495569999999999
-0.09831129999999999
-0.104566
-0.108783
-0.11043599999999999
-0.116704
-0.121971
-0.12498899999999999
-0.130909
-0.132498
-0.139799
-0.142643
-0.14965799999999999
-0.153399
-0.157803
-0.16605299999999998
-0.17006000000000002
-0.17162
-0.178107
-0.18599
-0.189702
-0.19459300000000002
-0.199367

Vgs: 0.5
0.00019634
0.000172112
0.00010329
0.00011465700000000001
0.000228679
0.000917658
0.0034078900000000002
0.007232860000000001
0.0157241
0.0240035
0.036028500000000005
0.0496898
0.0637778
0.07745360000000001
0.0912144
0.106152
0.114979
0.12740200000000002
0.13885899999999998
0.149454
0.15964599999999998
0.16962300000000002
0.17882299999999998
0.18714799999999998
0.195847
0.20509
0.212675
0.219917
0.225184
0.234086
0.238575
0.244477
0.252317
0.246733
0.245837
0.255004
0.23723
0.221253
0.21155
0.264619
0.294784
0.29743400000000003
0.299188
0.30017299999999997
0.30053700000000005
0.30056700000000003
0.301083
0.30014100000000005
0.2973
0.297221
0.296241
0.29436799999999996
0.29368
0.294406
0.290434
0.286099
0.28625100000000003
0.28369099999999997
0.282294
0.27880299999999997
0.275426
0.27253
0.269628
0.267258
0.266198
0.261484
0.258168
0.254944
0.258734
0.247892
0.243134
0.23901799999999998
0.230791
0.22972499999999998
0.230653
0.231296
0.23011700000000002
0.224442
0.222275
0.220203
0.215086

Vgs: 1.0
0.00455419
0.004439510000000001
0.00214443
0.0011830200000000001
0.000689283
0.00122052
0.0031144000000000002
0.00740416
0.0160656
0.024391799999999998
0.0373782
0.0556445
0.0701884
0.0908269
0.117438
0.137871
0.16253099999999998
0.187858
0.21302100000000002
0.236354
0.259892
0.281658
0.303005
0.32300999999999996
0.342654
0.361358
0.379375
0.396706
0.413603
0.429649
0.44593299999999997
0.46079600000000004
0.475121
0.489381
0.502623
0.5162819999999999
0.529197
0.541412
0.5512549999999999
0.564568
0.5757639999999999
0.5857870000000001
0.595676
0.604817
0.613129
0.620399
0.6262909999999999
0.63083
0.635255
0.6376
0.6402960000000001
0.642731
0.6446759999999999
0.647715
0.648312
0.648878
0.649493
0.647337
0.646647
0.6478290000000001
0.646184
0.645934
0.645375
0.6447090000000001
0.642241
0.6417470000000001
0.638449
0.642202
0.638035
0.640359
0.6413080000000001
0.64148
0.634792
0.629113
0.63198
0.630626
0.6299170000000001
0.629588
0.6321789999999999
0.6258630000000001
0.620882

Vgs: 1.5
0.015955
0.015957
0.0125889
0.00950343
0.00810559
0.00742047
0.008307170000000001
0.0121878
0.0172087
0.026251800000000002
0.038594199999999995
0.0534701
0.0712347
0.09270410000000001
0.119576
0.14071999999999998
0.168092
0.196388
0.227963
0.26079199999999997
0.292893
0.329842
0.36424999999999996
0.398561
0.430954
0.46206200000000003
0.49175399999999997
0.520967
0.548745
0.575776
0.602007
0.627102
0.651166
0.674595
0.6976629999999999
0.7205710000000001
0.741326
0.762186
0.7820429999999999
0.801949
0.82146
0.839563
0.85737
0.874587
0.890969
0.906832
0.921425
0.93547
0.947984
0.959366
0.97222
0.9810669999999999
0.988096
0.99679
1.00348
1.0083
1.01306
1.02128
1.02297
1.02334
1.02891
1.0328600000000001
1.0363900000000001
1.04169
1.04317
1.04335
1.0430000000000001
1.04305
1.04523
1.04879
1.04977
1.0501900000000002
1.05142
1.0537400000000001
1.05175
1.04461
1.04885
1.04709
1.0430700000000002
1.04456
1.04417

Vgs: 2.0
0.0326564
0.033012
0.0319017
0.0294189
0.0289599
0.0295431
0.031365000000000004
0.0345067
0.0393923
0.0459739
0.0548415
0.0654151
0.0801345
0.0977337
0.122708
0.142424
0.169897
0.199343
0.231938
0.264294
0.300275
0.338145
0.376173
0.415743
0.457847
0.501506
0.543249
0.5852080000000001
0.627272
0.665455
0.7047289999999999
0.742632
0.7777850000000001
0.812321
0.845711
0.878819
0.9108890000000001
0.9411130000000001
0.9705029999999999
0.999502
1.03463
1.0562900000000002
1.08344
1.1095
1.13466
1.15918
1.18333
1.2064599999999999
1.22666
1.24163
1.271
1.28809
1.28759
1.2996699999999999
1.3432400000000002
1.35793
1.37039
1.3826100000000001
1.3513600000000001
1.36675
1.36152
1.41954
1.42128
1.39437
1.43856
1.44224
1.44639
1.4526400000000002
1.45423
1.45871
1.4644700000000002
1.46953
1.47142
1.47077
1.47467
1.4786599999999999
1.48075
1.4816600000000002
1.48518
1.48937
1.48715

Vgs: 2.5
0.0691775
0.0692435
0.06920820000000001
0.0700395
0.0717217
0.0741492
0.07766630000000001
0.0819913
0.0874812
0.0945828
0.104271
0.112233
0.12337900000000002
0.137076
0.151282
0.16930299999999998
0.189118
0.21222100000000002
0.239597
0.269639
0.30430700000000005
0.341544
0.38029999999999997
0.42056299999999996
0.464461
0.509455
0.554222
0.6015699999999999
0.6486280000000001
0.699342
0.748825
0.79828
0.846
0.893752
0.9322360000000001
0.984155
1.0375
1.07298
1.10574
1.15173
1.19101
1.22756
1.2644799999999998
1.29993
1.33508
1.36866
1.40096
1.43321
1.4652
1.49524
1.5251299999999999
1.5533299999999999
1.5816599999999998
1.60831
1.63486
1.66055
1.68432
1.7078900000000001
1.7302000000000002
1.74965
1.76816
1.7848
1.7989600000000001
1.81453
1.82188
1.83156
1.83993
1.84734
1.85338
1.86108
1.86782
1.8714300000000001
1.87359
1.8803699999999999
1.88115
1.88994
1.89489
1.9
1.9042
1.90757
1.91113

Vgs: 3.0
0.13594900000000001
0.136463
0.136025
0.138319
0.14285599999999998
0.146782
0.151962
0.157493
0.16373000000000001
0.17077
0.179508
0.18902400000000003
0.199273
0.21118299999999998
0.2243
0.238771
0.254765
0.272358
0.29257000000000005
0.314066
0.33866
0.366491
0.398507
0.43269599999999997
0.471237
0.514787
0.561471
0.607055
0.655095
0.705794
0.758525
0.8114469999999999
0.8656440000000001
0.919858
0.975609
1.04454
1.08917
1.14395
1.1966299999999999
1.2497
1.29972
1.3482800000000001
1.3964100000000002
1.4436900000000001
1.48869
1.53259
1.57493
1.6184100000000001
1.65786
1.69895
1.73696
1.77509
1.812
1.84735
1.8828099999999999
1.9167699999999999
1.94951
1.9820800000000003
2.01314
2.04337
2.07204
2.0993600000000003
2.12589
2.15008
2.1730400000000003
2.19475
2.2125600000000003
2.23097
2.2462400000000002
2.26005
2.27232
2.28387
2.29487
2.30429
2.31445
2.32287
2.33027
2.33577
2.34205
2.34781
2.35362

Vgs: 3.5
0.315816
0.238258
0.23875400000000002
0.23837899999999998
0.336725
0.250009
0.255795
0.262653
0.26938599999999996
0.277648
0.28612800000000005
0.295698
0.305783
0.317401
0.329127
0.34297
0.357315
0.372531
0.389897
0.407875
0.427565
0.44976700000000003
0.472404
0.497481
0.525759
0.55647
0.58197
0.628576
0.670769
0.716706
0.7674030000000001
0.820125
0.875853
0.9299189999999999
0.988896
1.0592
1.10689
1.16727
1.22788
1.28911
1.35151
1.4125800000000002
1.47314
1.5320399999999998
1.58958
1.6464699999999999
1.69915
1.7531700000000001
1.80408
1.8544399999999999
1.90377
1.95069
1.99788
2.0432900000000003
2.08827
2.13098
2.17391
2.2153300000000002
2.2551300000000003
2.2945
2.33257
2.3695500000000003
2.40621
2.44073
2.4746799999999998
2.5074300000000003
2.5378800000000004
2.56764
2.5954300000000003
2.6227300000000002
2.64706
2.66752
2.68541
2.70215
2.71739
2.73151
2.74584
2.75814
2.76968
2.78012
2.7890900000000003

Vgs: 4.0
0.37351799999999996
0.37278300000000003
0.372434
0.373032
0.382641
0.38436600000000004
0.391084
0.39781
0.406169
0.414523
0.423688
0.432809
0.44276299999999996
0.563994
0.46620100000000003
0.478552
0.492309
0.5144099999999999
0.528786
0.558034
0.555692
0.5744469999999999
0.6418440000000001
0.627764
0.635442
0.662694
0.721453
0.7239829999999999
0.74682
0.779687
0.8173590000000001
0.855517
0.899358
0.946778
0.999897
1.06921
1.11687
1.1786699999999999
1.24071
1.30559
1.3703400000000001
1.43139
1.49996
1.56732
1.6370099999999999
1.6931100000000001
1.7638800000000001
1.8226900000000001
1.8954
1.9532999999999998
2.01784
2.0736499999999998
2.1303199999999998
2.1842799999999998
2.2438800000000003
2.29901
2.3453
2.39727
2.4478400000000002
2.49541
2.5407699999999998
2.59028
2.64391
2.68376
2.71678
2.7681
2.79586
2.82806
2.88379
2.91253
2.95684
2.95504
2.9908
3.03194
3.0817200000000002
3.05749
3.1278099999999998
3.0962099999999997
3.1710499999999997
3.19077
3.2047

Vgs: 4.5
0.5412779999999999
0.540341
0.540639
0.5411790000000001
0.540412
0.549586
0.5574640000000001
0.565414
0.573616
0.581873
0.5908760000000001
0.60057
0.6100479999999999
0.621673
0.632738
0.6454059999999999
0.657851
0.6709930000000001
0.684954
0.699829
0.715293
0.7327180000000001
0.751027
0.769405
0.789072
0.80987
0.8329529999999999
0.8569479999999999
0.8804970000000001
0.907623
0.936049
0.96639
0.9986780000000001
1.04192
1.07169
1.11267
1.15707
1.20605
1.25891
1.31832
1.38324
1.44484
1.50622
1.5849
1.64999
1.7191999999999998
1.78996
1.86153
1.93162
2.00628
2.0752800000000002
2.1453499999999996
2.21512
2.28356
2.35004
2.41492
2.47753
2.54043
2.59891
2.65824
2.7154599999999998
2.77101
2.82624
2.88059
2.9311599999999998
2.98261
3.0328999999999997
3.0799
3.1266800000000003
3.1729800000000004
3.21787
3.26123
3.30204
3.3417
3.38139
3.42034
3.45498
3.4902
3.52125
3.5519499999999997
3.57994

Vgs: 5.0
0.7394069999999999
0.740413
0.741026
0.7410760000000001
0.740773
0.741867
0.7528009999999999
0.7612639999999999
0.7698750000000001
0.779223
0.788248
0.797358
0.806521
0.816967
0.827739
0.8393269999999999
0.85319
0.865635
0.878382
0.891829
0.907277
0.922976
0.939299
0.9558070000000001
0.9732999999999999
0.992168
1.0173999999999999
1.0348899999999999
1.05631
1.0792899999999999
1.10391
1.13027
1.15626
1.1844
1.2144
1.24673
1.27964
1.3162200000000002
1.35458
1.3976
1.44205
1.4903799999999998
1.54502
1.6032799999999998
1.66637
1.73391
1.80354
1.87744
1.95152
2.0232599999999996
2.09829
2.17246
2.2482
2.32337
2.3997699999999997
2.47735
2.54929
2.62238
2.6940000000000004
2.76465
2.83571
2.90033
2.9645
3.0274199999999998
3.09084
3.15127
3.21028
3.2694199999999998
3.32271
3.3806000000000003
3.4319900000000003
3.48381
3.53446
3.58424
3.6331100000000003
3.67997
3.72355
3.7680000000000002
3.8105700000000002
3.8523899999999998
3.89053

Vgs: 5.5
0.9696210000000001
0.969666
0.9690799999999999
0.96953
0.971008
0.970872
0.975135
0.987264
0.9958079999999999
1.00863
1.0153
1.02488
1.03443
1.0463200000000001
1.05728
1.06857
1.07996
1.0923
1.10538
1.1188
1.13354
1.1474
1.16278
1.17864
1.19476
1.21191
1.2301199999999999
1.2493400000000001
1.2686
1.2892
1.31039
1.3327499999999999
1.34983
1.38119
1.4057600000000001
1.43297
1.46136
1.49032
1.5214
1.55442
1.58984
1.6263
1.6659000000000002
1.71101
1.7531999999999999
1.8020200000000002
1.85418
1.9115
1.97363
2.0425500000000003
2.11594
2.18894
2.26567
2.34279
2.4222699999999997
2.50063
2.57871
2.6389400000000003
2.74074
2.8181399999999996
2.8959799999999998
2.97298
3.0386900000000003
3.12296
3.19697
3.26844
3.33775
3.40137
3.47096
3.5365499999999996
3.60139
3.6614
3.7209399999999997
3.77914
3.8371500000000003
3.8928399999999996
3.9473700000000003
4.0003
4.05037
4.10119
4.14854

Vgs: 6.0
1.2266899999999998
1.2258799999999999
1.22593
1.22472
1.22524
1.22622
1.22563
1.23762
1.24719
1.25649
1.2659500000000001
1.27561
1.28518
1.2952899999999998
1.30344
1.3167
1.3293899999999998
1.34087
1.35333
1.36479
1.37846
1.39467
1.4081199999999998
1.42177
1.43732
1.4531100000000001
1.46973
1.48704
1.50537
1.522
1.5436200000000002
1.56386
1.58241
1.60536
1.62785
1.6516899999999999
1.6761
1.7021
1.72931
1.7568
1.78762
1.81809
1.85022
1.88434
1.91998
1.95801
1.99732
2.04155
2.0897099999999997
2.13559
2.186
2.24352
2.3031200000000003
2.36121
2.44307
2.51848
2.5961
2.68014
2.76133
2.8423599999999998
2.92289
3.00518
3.08909
3.16995
3.2515500000000004
3.33253
3.41148
3.4921599999999997
3.5695900000000003
3.64206
3.71688
3.78946
3.8611299999999997
3.9282299999999997
3.9968299999999997
4.0592500000000005
4.12284
4.17778
4.24387
4.295979999999999
4.36057

Vgs: 6.5
1.50663
1.50346
1.50556
1.50515
1.5042499999999999
1.50362
1.50465
1.50584
1.52076
1.5309
1.53868
1.54788
1.55759
1.56882
1.57968
1.59155
1.60232
1.6139299999999999
1.62469
1.63867
1.65101
1.6636000000000002
1.67686
1.69053
1.70497
1.7218
1.73856
1.7552699999999999
1.77239
1.78976
1.8071300000000001
1.82538
1.84645
1.8637599999999999
1.92008
1.9050799999999999
1.92795
1.95103
1.9750599999999998
1.9998199999999997
2.0330399999999997
2.05193
2.1378500000000003
2.10787
2.14245
2.17368
2.2031199999999997
2.2382600000000004
2.27358
2.31233
2.3525199999999997
2.39436
2.44021
2.4873
2.53844
2.5943899999999998
2.65301
2.71788
2.78722
2.8630299999999997
2.93532
3.0232599999999996
3.10817
3.1924900000000003
3.27468
3.36033
3.44538
3.53372
3.6172299999999997
3.69885
3.77574
3.82614
3.9264499999999996
3.91736
4.07331
4.16312
4.23029
4.30737
4.36958
4.4511899999999995
4.5007399999999995

Vgs: 7.0
1.815
1.8136700000000001
1.81305
1.8138699999999999
1.81488
1.81493
1.81587
1.81568
1.82256
1.8351000000000002
1.84375
1.85229
1.86181
1.8712900000000001
1.8813300000000002
1.89433
1.90373
1.9158199999999999
1.9269
1.94082
1.9538200000000001
1.96583
1.9805399999999997
1.99262
2.00642
2.02024
2.03557
2.05052
2.06732
2.0831399999999998
2.09988
2.1160900000000002
2.13437
2.15327
2.1706600000000003
2.19074
2.2108700000000003
2.23272
2.25318
2.2747800000000002
2.29757
2.32067
2.34553
2.3715300000000004
2.39741
2.4240500000000003
2.45177
2.48159
2.5123699999999998
2.5458
2.57829
2.61222
2.64994
2.6867
2.72794
2.7690599999999996
2.81321
2.86082
2.91011
2.96363
3.02176
3.0829400000000002
3.1494999999999997
3.22091
3.29998
3.3817399999999997
3.46741
3.55502
3.6406899999999998
3.72675
3.80002
3.89704
3.9856300000000005
4.069780000000001
4.1556299999999995
4.23904
4.32222
4.40555
4.48452
4.5648
4.63857

Vgs: 7.5
2.13011
2.13217
2.1315399999999998
2.13104
2.13042
2.13063
2.13101
2.1313500000000003
2.1317
2.1460500000000002
2.1547799999999997
2.16404
2.17379
2.18534
2.19582
2.20455
2.21537
2.2270100000000004
2.23886
2.2502
2.26419
2.27524
2.2888
2.30103
2.31583
2.33218
2.34564
2.35901
2.37413
2.38982
2.4067200000000004
2.42172
2.43791
2.45458
2.47432
2.49294
2.50934
2.529
2.54741
2.5698700000000003
2.58986
2.61139
2.63454
2.65811
2.68127
2.70445
2.72991
2.7561299999999997
2.7835799999999997
2.81154
2.84023
2.8703000000000003
2.90178
2.93492
2.9697500000000003
3.0037100000000003
3.03983
3.07864
3.11761
3.1607800000000004
3.20452
3.2503200000000003
3.2998
3.35177
3.40638
3.46517
3.52763
3.59671
3.67023
3.75063
3.83381
3.9196200000000005
4.00781
4.09534
4.18422
4.27288
4.358339999999999
4.44732
4.53358
4.61956
4.70646

Vgs: 8.0
2.47539
2.47581
2.47423
2.4741199999999997
2.4726399999999997
2.47493
2.47798
2.47603
2.4756299999999998
2.4793800000000004
2.4927
2.5016399999999996
2.50943
2.52195
2.53082
2.53991
2.55361
2.56236
2.5742
2.58823
2.60014
2.61027
2.62118
2.63604
2.65039
2.66386
2.6766099999999997
2.69178
2.70422
2.7185099999999998
2.7358399999999996
2.74904
2.76753
2.78193
2.79874
2.81615
2.83355
2.8523099999999997
2.8691099999999996
2.88615
2.90529
2.92468
2.94579
2.96868
2.99095
3.01215
3.0339899999999997
3.05785
3.08257
3.10783
3.1305899999999998
3.15844
3.18866
3.21554
3.24706
3.27577
3.30764
3.3392399999999998
3.3733299999999997
3.40931
3.44563
3.48341
3.52217
3.56282
3.60645
3.65324
3.69992
3.7532799999999997
3.80239
3.8608000000000002
3.92023
3.98349
4.055129999999999
4.13222
4.21046
4.29728
4.3853
4.48864
4.561800000000001
4.65217
4.7426200000000005
