Vgs range: 0,8,0.1
Vds range: 0,8,0.5

Vgs: 0.0
-0.000135302
-0.000137511
-0.000136621
-0.000138569
-0.000139326
-0.00013995999999999998
-0.000144822
-0.000149133
-0.00015316
-0.000158687
-0.00016588600000000002
-0.00017258800000000002
-0.000176415
-0.000187534
-0.000196001
-0.000207913
-0.000218985
-0.000235535
-0.000253564
-0.000275914
-0.00030678499999999996
-0.000341431
-0.000380721
-0.000435159
-0.0005071149999999999
-0.000613726
-0.0007640139999999999
-0.000964076
-0.00121204
-0.0014543400000000001
-0.00182135
-0.00231316
-0.00295227
-0.00384405
-0.00487588
-0.0068401799999999995
-0.008323019999999999
-0.0126293
-0.0150199
-0.0180884
-0.0217883
-0.0258984
-0.0315582
-0.0330248
-0.0375908
-0.043977999999999996
-0.0468979
-0.052503799999999996
-0.0544798
-0.0575893
-0.0615782
-0.0668018
-0.0709541
-0.0773846
-0.08297800000000001
-0.0857289
-0.09103109999999999
-0.09283580000000001
-0.096831
-0.103089
-0.106255
-0.10558200000000001
-0.107353
-0.105777
-0.10608100000000001
-0.105579
-0.106487
-0.105936
-0.126575
-0.148292
-0.152255
-0.153254
-0.160704
-0.166885
-0.174877
-0.18138
-0.185403
-0.19103499999999998
-0.20019699999999999
-0.20288
-0.208071

Vgs: 0.5
0.000226763
0.00020424200000000001
0.000104665
0.00011516199999999999
0.000228516
0.000897628
0.00339563
0.007290130000000001
0.015694800000000002
0.0240168
0.0361899
0.049739900000000004
0.0633903
0.0776665
0.09111860000000001
0.106056
0.11592100000000001
0.12744899999999998
0.138903
0.149321
0.15964399999999998
0.169734
0.178936
0.18785500000000002
0.196541
0.204925
0.213014
0.220869
0.228208
0.235477
0.242554
0.24919599999999997
0.255691
0.261646
0.26739500000000005
0.272975
0.277994
0.282838
0.287125
0.290767
0.29399800000000004
0.296198
0.297389
0.29730799999999996
0.29717699999999997
0.295555
0.29437
0.294026
0.29420599999999997
0.292417
0.291562
0.290175
0.287978
0.284743
0.283499
0.280633
0.27929099999999996
0.276111
0.27280499999999996
0.267053
0.262277
0.26357200000000003
0.261905
0.260131
0.258658
0.254478
0.25451
0.251001
0.246629
0.243169
0.243233
0.24149800000000002
0.237639
0.234618
0.231083
0.227627
0.222733
0.215679
0.212936
0.208946
0.205104

Vgs: 1.0
0.00466148
0.00457199
0.00226927
0.00129663
0.000766085
0.0012635300000000001
0.0029759300000000003
0.007429750000000001
0.016046099999999997
0.0245166
0.0370873
0.052492
0.070104
0.0907644
0.11738100000000001
0.137412
0.162709
0.187301
0.212779
0.23616399999999999
0.257405
0.281767
0.30287499999999995
0.323004
0.342289
0.361231
0.379166
0.396698
0.412947
0.429235
0.445088
0.460171
0.47474700000000003
0.488675
0.50223
0.515469
0.5280239999999999
0.539957
0.551405
0.562206
0.572491
0.581626
0.590017
0.598131
0.603962
0.6109439999999999
0.615973
0.620386
0.623733
0.627534
0.6292580000000001
0.6316689999999999
0.632674
0.630473
0.63691
0.637368
0.6373099999999999
0.6384439999999999
0.6387619999999999
0.639053
0.640114
0.638193
0.6369589999999999
0.636471
0.637439
0.635888
0.635762
0.636587
0.635688
0.634337
0.632742
0.632628
0.632039
0.630855
0.627524
0.6207199999999999
0.616267
0.614699
0.613707
0.607398
0.605065

Vgs: 1.5
0.0160845
0.0160872
0.0126477
0.009620529999999999
0.00818294
0.007516190000000001
0.00847972
0.012402999999999999
0.017362000000000002
0.026261299999999998
0.038349400000000006
0.0534113
0.0713332
0.0924807
0.11955299999999999
0.14053000000000002
0.16719799999999999
0.19668999999999998
0.22915000000000002
0.26152899999999996
0.295371
0.32925899999999997
0.36389
0.397458
0.430705
0.461529
0.49136700000000005
0.5204139999999999
0.545466
0.575346
0.601575
0.6266079999999999
0.651001
0.6741060000000001
0.69695
0.71946
0.740634
0.7623369999999999
0.781486
0.801312
0.8206030000000001
0.838388
0.856598
0.874165
0.890126
0.906262
0.921052
0.933121
0.947488
0.9594440000000001
0.969611
0.977777
0.9844020000000001
0.9906590000000001
0.9956999999999999
1.00166
1.00434
1.0079399999999998
1.00912
1.0124900000000001
1.01626
1.02199
1.02296
1.0251
1.0274699999999999
1.0307000000000002
1.0301799999999999
1.02717
1.02857
1.03071
1.03
1.0263099999999998
1.0302600000000002
1.02942
1.03132
1.0284
1.0315
1.03043
1.03173
1.0362
1.0321099999999999

Vgs: 2.0
0.0329105
0.0329239
0.0319713
0.029410699999999998
0.028875400000000002
0.0294961
0.0313387
0.0345766
0.0396092
0.0463814
0.0551563
0.06648169999999999
0.0807258
0.0983043
0.122956
0.142872
0.17006000000000002
0.19946
0.231547
0.264518
0.300061
0.33121399999999995
0.37586899999999995
0.416165
0.45784800000000003
0.5005
0.543452
0.585399
0.625656
0.665169
0.704489
0.741212
0.777266
0.813007
0.8451
0.878443
0.90974
0.940627
0.970068
0.99946
1.0340799999999999
1.05568
1.08279
1.10897
1.1338
1.15861
1.1820000000000002
1.20492
1.22757
1.2462
1.26994
1.28945
1.30905
1.3265099999999999
1.34256
1.3590900000000001
1.37141
1.38248
1.39168
1.39902
1.40519
1.4114200000000001
1.4158
1.4196300000000002
1.42458
1.42991
1.43497
1.4396
1.44337
1.44525
1.44476
1.44717
1.44822
1.44805
1.45189
1.45349
1.45326
1.45188
1.45714
1.45914
1.46075

Vgs: 2.5
0.0688442
0.0688706
0.0689022
0.0697754
0.0714917
0.0740512
0.0773644
0.08186850000000001
0.087696
0.0943036
0.10412
0.112048
0.12317700000000001
0.136563
0.15140699999999999
0.16986
0.184377
0.212686
0.240235
0.269976
0.304106
0.34137700000000004
0.38014
0.42102300000000004
0.463057
0.507958
0.553983
0.6007669999999999
0.648328
0.6968369999999999
0.747201
0.797739
0.8453309999999999
0.892601
0.940504
0.98405
1.03695
1.0709300000000002
1.11095
1.1513
1.1899499999999998
1.2277
1.26464
1.30006
1.3345399999999998
1.3677
1.40015
1.43259
1.4643499999999998
1.49446
1.52326
1.55165
1.5796700000000001
1.60731
1.6326699999999998
1.65786
1.6808999999999998
1.70485
1.7262
1.74721
1.7654400000000001
1.7802600000000002
1.7958
1.8071300000000001
1.81963
1.83061
1.84206
1.84756
1.8538599999999998
1.85938
1.86182
1.8667
1.87157
1.88169
1.88542
1.8894199999999999
1.88633
1.89429
1.89286
1.89454
1.8963599999999998

Vgs: 3.0
0.135825
0.135857
0.135691
0.137655
0.14222200000000002
0.14636400000000002
0.151147
0.15722699999999998
0.163697
0.17098999999999998
0.179288
0.18878499999999998
0.1991
0.211276
0.223915
0.23883100000000002
0.25467399999999996
0.272337
0.292542
0.314592
0.339552
0.36727899999999997
0.398904
0.432715
0.471995
0.515829
0.559458
0.6078859999999999
0.6550009999999999
0.705673
0.758368
0.811844
0.8644959999999999
0.9194239999999999
0.9759950000000001
1.04411
1.08856
1.14353
1.19604
1.24782
1.29932
1.3483200000000002
1.39625
1.44249
1.48863
1.53276
1.57435
1.61809
1.65843
1.6978600000000001
1.7362
1.77338
1.81065
1.8467500000000001
1.88222
1.91553
1.94813
1.9808700000000001
2.00948
2.0418
2.07099
2.0980399999999997
2.1263699999999996
2.1499800000000002
2.1729499999999997
2.19482
2.2123
2.22859
2.23961
2.25246
2.2589099999999998
2.26917
2.27647
2.28626
2.29803
2.30525
2.31229
2.31736
2.32124
2.32824
2.33582

Vgs: 3.5
0.23563699999999999
0.23631999999999997
0.23656
0.23649799999999999
0.243584
0.24842100000000003
0.255065
0.261566
0.269096
0.277036
0.285782
0.29562
0.305535
0.317067
0.329279
0.342935
0.35754400000000003
0.372733
0.390434
0.40688799999999997
0.428023
0.449585
0.473568
0.4986189999999999
0.526384
0.558161
0.592877
0.629273
0.671184
0.716666
0.766762
0.8196829999999999
0.87633
0.931292
0.987395
1.0587000000000002
1.1064
1.16933
1.2273500000000002
1.28836
1.3519599999999998
1.41187
1.47223
1.5302099999999998
1.5878400000000001
1.64422
1.69838
1.75141
1.80272
1.8539299999999999
1.9034600000000002
1.95105
1.99708
2.04198
2.08766
2.12993
2.17167
2.2095499999999997
2.25285
2.29311
2.3308
2.36737
2.4036600000000004
2.4385399999999997
2.47146
2.5043499999999996
2.5349399999999997
2.56463
2.59229
2.61822
2.63891
2.65794
2.67725
2.6928199999999998
2.70134
2.71387
2.72444
2.73175
2.74158
2.7513199999999998
2.76044

Vgs: 4.0
0.369263
0.3704
0.369876
0.369998
0.37202799999999997
0.381507
0.39084599999999997
0.395323
0.40249799999999997
0.412142
0.421259
0.430579
0.440703
0.452081
0.464295
0.476829
0.49061000000000005
0.504647
0.521104
0.537484
0.555272
0.573892
0.5938410000000001
0.6142749999999999
0.637559
0.662405
0.688925
0.7166269999999999
0.746225
0.780417
0.816446
0.8559699999999999
0.900058
0.908424
0.908539
0.908546
0.908594
0.90865
0.90867
1.29897
1.36788
1.43303
1.50047
1.56603
1.6323100000000001
1.69973
1.7651
1.83003
1.84322
1.84329
1.84326
1.84332
1.84345
1.8434
1.84316
2.0330399999999997
2.3268299999999997
2.40012
2.44991
2.49947
2.5460000000000003
2.5914200000000003
2.63708
2.68116
2.7247999999999997
2.76528
2.80695
2.84565
2.8819000000000004
2.9187000000000003
2.95395
2.9869
3.01948
3.0494499999999998
3.07864
3.10377
3.12685
3.1481999999999997
3.16461
3.18059
3.19381

Vgs: 4.5
0.536524
0.536419
0.536812
0.537413
0.536394
0.545852
0.553619
0.5608740000000001
0.5695859999999999
0.578726
0.58888
0.598615
0.6078210000000001
0.617723
0.630253
0.6429330000000001
0.6554869999999999
0.667988
0.683136
0.6979380000000001
0.714411
0.731915
0.749533
0.76751
0.787751
0.808751
0.83183
0.8546940000000001
0.879976
0.907035
0.9360240000000001
0.966831
0.998325
1.04171
1.07198
1.11341
1.1581700000000001
1.20907
1.26005
1.3171700000000002
1.37984
1.43458
1.51292
1.5797299999999999
1.649
1.71854
1.7847799999999998
1.86012
1.9318
2.00462
2.07545
2.14297
2.2144999999999997
2.2834499999999998
2.3476
2.41262
2.47753
2.5376700000000003
2.59734
2.65609
2.71392
2.7701100000000003
2.82489
2.87718
2.92982
2.98013
3.02921
3.07829
3.1243600000000002
3.17045
3.2162800000000002
3.2566100000000002
3.29869
3.3395099999999998
3.37864
3.41635
3.45187
3.4888
3.5198400000000003
3.5500000000000003
3.57735

Vgs: 5.0
0.733056
0.7341519999999999
0.734483
0.7353149999999999
0.735497
0.737518
0.748885
0.7583880000000001
0.767553
0.777615
0.786617
0.796504
0.8064530000000001
0.817541
0.828139
0.839013
0.851878
0.8642110000000001
0.879006
0.893189
0.9072830000000001
0.924145
0.939492
0.9572689999999999
0.9753109999999999
0.9938010000000002
1.01862
1.03542
1.05718
1.0797700000000001
1.10511
1.1300100000000002
1.15653
1.1848699999999999
1.21445
1.24742
1.28088
1.31704
1.3573199999999999
1.39766
1.44252
1.52597
1.54643
1.6033600000000001
1.6669
1.72818
1.8034299999999999
1.87765
1.9479300000000002
2.0225500000000003
2.0993600000000003
2.17454
2.24988
2.32694
2.39906
2.47401
2.5470599999999997
2.62104
2.6929499999999997
2.76329
2.8345800000000003
2.89769
2.9629600000000003
3.02638
3.0888
3.1488699999999996
3.2067200000000002
3.2654300000000003
3.3210800000000003
3.3769
3.4302099999999998
3.4817400000000003
3.53398
3.58147
3.62988
3.6765399999999997
3.7220999999999997
3.76517
3.8069
3.84828
3.8867200000000004

Vgs: 5.5
0.961676
0.960144
0.960687
0.961166
0.963864
0.960272
0.966184
0.978797
0.9854130000000001
0.997913
1.00661
1.0164600000000001
1.02421
1.0345499999999999
1.0459399999999999
1.05736
1.0788499999999999
1.0802800000000001
1.09345
1.10957
1.1215000000000002
1.13663
1.15236
1.1668500000000002
1.1979899999999999
1.2014
1.21999
1.23922
1.25789
1.2785900000000001
1.30064
1.32407
1.3481299999999998
1.3721199999999998
1.39849
1.4262700000000001
1.4545700000000001
1.48062
1.5155800000000001
1.54989
1.5858999999999999
1.6237700000000002
1.6630200000000002
1.7059499999999999
1.75148
1.80236
1.85385
1.9135300000000002
1.9748
2.04323
2.11496
2.1897100000000003
2.26482
2.3415100000000004
2.42024
2.50141
2.57842
2.65724
2.7352700000000003
2.81519
2.89531
2.95989
3.04821
3.1220499999999998
3.19568
3.2663800000000003
3.33678
3.40638
3.46922
3.5345400000000002
3.5979900000000002
3.65852
3.71864
3.77751
3.83506
3.89056
3.9429399999999997
3.99782
4.04806
4.09752
4.145689999999999

Vgs: 6.0
1.2126599999999998
1.21356
1.2153800000000001
1.216
1.2145299999999999
1.21434
1.21597
1.2289700000000001
1.2357799999999999
1.24455
1.25509
1.26421
1.2750599999999999
1.2864
1.29715
1.30868
1.3193000000000001
1.331
1.34345
1.35736
1.3715000000000002
1.3841299999999999
1.39982
1.41593
1.4299
1.44594
1.4634699999999998
1.48125
1.49938
1.51751
1.53776
1.55704
1.57825
1.59941
1.62239
1.64679
1.67085
1.69733
1.72309
1.75123
1.77833
1.81372
1.8461599999999998
1.88022
1.91691
1.95562
1.9956599999999998
2.0386699999999998
2.08377
2.13292
2.18607
2.24233
2.30539
2.3689
2.44382
2.51856
2.59551
2.677
2.7574
2.83903
2.9211
3.00223
3.0849900000000003
3.16831
3.25258
3.3298799999999997
3.40895
3.49006
3.56421
3.6427400000000003
3.71379
3.78602
3.85686
3.92462
3.99108
4.05645
4.12202
4.1843200000000005
4.242240000000001
4.30047
4.35726

Vgs: 6.5
1.5047000000000001
1.49593
1.50731
1.49647
1.49772
1.4961200000000001
1.49326
1.49786
1.5084600000000001
1.51827
1.52907
1.53878
1.55069
1.55941
1.56814
1.5821399999999999
1.59508
1.60644
1.61888
1.6300100000000002
1.64361
1.65605
1.6708999999999998
1.6845899999999998
1.6976499999999999
1.71288
1.7290999999999999
1.7448
1.76192
1.77922
1.79842
1.81569
1.83439
1.85516
1.8749699999999998
1.89653
1.9198600000000001
1.93875
1.96514
1.9902399999999998
2.01636
2.04464
2.07346
2.10209
2.13267
2.16493
2.19778
2.2341599999999997
2.26956
2.30935
2.3518499999999998
2.3918500000000003
2.438
2.4857899999999997
2.5375900000000002
2.59361
2.65225
2.71683
2.78545
2.86267
2.9425499999999998
3.02228
3.10669
3.1914700000000003
3.27434
3.35954
3.44462
3.5292600000000003
3.61189
3.6962900000000003
3.7820699999999996
3.8604
3.94074
4.02106
4.096920000000001
4.17305
4.24526
4.31838
4.388730000000001
4.4558100000000005
4.5234000000000005

Vgs: 7.0
1.80268
1.79618
1.79619
1.79831
1.79762
1.79894
1.7972599999999999
1.79638
1.8071599999999999
1.81965
1.8294
1.8400999999999998
1.8497400000000002
1.86107
1.87075
1.88292
1.8928099999999999
1.9047999999999998
1.9140400000000002
1.9255200000000001
1.93956
1.95329
1.96526
1.97913
1.99206
2.00672
2.0197700000000003
2.0373900000000003
2.05254
2.0690999999999997
2.0895699999999997
2.10282
2.1206
2.13993
2.1606799999999997
2.1785200000000002
2.19897
2.2206
2.24225
2.26475
2.28854
2.3121
2.3369799999999996
2.36315
2.3889699999999996
2.4139500000000003
2.4460200000000003
2.4760199999999997
2.5063199999999997
2.53879
2.5728600000000004
2.6085000000000003
2.6461200000000002
2.6831799999999997
2.72491
2.76851
2.81072
2.8589499999999997
2.9091
2.9637000000000002
3.02008
3.0822499999999997
3.15146
3.22017
3.29126
3.3818300000000003
3.4643400000000004
3.5518400000000003
3.6368799999999997
3.72419
3.80972
3.89602
3.98311
4.06862
4.15354
4.2383500000000005
4.32037
4.40417
4.48271
4.56285
4.63776

Vgs: 7.5
2.11637
2.1160200000000002
2.1153399999999998
2.1156
2.1159600000000003
2.11819
2.11588
2.11573
2.11516
2.1253
2.13876
2.14854
2.15597
2.16533
2.1773000000000002
2.1904899999999996
2.2086900000000003
2.2186100000000004
2.23298
2.23458
2.2645299999999997
2.27657
2.29248
2.29337
2.32248
2.31312
2.3273099999999998
2.34434
2.35797
2.37302
2.3894699999999998
2.4065
2.4224099999999997
2.4374000000000002
2.45487
2.47374
2.49669
2.5162
2.5362
2.55782
2.5790800000000003
2.60063
2.62307
2.64748
2.6710499999999997
2.69541
2.72083
2.74711
2.7748500000000003
2.80401
2.83299
2.86311
2.8958399999999997
2.9278899999999997
2.96288
2.99855
3.03484
3.06928
3.11511
3.1575800000000003
3.2007
3.24796
3.29745
3.3483300000000003
3.4036600000000004
3.46298
3.52555
3.5951899999999997
3.66921
3.74911
3.83265
3.91793
4.00591
4.09626
4.1837599999999995
4.27197
4.3600200000000005
4.4456299999999995
4.53099
4.62047
4.7033

Vgs: 8.0
2.46063
2.45937
2.46184
2.46137
2.46369
2.4627999999999997
2.46334
2.46098
2.4584799999999998
2.46253
2.47825
2.4864800000000002
2.49642
2.50842
2.52062
2.53084
2.5415799999999997
2.55306
2.5633399999999997
2.5734500000000002
2.58951
2.60129
2.6121600000000003
2.62581
2.6365600000000002
2.65275
2.6669
2.68194
2.69597
2.71089
2.72538
2.7407999999999997
2.7565
2.7717
2.78735
2.80459
2.82211
2.84073
2.8582
2.87636
2.8968000000000003
2.9171
2.93785
2.95861
2.9790200000000002
3.00164
3.02469
3.04853
3.0725100000000003
3.09766
3.12329
3.1502000000000003
3.17819
3.20643
3.2351900000000002
3.26671
3.2985
3.3306199999999997
3.36409
3.40015
3.43675
3.47488
3.51554
3.5507199999999997
3.60139
3.64695
3.6943599999999996
3.74531
3.79908
3.85641
3.9170999999999996
3.98189
4.0525400000000005
4.12649
4.20754
4.29354
4.381460000000001
4.4701
4.5581
4.64912
4.73523
