Vgs range: 0,8,0.1
Vds range: 0,8,0.5

Vgs: 0.0
-0.000145805
-0.000145776
-0.00014542
-0.000146875
-0.000148075
-0.000149839
-0.00015113100000000001
-0.000154478
-0.00015842799999999998
-0.000162266
-0.000166835
-0.000175113
-0.000178931
-0.00018764799999999998
-0.00019243
-0.000199682
-0.00021041499999999998
-0.000220735
-0.000236166
-0.000251959
-0.000271826
-0.000297967
-0.000328211
-0.00036421099999999997
-0.000412948
-0.000472265
-0.0005554399999999999
-0.0006775689999999999
-0.000830004
-0.00105885
-0.00128475
-0.0015835299999999999
-0.00196921
-0.0026269799999999997
-0.0035567199999999998
-0.00485368
-0.00602197
-0.00861313
-0.0109625
-0.0137138
-0.016727000000000002
-0.0187975
-0.023407
-0.029833500000000002
-0.032748
-0.0341525
-0.040785999999999996
-0.0427248
-0.0448014
-0.0506519
-0.0577279
-0.06233659999999999
-0.0672542
-0.0649304
-0.0758659
-0.0806207
-0.0849353
-0.09088059999999999
-0.0947752
-0.0991219
-0.105831
-0.10670099999999999
-0.109276
-0.11353
-0.118274
-0.12352
-0.128733
-0.133838
-0.139213
-0.14409899999999998
-0.150399
-0.1558
-0.157533
-0.163526
-0.167712
-0.175329
-0.18115199999999998
-0.187538
-0.19205
-0.197799
-0.20254

Vgs: 0.5
0.000195434
0.00017849
0.000102771
0.000114926
0.000222368
0.000909466
0.0034062800000000002
0.00718895
0.0157347
0.0241472
0.036018800000000004
0.0494514
0.0635422
0.0776795
0.0907188
0.106171
0.116092
0.127646
0.139068
0.149455
0.160059
0.169934
0.179116
0.188013
0.19683799999999999
0.20536200000000002
0.213391
0.22144999999999998
0.228542
0.235154
0.243171
0.249838
0.25627300000000003
0.26248
0.268297
0.27393300000000004
0.279072
0.283996
0.288163
0.291874
0.29492
0.29741700000000004
0.29936300000000005
0.300659
0.30138000000000004
0.30217900000000003
0.301545
0.299546
0.298476
0.29649899999999996
0.294877
0.29265800000000003
0.29031
0.28934000000000004
0.28727
0.286371
0.28386900000000004
0.279606
0.275419
0.27537599999999995
0.27184200000000003
0.272057
0.266967
0.263561
0.26054700000000003
0.25607
0.255124
0.251736
0.249119
0.24678900000000004
0.24174900000000002
0.23955100000000001
0.236774
0.22877999999999998
0.22528199999999998
0.223179
0.220969
0.215852
0.215742
0.210448
0.205091

Vgs: 1.0
0.00456642
0.004446
0.00213401
0.0011840400000000001
0.000682763
0.00122289
0.00315745
0.00750732
0.0160931
0.0247337
0.0374107
0.0527085
0.0557532
0.055767399999999995
0.0557526
0.0557612
0.0557627
0.055773
0.055750600000000004
0.23635299999999998
0.26014499999999996
0.282083
0.30355
0.323424
0.34302699999999997
0.361943
0.37963199999999997
0.397148
0.41404799999999997
0.429848
0.44555799999999995
0.460899
0.475517
0.489372
0.503216
0.516478
0.5293500000000001
0.541575
0.5521569999999999
0.56397
0.575364
0.585635
0.595392
0.6044139999999999
0.6122970000000001
0.6170340000000001
0.616038
0.626433
0.620172
0.627617
0.641697
0.6375460000000001
0.64218
0.65118
0.650857
0.6517959999999999
0.652561
0.65279
0.654632
0.653215
0.650408
0.650075
0.649866
0.651553
0.6470990000000001
0.645281
0.6434350000000001
0.646794
0.642123
0.6403220000000001
0.6423340000000001
0.639811
0.638061
0.635747
0.6325919999999999
0.631249
0.631588
0.6256849999999999
0.623154
0.622408
0.620069

Vgs: 1.5
0.0160018
0.015975
0.0124062
0.010779599999999999
0.008294949999999999
0.008870939999999999
0.00928563
0.0140355
0.0170543
0.0267055
0.0378667
0.051947799999999995
0.06909739999999999
0.0909076
0.11927800000000001
0.141425
0.166189
0.194197
0.227715
0.258218
0.292546
0.32956599999999997
0.360576
0.38989199999999996
0.426278
0.458925
0.49045200000000005
0.5168269999999999
0.5471360000000001
0.575019
0.5989180000000001
0.6245200000000001
0.650519
0.673736
0.694827
0.715917
0.739438
0.7605230000000001
0.778089
0.7993629999999999
0.817272
0.833478
0.849416
0.867881
0.892289
0.896412
0.908077
0.918374
0.929376
0.938501
0.9545079999999999
0.959979
0.994496
0.970014
1.0099
1.0156399999999999
1.01958
1.02275
1.02585
1.02764
1.0321799999999999
1.03371
1.03729
1.0017699999999998
1.04308
1.04453
1.0454100000000002
1.0448199999999999
1.04545
1.04769
1.05091
1.04776
1.04913
1.04846
1.04769
1.04853
1.05117
1.0462099999999999
1.04646
1.04655
1.0471

Vgs: 2.0
0.0330459
0.033047299999999995
0.031998
0.0294191
0.028833800000000003
0.0293946
0.031055700000000002
0.0342989
0.039196400000000006
0.0458441
0.054483500000000004
0.0659806
0.0803167
0.097544
0.12249299999999999
0.142647
0.169741
0.199398
0.231509
0.263923
0.30017299999999997
0.337045
0.376705
0.41555200000000003
0.458581
0.465775
0.465873
0.46590200000000004
0.466055
0.46584699999999996
0.465916
0.465905
0.601155
0.803441
0.846063
0.8788239999999999
0.9101670000000001
0.941755
0.9705929999999999
0.999942
1.0348899999999999
1.05685
1.08367
1.10968
1.13498
1.15994
1.18329
1.2069999999999999
1.22921
1.25121
1.27235
1.29213
1.3115100000000002
1.32922
1.3453199999999998
1.3604800000000001
1.3741400000000001
1.38704
1.3972399999999998
1.40709
1.41564
1.4229500000000002
1.42807
1.43463
1.44048
1.4446
1.4496
1.45474
1.45982
1.4644199999999998
1.46989
1.47427
1.4782199999999999
1.48323
1.48179
1.4815900000000002
1.48046
1.48679
1.48966
1.4881199999999999
1.4866300000000001

Vgs: 2.5
0.0697587
0.06985100000000001
0.0697922
0.070631
0.07217190000000001
0.0746483
0.0781146
0.0824532
0.0880753
0.0947311
0.104478
0.112417
0.123396
0.134719
0.151036
0.168633
0.18948
0.212163
0.23961100000000002
0.26973600000000003
0.304074
0.34161199999999997
0.38110900000000003
0.421312
0.464301
0.508385
0.5543189999999999
0.601155
0.6484960000000001
0.6977380000000001
0.748007
0.797907
0.8461719999999999
0.89343
0.939768
0.9853550000000001
1.0381
1.07221
1.11255
1.1520000000000001
1.1912800000000001
1.22892
1.26614
1.30118
1.33573
1.36955
1.40234
1.4344
1.46536
1.49644
1.52707
1.55537
1.58311
1.6098
1.6364400000000001
1.66249
1.68667
1.71054
1.73289
1.754
1.77315
1.78837
1.80671
1.82033
1.83604
1.84786
1.8563
1.86676
1.87341
1.8812499999999999
1.88786
1.89615
1.89876
1.89983
1.90572
1.90332
1.90548
1.9062599999999998
1.90618
1.90655
1.9077

Vgs: 3.0
0.13841499999999998
0.13839
0.138336
0.139684
0.14457799999999998
0.148651
0.153173
0.159076
0.165663
0.172814
0.181164
0.190594
0.200716
0.212682
0.225132
0.239642
0.255705
0.27315199999999995
0.29317600000000005
0.314476
0.33911199999999997
0.36659200000000003
0.39888199999999996
0.433228
0.47157600000000005
0.514414
0.560129
0.607502
0.6563479999999999
0.707035
0.759934
0.812219
0.866091
0.921011
0.976687
1.04518
1.0901
1.14591
1.19729
1.24968
1.30145
1.3491
1.3978599999999999
1.4443
1.48938
1.53382
1.57668
1.6181100000000002
1.6586400000000001
1.6991
1.73821
1.77502
1.81206
1.8478999999999999
1.8835
1.91801
1.9507299999999999
1.9837000000000002
2.0147899999999996
2.04652
2.0755399999999997
2.10434
2.13122
2.1557199999999996
2.17893
2.20023
2.2199899999999997
2.23769
2.25273
2.26506
2.27702
2.28989
2.3027
2.3096200000000002
2.31685
2.32409
2.33471
2.3466899999999997
2.35078
2.35489
2.36376

Vgs: 3.5
0.240975
0.24100400000000002
0.240687
0.240678
0.24738499999999997
0.252898
0.25865499999999997
0.26496000000000003
0.272175
0.279784
0.28857
0.298213
0.30832
0.31965200000000005
0.331524
0.34467
0.359138
0.374878
0.39145800000000003
0.40886500000000003
0.42863500000000004
0.449204
0.473337
0.497953
0.5273909999999999
0.55683
0.591006
0.629175
0.669682
0.7171420000000001
0.768579
0.8217880000000001
0.875011
0.929841
0.987155
1.0593
1.10752
1.1690800000000001
1.2277200000000001
1.28922
1.35158
1.4129500000000002
1.47548
1.53191
1.5891499999999998
1.6474199999999999
1.69922
1.75288
1.8043600000000002
1.85536
1.9036700000000002
1.95112
1.9981399999999998
2.04405
2.08825
2.13143
2.17359
2.21543
2.2552499999999998
2.29531
2.3343399999999996
2.3711
2.40707
2.44226
2.47476
2.50984
2.54119
2.57185
2.5996499999999996
2.62526
2.6501200000000003
2.67143
2.69191
2.7096899999999997
2.72621
2.73753
2.75158
2.76854
2.77897
2.79043
2.79533

Vgs: 4.0
0.37612300000000004
0.37590300000000004
0.37637
0.37705900000000003
0.377513
0.38736800000000005
0.39314299999999996
0.40149199999999996
0.411525
0.41874
0.427917
0.43732899999999997
0.446888
0.457985
0.469529
0.48197700000000004
0.495247
0.509242
0.527461
0.540029
0.557882
0.575937
0.5963109999999999
0.6161610000000001
0.6383190000000001
0.66266
0.6851280000000001
0.716527
0.7464999999999999
0.779489
0.815512
0.855569
0.900265
0.946694
0.99876
1.06883
1.11725
1.17828
1.24063
1.30335
1.36888
1.43414
1.50006
1.567
1.6345699999999999
1.70061
1.76844
1.83265
1.89498
1.9577499999999999
2.01821
2.07667
2.13531
2.1907200000000002
2.2465699999999997
2.29977
2.35088
2.40379
2.45313
2.5008399999999997
2.5481499999999997
2.5940999999999996
2.64021
2.6838
2.7270100000000004
2.76606
2.8098300000000003
2.84986
2.88689
2.9236
2.95943
2.9932000000000003
3.02594
3.05714
3.08794
3.11504
3.14058
3.1635999999999997
3.16934
3.20141
3.2075099999999996

Vgs: 4.5
0.545079
0.544624
0.544611
0.5450630000000001
0.544018
0.552137
0.5606819999999999
0.568561
0.5767059999999999
0.5852379999999999
0.5951240000000001
0.605264
0.613938
0.624403
0.636204
0.647813
0.661206
0.674442
0.689065
0.702414
0.720015
0.736477
0.754946
0.7722789999999999
0.7922950000000001
0.8133870000000001
0.8355819999999999
0.8590409999999999
0.883709
0.90976
0.93897
0.967757
0.999732
1.04287
1.0728
1.1143399999999999
1.1582599999999998
1.20656
1.2603600000000001
1.31847
1.38073
1.44585
1.51537
1.58207
1.65087
1.7204
1.7908799999999998
1.86265
1.9268399999999999
2.00569
2.0716200000000002
2.14375
2.2163500000000003
2.2793599999999996
2.3512199999999996
2.41433
2.47936
2.54083
2.59926
2.6585699999999997
2.71653
2.77246
2.82557
2.8795800000000003
2.93383
2.9829399999999997
3.0300599999999998
3.0831399999999998
3.12689
3.16951
3.2191899999999998
3.25809
3.3056
3.34447
3.38531
3.42223
3.45291
3.4939
3.5255
3.55755
3.5859

Vgs: 5.0
0.742676
0.7421599999999999
0.743489
0.742676
0.742281
0.743218
0.755381
0.763632
0.772293
0.780879
0.78977
0.799942
0.8100269999999999
0.819879
0.830757
0.842802
0.856233
0.868358
0.881807
0.895244
0.910998
0.928441
0.944606
0.960259
0.97592
0.996684
1.02144
1.03882
1.0576800000000002
1.08359
1.1081800000000002
1.1336300000000001
1.16981
1.20509
1.23682
1.26375
1.3106
1.41192
1.4156
1.46608
1.4823499999999998
1.52189
1.57569
1.63101
1.67256
1.735
1.79846
1.87069
1.94326
2.0162
2.08647
2.16884
2.25426
2.32359
2.39698
2.47857
2.55474
2.61646
2.69641
2.76283
2.82527
2.89815
2.97364
3.02651
3.0846
3.1461900000000003
3.1905900000000003
3.26033
3.3155200000000002
3.3680899999999996
3.4164999999999996
3.46917
3.5214600000000003
3.56943
3.60513
3.65705
3.70315
3.7363399999999998
3.77692
3.81229
3.86273

Vgs: 5.5
0.968034
0.969425
0.968056
0.967826
0.967716
0.966777
0.973822
0.9851110000000001
0.994902
1.0066700000000002
1.0140500000000001
1.02393
1.0342699999999998
1.04484
1.0557800000000002
1.0679999999999998
1.08042
1.09219
1.10504
1.11793
1.13244
1.14619
1.16197
1.17749
1.19479
1.2121199999999999
1.22949
1.2488
1.26737
1.28834
1.31015
1.33244
1.3553899999999999
1.37932
1.40683
1.43256
1.4611100000000001
1.49105
1.52221
1.55485
1.59117
1.62706
1.6668500000000002
1.71012
1.75358
1.8017
1.8539800000000002
1.91202
1.97428
2.04274
2.11594
2.18874
2.26715
2.34494
2.42289
2.50132
2.57979
2.6596200000000003
2.7378799999999996
2.81745
2.89751
2.97436
3.0508900000000003
3.12579
3.1974400000000003
3.26955
3.33871
3.40646
3.47541
3.5375900000000002
3.60099
3.66248
3.72241
3.7803400000000003
3.83839
3.89377
3.9482299999999997
4.0017000000000005
4.052
4.10238
4.15105

Vgs: 6.0
1.22413
1.2224499999999998
1.2234500000000001
1.22181
1.2220499999999999
1.22306
1.22401
1.23515
1.2453
1.25447
1.26287
1.27328
1.28387
1.29371
1.30553
1.31668
1.32845
1.33989
1.3516599999999999
1.36531
1.3788699999999998
1.39354
1.40809
1.42296
1.4379600000000001
1.45526
1.47047
1.4873
1.50539
1.52466
1.54371
1.56442
1.58344
1.60613
1.62997
1.65439
1.67858
1.7040499999999998
1.73069
1.75964
1.78881
1.81922
1.8527500000000001
1.8864299999999998
1.92209
1.96111
1.99912
2.04202
2.08716
2.1353600000000004
2.18716
2.24376
2.30487
2.37084
2.44358
2.519
2.5975099999999998
2.68006
2.76026
2.84199
2.92563
3.00805
3.08771
3.16994
3.25276
3.33292
3.40112
3.49268
3.57018
3.64403
3.7181100000000002
3.78937
3.86185
3.9296499999999996
3.9944200000000003
4.06043
4.12324
4.187060000000001
4.2463500000000005
4.30651
4.3639600000000005

Vgs: 6.5
1.50488
1.5065300000000001
1.50655
1.50782
1.50797
1.50759
1.50705
1.51002
1.52424
1.53305
1.54115
1.5518699999999999
1.56255
1.5726099999999998
1.58393
1.5949
1.60505
1.6179000000000001
1.63048
1.64447
1.65429
1.6695200000000001
1.68388
1.696
1.7103599999999999
1.7257
1.74132
1.75687
1.77472
1.79122
1.80885
1.82833
1.84613
1.86619
1.8862700000000001
1.90835
1.93009
1.9531599999999998
1.97676
2.00251
2.03064
2.05348
2.08166
2.11245
2.14072
2.17253
2.20551
2.2406800000000002
2.27595
2.31459
2.3544400000000003
2.3963
2.44223
2.48943
2.54226
2.59467
2.65294
2.7198700000000002
2.78855
2.86342
2.94633
3.02773
3.1088
3.19527
3.27779
3.34199
3.44672
3.53189
3.6147699999999996
3.7005
3.7818
3.8639400000000004
3.94434
4.02278
4.10104
4.177239999999999
4.24919
4.32226
4.39148
4.4606200000000005
4.52638

Vgs: 7.0
1.81024
1.8091599999999999
1.80993
1.8104799999999999
1.81031
1.81019
1.81321
1.81259
1.82203
1.83289
1.84162
1.85269
1.86236
1.87287
1.88277
1.89295
1.90609
1.91757
1.93068
1.94149
1.95359
1.9661700000000002
1.98012
1.9926599999999999
2.00811
2.02277
2.03689
2.05261
2.06865
2.08486
2.10059
2.11919
2.1356
2.1556100000000002
2.1735
2.19333
2.2129
2.2356
2.25476
2.2776
2.29981
2.3238299999999996
2.348
2.3731899999999997
2.39997
2.428
2.455
2.48489
2.5160199999999997
2.54733
2.58041
2.6150700000000002
2.65204
2.68988
2.73069
2.77264
2.8156600000000003
2.8628299999999998
2.9128600000000002
2.96527
3.0217
3.08268
3.1502000000000003
3.22247
3.3009
3.3834400000000002
3.47045
3.55391
3.64093
3.72691
3.81239
3.89858
3.9863399999999998
4.07266
4.15704
4.24125
4.32334
4.40588
4.48555
4.56492
4.6416699999999995

Vgs: 7.5
2.14204
2.14093
2.13868
2.1389500000000004
2.14104
2.14155
2.14347
2.14284
2.14259
2.15632
2.1661699999999997
2.17571
2.18285
2.1938999999999997
2.20352
2.21496
2.22697
2.23483
2.2466399999999997
2.25713
2.2702400000000003
2.28212
2.29696
2.30952
2.32248
2.3362600000000002
2.3495500000000002
2.3659499999999998
2.38024
2.39835
2.41238
2.42851
2.44434
2.46137
2.47964
2.49548
2.51467
2.5336600000000002
2.55303
2.57411
2.59615
2.61553
2.63764
2.66162
2.6860500000000003
2.7097
2.73476
2.76315
2.78945
2.8164100000000003
2.8488599999999997
2.87563
2.90719
2.9396600000000004
2.97392
3.00812
3.04434
3.08326
3.12134
3.16525
3.20899
3.25535
3.30183
3.35216
3.40676
3.46502
3.52761
3.59698
3.67038
3.75143
3.8345800000000003
3.9202999999999997
4.00919
4.09649
4.1884
4.2738000000000005
4.360519999999999
4.44879
4.53555
4.62141
4.70646

Vgs: 8.0
2.4852
2.48661
2.48638
2.48636
2.4849799999999997
2.48473
2.48649
2.48879
2.4914
2.49068
2.50739
2.51907
2.52777
2.53826
2.5509600000000003
2.56069
2.57206
2.58074
2.59097
2.6019099999999997
2.6142499999999997
2.62586
2.63944
2.65377
2.66477
2.67718
2.6909400000000003
2.70506
2.7246200000000003
2.7341
2.74908
2.7692099999999997
2.77937
2.79617
2.81639
2.83146
2.84542
2.8638600000000003
2.88228
2.898
2.92177
2.93816
2.95825
2.97918
3.00035
3.0221
3.0458
3.06968
3.09398
3.1189400000000003
3.1451700000000002
3.1718900000000003
3.19988
3.22641
3.2557
3.28549
3.31605
3.3486599999999997
3.38154
3.4167300000000003
3.45372
3.49001
3.5283599999999997
3.5690600000000003
3.6093
3.66457
3.77445
3.75391
3.80619
3.9196999999999997
3.91995
4.01248
4.05584
4.1296
4.21079
4.2963000000000005
4.3815800000000005
4.47249
4.560899999999999
4.64722
4.74307
