Vgs range: 0,8,0.5
Vds range: 0,8,0.1

Vgs: 0.0
-5.0280599999999994e-05
0.000201821
0.000251665
0.000270769
0.00031159
0.000434638
0.000703276
0.0013199700000000002
0.00185452
0.00348416
0.004327910000000001
0.006912659999999999
0.00850486
0.00963414
0.012025899999999999
0.015839
0.0185904
0.0224374
0.0277127
0.0291936
0.0333815
0.0379887
0.043582499999999996
0.0501045
0.057554
0.0661692
0.07964689999999999
0.0869851
0.0992045
0.112773
0.12815
0.14444300000000002
0.16159700000000002
0.18054900000000002
0.201377
0.222576
0.245211
0.269308
0.294146
0.32039999999999996
0.34765700000000005
0.377451
0.408894
0.44000799999999995
0.473222
0.507979
0.5425439999999999
0.578757
0.61754
0.661052
0.6946749999999999
0.735982
0.777667
0.82091
0.867082
0.9114789999999999
0.958364
1.01437
1.0647
1.1177400000000002
1.1690800000000001
1.2230800000000002
1.27752
1.33197
1.38932
1.45149
1.50693
1.56918
1.629
1.69284
1.75523
1.8245399999999998
1.87829
1.94417
2.009
2.07591
2.1399
2.2055
2.27519
2.3403500000000004
2.40836

Vgs: 0.5
-4.7350100000000006e-05
0.00126787
0.0014861499999999999
0.00152224
0.0015426300000000001
0.0015617299999999999
0.00157966
0.0015977200000000002
0.00162159
0.00167616
0.00186701
0.00232718
0.0031484
0.00504782
0.00627838
0.0108756
0.015815899999999997
0.0162688
0.0196279
0.0329192
0.030586899999999997
0.0379159
0.0446917
0.0571851
0.0629022
0.0774717
0.0848299
0.0974018
0.11117099999999999
0.125928
0.142258
0.159559
0.177391
0.197189
0.217858
0.239497
0.26215
0.28631
0.31219
0.33851299999999995
0.366739
0.395949
0.42607300000000004
0.457716
0.49007300000000004
0.523528
0.558718
0.594828
0.63211
0.670772
0.7102299999999999
0.753108
0.7937029999999999
0.836388
0.87962
0.924454
0.972032
1.019
1.06767
1.11822
1.1686100000000001
1.2205199999999998
1.27243
1.3279699999999999
1.38331
1.43876
1.49742
1.5539399999999999
1.61395
1.67454
1.73262
1.79507
1.8590900000000001
1.9258000000000002
1.9907000000000001
2.05896
2.12244
2.19347
2.2597099999999997
2.33099
2.40099

Vgs: 1.0
-7.08617e-05
0.0147306
0.0260929
0.0341184
0.0390589
0.0414248
0.0423068
0.042614400000000004
0.0427999
0.0429426
0.0430642
0.0432189
0.0433229
0.0434755
0.0437189
0.0442798
0.0455083
0.047646799999999996
0.0509545
0.0554705
0.061249500000000005
0.0681264
0.0762449
0.0853734
0.0956065
0.106952
0.119308
0.13279000000000002
0.147317
0.162906
0.17974199999999999
0.19753300000000001
0.216567
0.23657
0.257774
0.28017
0.303427
0.327756
0.352983
0.379593
0.40812200000000004
0.437742
0.467389
0.49932600000000005
0.5317810000000001
0.5652250000000001
0.600414
0.636321
0.673728
0.713094
0.7522610000000001
0.794192
0.835117
0.876606
0.920466
0.965564
1.01375
1.0616700000000001
1.1126800000000001
1.16153
1.21108
1.2621900000000001
1.31447
1.3686200000000002
1.4257499999999999
1.48129
1.5373299999999999
1.5957899999999998
1.6583299999999999
1.71508
1.7760600000000002
1.83924
1.9002299999999999
1.96436
2.03229
2.09678
2.1625799999999997
2.22915
2.29351
2.36426
2.43129

Vgs: 1.5
-0.000109333
0.0273342
0.0519837
0.0738734
0.09298630000000001
0.10926
0.122531
0.13291
0.140427
0.145172
0.147847
0.14909999999999998
0.149835
0.150333
0.150819
0.151242
0.151589
0.152056
0.152361
0.152871
0.153953
0.156003
0.159528
0.164547
0.171423
0.179956
0.19035300000000002
0.20212799999999997
0.215463
0.230106
0.246144
0.26313600000000004
0.281451
0.30086799999999997
0.32182
0.343726
0.366879
0.391481
0.41639299999999996
0.443307
0.47131799999999996
0.49989900000000004
0.529932
0.561142
0.593618
0.627264
0.661934
0.697981
0.73569
0.773607
0.813075
0.852634
0.8941049999999999
0.936778
0.9802350000000001
1.02707
1.07303
1.12046
1.16737
1.217
1.2688899999999999
1.32288
1.3743500000000002
1.42832
1.4818399999999998
1.53567
1.5897999999999999
1.6478300000000001
1.70783
1.76812
1.8279100000000001
1.89008
1.95258
2.0141299999999998
2.08008
2.14304
2.20704
2.27448
2.34484
2.41295
2.48226

Vgs: 2.0
-0.000266956
0.0371945
0.0723117
0.105147
0.135898
0.164267
0.19008999999999998
0.21376
0.234785
0.25325499999999995
0.268826
0.282008
0.292401
0.29989699999999997
0.305482
0.30844699999999997
0.310563
0.31185
0.31262
0.31373799999999996
0.314356
0.315255
0.315126
0.317196
0.31755
0.31964
0.321957
0.328223
0.333604
0.34920300000000004
0.355877
0.377101
0.383206
0.39956600000000003
0.41750899999999996
0.437811
0.459192
0.48190700000000003
0.512381
0.532441
0.560437
0.587107
0.624848
0.646157
0.689375
0.71322
0.7523690000000001
0.781782
0.818069
0.8546969999999999
0.896744
0.9413779999999999
0.9800139999999999
1.01942
1.0601099999999999
1.10395
1.149
1.1959099999999998
1.24547
1.2927
1.34294
1.39471
1.44651
1.49773
1.55039
1.60545
1.6630399999999999
1.72086
1.77787
1.8379100000000002
1.8959700000000002
1.95626
2.01879
2.0794799999999998
2.1418600000000003
2.20732
2.2752
2.3399900000000002
2.40839
2.4762999999999997
2.5450999999999997

Vgs: 2.5
-0.000548206
0.045268300000000004
0.08907849999999999
0.131006
0.171077
0.209229
0.245414
0.27963899999999997
0.311793
0.341862
0.369757
0.395502
0.419236
0.43993899999999997
0.458502
0.474604
0.488171
0.499193
0.508368
0.513701
0.5179130000000001
0.520296
0.522096
0.523148
0.525225
0.526428
0.527554
0.528687
0.529697
0.530884
0.5328550000000001
0.536482
0.54201
0.55006
0.560762
0.5742879999999999
0.590044
0.608041
0.627849
0.6497719999999999
0.673003
0.697819
0.724373
0.752475
0.78144
0.8120850000000001
0.844193
0.8773449999999999
0.9114909999999999
0.94737
0.984146
1.02377
1.06368
1.10411
1.14589
1.1896
1.23372
1.2786799999999998
1.32471
1.37206
1.42056
1.4709
1.5218
1.57305
1.6256599999999999
1.6804299999999999
1.7347599999999999
1.79149
1.84893
1.9061
1.9660099999999998
2.0261400000000003
2.08734
2.14986
2.21332
2.2798599999999998
2.34261
2.4091
2.47487
2.54275
2.61055

Vgs: 3.0
-0.0018941
0.051133700000000004
0.102268
0.151775
0.199686
0.24599399999999996
0.290679
0.333642
0.374915
0.41443399999999997
0.452191
0.488157
0.522223
0.554377
0.5845680000000001
0.612609
0.638666
0.662476
0.6839500000000001
0.703211
0.7199939999999999
0.734136
0.7460140000000001
0.755379
0.762496
0.767489
0.771024
0.773617
0.7757229999999999
0.777605
0.7793509999999999
0.780909
0.782397
0.7837649999999999
0.7854490000000001
0.7879379999999999
0.792318
0.7987540000000001
0.80818
0.820804
0.836205
0.854534
0.875208
0.897914
0.922798
0.949297
0.9775269999999999
1.00885
1.04064
1.0732300000000001
1.1076599999999999
1.14338
1.1809800000000001
1.2192500000000002
1.25869
1.29927
1.34192
1.3853
1.4304299999999999
1.47592
1.52284
1.57023
1.61961
1.67019
1.72188
1.7745300000000002
1.82771
1.88259
1.93749
1.9946
2.05309
2.11218
2.1732299999999998
2.23276
2.2946
2.3565
2.41955
2.48462
2.54768
2.6159
2.68278

Vgs: 3.5
-0.0076099800000000006
0.0524153
0.111579
0.168092
0.223296
0.276845
0.32878999999999997
0.37937000000000004
0.42852199999999996
0.4761
0.5221709999999999
0.5668160000000001
0.609801
0.6511979999999999
0.690963
0.7290610000000001
0.7653760000000001
0.7998639999999999
0.832476
0.863161
0.891789
0.918098
0.9426289999999999
0.964794
0.9847090000000001
1.00373
1.0189000000000001
1.03158
1.04186
1.04984
1.0557400000000001
1.06018
1.06344
1.06625
1.06867
1.07077
1.07273
1.0745900000000002
1.07646
1.07843
1.08149
1.08647
1.09399
1.1044399999999999
1.11838
1.13545
1.15588
1.17877
1.20396
1.23116
1.26071
1.29182
1.32478
1.35914
1.3953399999999998
1.4333
1.47165
1.51267
1.554
1.59664
1.6411900000000001
1.6871399999999999
1.73372
1.7817
1.831
1.88153
1.93378
1.98604
2.04022
2.09467
2.1512800000000003
2.20842
2.26683
2.3251299999999997
2.385
2.4466900000000003
2.5084999999999997
2.5725100000000003
2.6376
2.70345
2.76812

Vgs: 4.0
-0.021478999999999998
0.0448189
0.110308
0.174458
0.236339
0.297265
0.357188
0.415128
0.471779
0.526891
0.580714
0.633124
0.6841619999999999
0.733838
0.782081
0.828883
0.874217
0.917937
0.960017
1.00204
1.04086
1.07743
1.1127
1.14598
1.1773
1.2065400000000002
1.23379
1.25885
1.2816100000000001
1.30212
1.3203500000000001
1.33629
1.3497299999999999
1.3606200000000002
1.36947
1.37631
1.38138
1.38528
1.38861
1.3916300000000001
1.39431
1.39669
1.39894
1.40122
1.40357
1.40701
1.4124999999999999
1.42059
1.4324
1.44766
1.4667000000000001
1.48901
1.51403
1.54176
1.5717299999999998
1.60359
1.63737
1.6732500000000001
1.71091
1.75024
1.7909499999999998
1.83339
1.8772000000000002
1.92216
1.96859
2.01632
2.06459
2.11443
2.16518
2.2172
2.2708500000000003
2.32653
2.38191
2.4395100000000003
2.49809
2.55721
2.6169700000000002
2.67803
2.74129
2.8044900000000004
2.86815

Vgs: 4.5
-0.040293
0.0319316
0.102052
0.171504
0.23923
0.307174
0.374242
0.439093
0.5033639999999999
0.5655429999999999
0.62717
0.687443
0.745581
0.8031349999999999
0.859379
0.914241
0.967897
1.02157
1.07235
1.12169
1.16931
1.2149999999999999
1.25961
1.3023399999999998
1.34348
1.3827500000000001
1.42039
1.45605
1.48973
1.52147
1.55117
1.5789199999999999
1.6044399999999999
1.62779
1.64886
1.66767
1.68402
1.6979899999999999
1.7097099999999998
1.7191800000000002
1.72663
1.73241
1.7371400000000001
1.74106
1.74436
1.7474800000000001
1.75044
1.75304
1.75568
1.7583099999999998
1.76206
1.76804
1.7770100000000002
1.78958
1.80594
1.82618
1.84991
1.8766200000000002
1.90642
1.93849
1.9726600000000003
2.0087099999999998
2.0467
2.0870900000000003
2.12875
2.1718100000000002
2.2168
2.26391
2.31181
2.36096
2.41072
2.46182
2.51388
2.56801
2.6226700000000003
2.67886
2.73727
2.7946999999999997
2.85386
2.91464
2.9765

Vgs: 5.0
-0.0571687
0.0145989
0.0844728
0.15800499999999998
0.230248
0.300756
0.371087
0.440224
0.508765
0.5783020000000001
0.647726
0.716026
0.7846329999999999
0.851185
0.916121
0.980697
1.04472
1.1055
1.16493
1.22312
1.2796299999999998
1.33406
1.3875
1.43918
1.48937
1.53769
1.58457
1.62959
1.6728699999999999
1.7145299999999999
1.7543000000000002
1.7923900000000001
1.8283399999999999
1.86228
1.89475
1.9248500000000002
1.95281
1.9789299999999999
2.00244
2.02401
2.04316
2.06003
2.07464
2.08676
2.09686
2.10497
2.11136
2.1165599999999998
2.1210999999999998
2.12502
2.1284799999999997
2.13174
2.13472
2.1376500000000003
2.14023
2.14501
2.1514699999999998
2.1609599999999998
2.1743
2.1918699999999998
2.2135000000000002
2.2388500000000002
2.2673799999999997
2.2987900000000003
2.33255
2.36891
2.40712
2.4467299999999996
2.48939
2.53316
2.57852
2.6252
2.67396
2.72359
2.77454
2.82642
2.88017
2.93553
2.99291
3.0499899999999998
3.10827

Vgs: 5.5
-0.07848469999999999
0.0007128330000000001
0.07394880000000001
0.146019
0.220493
0.294972
0.367949
0.43926000000000004
0.515247
0.5875929999999999
0.659194
0.733533
0.806575
0.88152
0.955504
1.0296999999999998
1.10116
1.17126
1.2391100000000002
1.30638
1.37189
1.43344
1.4956500000000001
1.55612
1.61504
1.67213
1.72769
1.7814599999999998
1.83353
1.8841299999999999
1.93286
1.9802399999999998
2.02562
2.06932
2.1111400000000002
2.15131
2.18952
2.2259599999999997
2.26024
2.29273
2.32313
2.3514
2.37747
2.40149
2.42323
2.44272
2.4599
2.47463
2.4873600000000002
2.4970399999999997
2.5063899999999997
2.51343
2.51925
2.52416
2.52834
2.5322299999999998
2.5358799999999997
2.53921
2.54238
2.54569
2.5501
2.55678
2.56669
2.58075
2.59958
2.6220000000000003
2.6484799999999997
2.67848
2.7112299999999996
2.74695
2.785
2.82466
2.86769
2.9112500000000003
2.9570999999999996
3.0044199999999996
3.05295
3.1035500000000003
3.1559
3.20865
3.26302

Vgs: 6.0
-0.0968183
-0.0216808
0.0521192
0.12779100000000002
0.200682
0.277342
0.356543
0.43108799999999997
0.506279
0.583085
0.6616010000000001
0.74022
0.8187859999999999
0.894752
0.971589
1.04829
1.12449
1.20204
1.2778100000000001
1.35448
1.4304400000000002
1.50377
1.5768
1.64856
1.71824
1.7853
1.8504699999999998
1.91361
1.9743400000000002
2.03352
2.0906599999999997
2.14653
2.20037
2.25286
2.3033099999999997
2.3523799999999997
2.3996999999999997
2.44538
2.4890899999999996
2.5312
2.57134
2.60965
2.6460899999999996
2.68046
2.71299
2.7435
2.7719400000000003
2.79816
2.82233
2.84413
2.8637900000000003
2.88113
2.89624
2.90909
2.91986
2.9288399999999997
2.9361499999999996
2.94244
2.94766
2.95232
2.9565
2.96048
2.96402
2.9674699999999996
2.97097
2.97593
2.9828099999999997
2.99342
3.00802
3.02701
3.05045
3.07791
3.10937
3.14294
3.18025
3.2192000000000003
3.2608300000000003
3.30367
3.34902
3.39587
3.44414

Vgs: 6.5
-0.12224600000000001
-0.045373800000000006
0.0337113
0.111666
0.189442
0.267166
0.346144
0.422352
0.501228
0.578748
0.658782
0.7398710000000001
0.816864
0.895437
0.97404
1.05917
1.1413499999999999
1.22075
1.30032
1.3808
1.45977
1.53817
1.6179000000000001
1.69726
1.77672
1.85185
1.92705
2.0017199999999997
2.0739500000000004
2.1456399999999998
2.2135100000000003
2.27975
2.34267
2.40645
2.46675
2.52511
2.5816
2.63647
2.68931
2.74049
2.78972
2.83718
2.8826899999999998
2.92659
2.9687300000000003
3.00899
3.04717
3.08347
3.11802
3.15051
3.18111
3.20934
3.23569
3.25968
3.2815399999999997
3.30126
3.3186
3.33385
3.34687
3.35797
3.36712
3.37482
3.3812
3.38682
3.3919900000000003
3.39653
3.40061
3.40448
3.4082399999999997
3.41216
3.41728
3.4247
3.43535
3.45034
3.47004
3.49404
3.52256
3.55414
3.58967
3.6273999999999997
3.66765

Vgs: 7.0
-0.14651
-0.0654352
0.0144466
0.0935204
0.170001
0.25225200000000003
0.334394
0.41317
0.4942460000000001
0.577965
0.656488
0.736344
0.819469
0.904292
0.983294
1.07013
1.15469
1.2405700000000002
1.3229
1.4063999999999999
1.49063
1.57057
1.65415
1.73658
1.82252
1.9015
1.9853800000000001
2.0669500000000003
2.1461200000000002
2.22332
2.3022
2.3779500000000002
2.4525900000000003
2.52624
2.5966299999999998
2.66467
2.72984
2.79417
2.8560399999999997
2.91742
2.97726
3.03465
3.08925
3.1427
3.19359
3.24221
3.2896900000000002
3.33517
3.37907
3.42073
3.46089
3.49879
3.5349
3.56907
3.60174
3.6319999999999997
3.65995
3.68628
3.71006
3.7315899999999997
3.7517
3.76958
3.7851999999999997
3.79681
3.80804
3.8182400000000003
3.82616
3.83285
3.8386
3.84389
3.8485
3.8530499999999996
3.85696
3.8609
3.86485
3.87005
3.878
3.88877
3.9039800000000002
3.9241500000000005
3.9488700000000003

Vgs: 7.5
-0.164334
-0.0862777
-0.00520055
0.0745304
0.15610400000000002
0.240471
0.32382500000000003
0.405409
0.485408
0.565627
0.648577
0.733392
0.819308
0.9032600000000001
0.9838049999999999
1.07574
1.1587800000000001
1.2423
1.33183
1.41973
1.50738
1.5932400000000002
1.6750800000000001
1.76127
1.84768
1.93285
2.0186
2.1066499999999997
2.18826
2.27375
2.3622500000000004
2.44902
2.53134
2.61409
2.6919
2.76943
2.84687
2.9226
2.99529
3.06581
3.13511
3.20104
3.265
3.3270299999999997
3.38735
3.4450700000000003
3.5013900000000002
3.55555
3.60811
3.65868
3.70834
3.75542
3.80003
3.8436500000000002
3.88505
3.9246000000000003
3.96265
3.99897
4.03287
4.06475
4.09385
4.1225000000000005
4.14838
4.1715800000000005
4.193020000000001
4.21231
4.22916
4.24383
4.25725
4.26883
4.27817
4.28622
4.29305
4.299049999999999
4.30412
4.308870000000001
4.313540000000001
4.317159999999999
4.3214500000000005
4.32569
4.33087

Vgs: 8.0
-0.193453
-0.108273
-0.0287368
0.0509125
0.13601
0.220893
0.303268
0.390535
0.472585
0.556396
0.6390589999999999
0.725265
0.809187
0.8919480000000001
0.9813580000000001
1.07278
1.1581700000000001
1.24146
1.32511
1.41592
1.50505
1.59084
1.6813399999999998
1.76903
1.8619400000000002
1.9538200000000001
2.04777
2.13693
2.22324
2.3123
2.39924
2.48355
2.5667
2.65339
2.74188
2.82535
2.9109499999999997
2.9942599999999997
3.07302
3.1532999999999998
3.23299
3.31107
3.38763
3.4620699999999998
3.53455
3.6036599999999996
3.6715
3.73561
3.79846
3.8601099999999997
3.91833
3.9753899999999995
4.03008
4.082330000000001
4.13285
4.18121
4.22764
4.272620000000001
4.3155
4.35646
4.39546
4.4332
4.46895
4.50274
4.5336300000000005
4.56335
4.59094
4.61616
4.6394
4.66068
4.67975
4.69663
4.71131
4.72446
4.7356300000000005
4.7443800000000005
4.75272
4.7596799999999995
4.7659
4.76561
4.76909
