Vgs range: 0,8,0.5
Vds range: 0,8,0.1

Vgs: 0.0
-5.32131e-05
0.00020295
0.000255737
0.000274518
0.00031189399999999995
0.00044618100000000003
0.000785674
0.0013809500000000001
0.0022979
0.00355189
0.00512233
0.0069888699999999995
0.0091137
0.011393700000000001
0.0139246
0.016600300000000002
0.019478
0.0225109
0.0257794
0.0294035
0.0335379
0.0383272
0.0440614
0.050797999999999996
0.0584181
0.0674471
0.0776312
0.0891529
0.101871
0.116252
0.13155
0.14842
0.166004
0.185301
0.20613599999999999
0.227722
0.25135199999999996
0.27582399999999996
0.301339
0.328324
0.35761400000000004
0.38786400000000004
0.419165
0.45177500000000004
0.484543
0.519784
0.555954
0.593098
0.63252
0.6714950000000001
0.713933
0.754228
0.797916
0.8435060000000001
0.889865
0.935343
0.983624
1.03415
1.08418
1.13582
1.18901
1.2425400000000002
1.29555
1.3501400000000001
1.40774
1.46571
1.52442
1.5834300000000001
1.6411799999999999
1.70244
1.76722
1.8271400000000002
1.89108
1.9555000000000002
2.0199800000000003
2.0906700000000003
2.1586499999999997
2.22445
2.29598
2.3654
2.4382

Vgs: 0.5
-4.29711e-05
0.00127643
0.00149593
0.0015305899999999999
0.00155069
0.0015706700000000001
0.0015882300000000002
0.00160393
0.0016262899999999999
0.00168724
0.0018876399999999999
0.00234469
0.0031707899999999997
0.00446796
0.0063133500000000006
0.00871448
0.0117868
0.015466899999999999
0.0198708
0.0250695
0.0310398
0.037805899999999996
0.045464199999999996
0.0541027
0.0638381
0.07443899999999999
0.0864577
0.0993548
0.11286399999999999
0.128113
0.144563
0.161907
0.18066100000000002
0.200509
0.221613
0.243881
0.266675
0.29196700000000003
0.31817599999999996
0.344784
0.372608
0.40268
0.433287
0.465202
0.49819
0.532962
0.5690890000000001
0.604114
0.642981
0.683216
0.721691
0.763599
0.8063210000000001
0.851806
0.894147
0.939547
0.986253
1.0362399999999998
1.0858700000000001
1.1368
1.18734
1.2395500000000002
1.29458
1.34787
1.40424
1.45903
1.51754
1.57785
1.63677
1.69818
1.75772
1.82151
1.88804
1.95286
2.01788
2.08538
2.15312
2.22169
2.28879
2.3608499999999997
2.42785

Vgs: 1.0
-7.315200000000001e-05
0.014727200000000001
0.0260679
0.0341053
0.039026000000000005
0.0413893
0.0422784
0.0425738
0.0427362
0.042895899999999994
0.043064700000000004
0.0431688
0.043297999999999996
0.0434485
0.0436624
0.044221899999999995
0.045424099999999995
0.047588
0.0509282
0.0554655
0.061324100000000006
0.0682599
0.0765245
0.08586289999999999
0.0963348
0.107864
0.120476
0.134275
0.14923399999999998
0.165098
0.18222
0.200862
0.220258
0.241076
0.26318400000000003
0.285908
0.309236
0.3345
0.361423
0.388613
0.41745
0.447383
0.478157
0.510698
0.544049
0.578775
0.61365
0.6508459999999999
0.6867890000000001
0.725366
0.7655780000000001
0.806518
0.847591
0.890759
0.935599
0.984478
1.02946
1.0762600000000002
1.12579
1.17734
1.2272800000000001
1.27649
1.33208
1.38767
1.44253
1.49719
1.55556
1.6152
1.67343
1.7321000000000002
1.79565
1.8587
1.91913
1.9886000000000001
2.05331
2.11583
2.18158
2.24911
2.32254
2.39359
2.4603099999999998

Vgs: 1.5
-0.000104092
0.0273541
0.052001900000000004
0.0738875
0.0930087
0.109278
0.122606
0.13297299999999998
0.140459
0.14517999999999998
0.147815
0.149089
0.149789
0.15027700000000002
0.15080200000000002
0.151197
0.151542
0.151929
0.15232
0.152808
0.153792
0.155778
0.15922199999999997
0.164342
0.171309
0.180082
0.190666
0.202822
0.21642499999999998
0.231572
0.247618
0.265367
0.284676
0.304973
0.32659900000000003
0.349354
0.373364
0.398095
0.424573
0.45232300000000003
0.481314
0.51169
0.5421039999999999
0.5739
0.607556
0.6423289999999999
0.678252
0.715395
0.753376
0.791982
0.832004
0.8738459999999999
0.916295
0.9596589999999999
1.0066000000000002
1.05219
1.09963
1.1461
1.19532
1.2448400000000002
1.2967899999999999
1.3486
1.40043
1.45489
1.50812
1.56452
1.6236
1.67918
1.73887
1.79827
1.8604699999999998
1.92307
1.9812900000000002
2.0462100000000003
2.11174
2.17543
2.24065
2.30661
2.3739999999999997
2.44096
2.50768

Vgs: 2.0
-0.00021731999999999999
0.0372486
0.0724095
0.10529000000000001
0.135981
0.16435000000000002
0.19034
0.21391100000000002
0.234928
0.253391
0.269171
0.282292
0.292609
0.300353
0.305676
0.308911
0.31071400000000005
0.311991
0.31293
0.313801
0.314573
0.315415
0.316096
0.316759
0.317598
0.319054
0.321912
0.326418
0.333113
0.342254
0.35345
0.36689900000000003
0.38225899999999996
0.399463
0.418246
0.438611
0.460374
0.484039
0.508668
0.5347839999999999
0.5625600000000001
0.591181
0.620124
0.651399
0.684193
0.717458
0.751903
0.7888660000000001
0.824751
0.863074
0.903605
0.9424939999999999
0.9849749999999999
1.02965
1.07488
1.11865
1.16502
1.2125199999999998
1.26068
1.3100500000000002
1.35977
1.4097300000000001
1.4625599999999999
1.51598
1.5717400000000001
1.62667
1.68171
1.73967
1.7991000000000001
1.85823
1.9189800000000001
1.97889
2.0404400000000003
2.10356
2.16928
2.22947
2.29534
2.3614
2.42955
2.49907
2.56964

Vgs: 2.5
-0.0005983729999999999
0.0452049
0.089061
0.130977
0.171037
0.209211
0.245396
0.27963
0.311776
0.341809
0.36971699999999996
0.39543199999999995
0.418863
0.439916
0.458418
0.47457499999999997
0.488141
0.49916499999999997
0.507548
0.51369
0.51779
0.520374
0.522233
0.523829
0.52513
0.526345
0.527517
0.5285930000000001
0.529648
0.530763
0.532828
0.536393
0.541754
0.54985
0.5605140000000001
0.5743159999999999
0.590224
0.6083850000000001
0.628603
0.6508189999999999
0.67452
0.700004
0.7266980000000001
0.755672
0.78531
0.8162780000000001
0.849049
0.882699
0.918859
0.955564
0.992307
1.03377
1.07331
1.11453
1.1571500000000001
1.2016399999999998
1.2469700000000001
1.29225
1.33978
1.39043
1.43881
1.4885
1.53984
1.59337
1.64772
1.70146
1.75678
1.81304
1.86882
1.9292
1.9897600000000002
2.05089
2.11169
2.17517
2.24111
2.30569
2.3696300000000003
2.43444
2.50401
2.57064
2.63835

Vgs: 3.0
-0.00219659
0.0503979
0.102092
0.151636
0.199605
0.245913
0.29059700000000005
0.33362600000000003
0.37489
0.414453
0.452237
0.488221
0.52227
0.554433
0.5846480000000001
0.612734
0.638785
0.662514
0.684105
0.703282
0.720036
0.7342730000000001
0.746067
0.755384
0.7624949999999999
0.767627
0.771061
0.7733
0.7758269999999999
0.777733
0.779208
0.780855
0.782484
0.78372
0.785568
0.787989
0.792264
0.79875
0.808024
0.820542
0.837191
0.854495
0.8768670000000001
0.898275
0.923511
0.951401
0.9792679999999999
1.0112
1.04404
1.07806
1.11331
1.14925
1.18771
1.22891
1.26853
1.30951
1.3519400000000001
1.39679
1.44349
1.48919
1.53792
1.5866
1.63582
1.68653
1.73633
1.79016
1.84557
1.9041299999999999
1.9592300000000002
2.0153
2.0738000000000003
2.13369
2.19691
2.25551
2.3177
2.38425
2.4468300000000003
2.5133400000000004
2.5769
2.6435500000000003
2.71494

Vgs: 3.5
-0.0102358
0.050140199999999996
0.10936
0.166401
0.222072
0.275881
0.32814200000000004
0.37885399999999997
0.428054
0.47583400000000003
0.521958
0.5665870000000001
0.6097290000000001
0.651235
0.691071
0.729197
0.765529
0.8001199999999999
0.832721
0.8634310000000001
0.892119
0.918451
0.9429879999999999
0.965071
0.98507
1.0041200000000001
1.01935
1.03195
1.04222
1.0500500000000001
1.05606
1.0604500000000001
1.0637400000000001
1.06638
1.0688600000000001
1.07107
1.07309
1.0749799999999998
1.07687
1.0787399999999998
1.08157
1.08631
1.09359
1.1040100000000002
1.1179899999999998
1.1352499999999999
1.15563
1.1785599999999998
1.2041
1.23263
1.26198
1.3726
1.32752
1.36388
1.40113
1.4380300000000001
1.4776500000000001
1.51904
1.56235
1.6066500000000001
1.65096
1.69819
1.74658
1.79487
1.84486
1.89682
1.94907
2.00427
2.0584700000000002
2.1143799999999997
2.1699800000000002
2.22866
2.28789
2.34599
2.40911
2.47031
2.53295
2.59451
2.65933
2.72598
2.79332

Vgs: 4.0
-0.021342999999999997
0.0446333
0.10756199999999999
0.169681
0.233791
0.294626
0.354958
0.413591
0.471079
0.526758
0.580841
0.632987
0.683875
0.733679
0.782104
0.829094
0.874532
0.9182319999999999
0.9604130000000001
1.0024899999999999
1.0412299999999999
1.07799
1.11327
1.14645
1.17784
1.20708
1.23424
1.25929
1.2821
1.30273
1.32095
1.3368099999999998
1.35027
1.36141
1.37002
1.37686
1.38184
1.3860000000000001
1.38937
1.3922800000000002
1.39491
1.3973099999999998
1.39968
1.40194
1.40429
1.40785
1.4133399999999998
1.4214200000000001
1.43271
1.44777
1.46665
1.48889
1.51437
1.5420099999999999
1.57188
1.60436
1.63799
1.67463
1.7131699999999999
1.75238
1.79407
1.83717
1.8809099999999999
1.92694
1.9721399999999998
2.02121
2.07042
2.12203
2.17377
2.23009
2.28577
2.33844
2.39561
2.45519
2.51435
2.57567
2.63671
2.69951
2.76049
2.82097
2.8861

Vgs: 4.5
-0.0383407
0.032339299999999994
0.09772
0.165102
0.232555
0.30008999999999997
0.366845
0.43271
0.496707
0.5603290000000001
0.622491
0.683253
0.743159
0.801374
0.858371
0.9138250000000001
0.9680259999999999
1.02187
1.07246
1.1213
1.16946
1.21484
1.25945
1.3023200000000001
1.34373
1.3828099999999999
1.42022
1.45626
1.48981
1.52184
1.5516
1.5793000000000001
1.6047500000000001
1.6279700000000001
1.64918
1.66797
1.68445
1.69863
1.71025
1.71952
1.72715
1.73285
1.7377200000000002
1.74105
1.74474
1.7475699999999998
1.75078
1.7532800000000002
1.75526
1.75868
1.76273
1.7651800000000002
1.77847
1.79176
1.8085600000000002
1.83146
1.8553300000000001
1.8887800000000001
1.9129800000000001
1.97282
1.98458
2.1473500000000003
2.0548699999999998
2.09461
2.13616
2.18534
2.23015
2.26982
2.31791
2.36781
2.4195
2.47108
2.5235600000000002
2.57987
2.63618
2.6964200000000003
2.75362
2.8124700000000002
2.87275
2.93493
2.9985

Vgs: 5.0
-0.056062
0.0142264
0.0842211
0.152832
0.225335
0.29746999999999996
0.3663
0.435444
0.505924
0.575249
0.6434639999999999
0.711168
0.779779
0.847194
0.912818
0.9774219999999999
1.04182
1.1035400000000002
1.16403
1.22259
1.2795599999999998
1.3343800000000001
1.3878300000000001
1.43951
1.4897
1.53806
1.58493
1.6299000000000001
1.67326
1.7149
1.75452
1.79261
1.82856
1.8628799999999999
1.89499
1.92516
1.95324
1.9792199999999998
2.0028699999999997
2.02446
2.0436199999999998
2.0605900000000004
2.07494
2.08723
2.09727
2.10534
2.1120200000000002
2.1172999999999997
2.1218399999999997
2.1257699999999997
2.1293100000000003
2.13232
2.13545
2.13824
2.14138
2.14585
2.15403
2.1619099999999998
2.17571
2.19257
2.2456
2.2401600000000004
2.2682800000000003
2.30038
2.33474
2.37185
2.41001
2.4508
2.4936200000000004
2.5395399999999997
2.60749
2.65863
2.68045
2.73195
2.78324
2.83769
2.89201
2.94663
3.0036799999999997
3.06316
3.1235

Vgs: 5.5
-0.0822858
-0.00738781
0.0664042
0.140734
0.213136
0.286292
0.361815
0.429731
0.506782
0.576403
0.6531049999999999
0.72788
0.7984519999999999
0.8679910000000001
0.942455
1.01604
1.08755
1.15748
1.2267599999999999
1.29484
1.36179
1.42655
1.49009
1.5519500000000002
1.61227
1.66986
1.72628
1.78047
1.83301
1.88387
1.9328100000000001
1.9800600000000002
2.0255799999999997
2.06937
2.1112499999999996
2.1514300000000004
2.18958
2.22608
2.26044
2.2929500000000003
2.32328
2.35173
2.37788
2.40185
2.42354
2.44302
2.46027
2.47517
2.4877599999999997
2.49826
2.50685
2.51385
2.51964
2.5244899999999997
2.52882
2.5328299999999997
2.53647
2.53981
2.54295
2.54629
2.55075
2.55777
2.5676
2.58139
2.59967
2.62209
2.64845
2.67849
2.71163
2.74762
2.78606
2.82586
2.86822
2.91296
2.95933
3.00731
3.05706
3.10789
3.16111
3.2159
3.2711200000000002

Vgs: 6.0
-0.108254
-0.0310308
0.0428536
0.119245
0.19703
0.273519
0.348711
0.425729
0.5048910000000001
0.5828129999999999
0.658286
0.7332970000000001
0.806199
0.8823070000000001
0.959103
1.04013
1.11594
1.19486
1.27026
1.34469
1.41862
1.49271
1.56613
1.63785
1.7078
1.77618
1.84263
1.9074300000000002
1.97028
2.03058
2.0887599999999997
2.14515
2.1993400000000003
2.2520499999999997
2.3029800000000002
2.35218
2.39938
2.44515
2.48889
2.53096
2.57104
2.6094299999999997
2.64595
2.6803299999999997
2.7129
2.74336
2.7719099999999997
2.79815
2.8221700000000003
2.84399
2.86376
2.88115
2.89612
2.90908
2.91998
2.92859
2.93606
2.9424799999999998
2.9478400000000002
2.95247
2.9565
2.96059
2.96406
2.96752
2.97106
2.97582
2.98292
2.9931900000000002
3.008
3.02696
3.05039
3.07783
3.109
3.14328
3.1802699999999997
3.21962
3.2614300000000003
3.30538
3.3511499999999996
3.3989
3.44909

Vgs: 6.5
-0.129614
-0.0512077
0.0277657
0.10427
0.17960700000000002
0.25459000000000004
0.33197800000000005
0.410696
0.487769
0.567211
0.6472
0.7195
0.798207
0.879832
0.964818
1.0472299999999999
1.12923
1.21078
1.28673
1.36513
1.4451500000000002
1.52292
1.60114
1.67762
1.75473
1.83162
1.9086999999999998
1.98366
2.0581300000000002
2.1312100000000003
2.20295
2.27197
2.33872
2.40286
2.46378
2.52288
2.58006
2.63519
2.68849
2.73954
2.78892
2.8365199999999997
2.8822
2.92596
2.96822
3.00834
3.04676
3.08321
3.11784
3.1503400000000004
3.18094
3.20918
3.23563
3.2596000000000003
3.28159
3.30116
3.3185599999999997
3.33387
3.347
3.3580300000000003
3.36734
3.37494
3.38143
3.38712
3.39236
3.39698
3.40107
3.40491
3.40857
3.41235
3.41743
3.42485
3.43553
3.4504
3.47026
3.49448
3.52318
3.55489
3.58993
3.62776
3.6688

Vgs: 7.0
-0.15319500000000003
-0.0704376
0.0115217
0.0897006
0.168238
0.252587
0.331226
0.414495
0.4922079999999999
0.56371
0.64488
0.725865
0.810697
0.8934770000000001
0.973414
1.05503
1.1341599999999998
1.2235200000000002
1.30736
1.38954
1.47397
1.55134
1.63336
1.7229999999999999
1.8062200000000002
1.88941
1.9726299999999999
2.05288
2.13537
2.21585
2.29598
2.37378
2.45022
2.5241399999999996
2.59548
2.66565
2.73318
2.79843
2.86089
2.92135
2.97956
3.03617
3.09049
3.14291
3.19398
3.24289
3.2901100000000003
3.33543
3.37904
3.42054
3.4607900000000003
3.49876
3.53498
3.56938
3.60161
3.63191
3.65997
3.68572
3.71011
3.73188
3.7514100000000004
3.76873
3.78375
3.79692
3.8079199999999997
3.81738
3.82515
3.83179
3.83773
3.8429800000000003
3.8477
3.85207
3.85616
3.8598500000000002
3.86396
3.86915
3.8767799999999997
3.88754
3.90285
3.92301
3.9476600000000004

Vgs: 7.5
-0.17524199999999998
-0.0954681
-0.0140219
0.07068340000000001
0.146097
0.226758
0.305612
0.38875200000000004
0.478203
0.558884
0.643356
0.727167
0.8045910000000001
0.8947809999999999
0.9808720000000001
1.06545
1.14665
1.2301499999999999
1.31868
1.4025299999999998
1.48913
1.57168
1.6606800000000002
1.74457
1.8303
1.9192
2.00257
2.08756
2.1773000000000002
2.26546
2.34821
2.43323
2.51648
2.5972399999999998
2.67673
2.7561500000000003
2.83612
2.9138100000000002
2.98785
3.0610500000000003
3.1305199999999997
3.19857
3.26309
3.32541
3.3862699999999997
3.4452
3.5013900000000002
3.5557499999999997
3.6086400000000003
3.65897
3.70654
3.7519
3.79594
3.8380300000000003
3.87844
3.91746
3.9542400000000004
3.9892800000000004
4.02241
4.05388
4.08318
4.11042
4.13556
4.15831
4.17869
4.19734
4.21394
4.22873
4.24132
4.25203
4.260940000000001
4.26872
4.275659999999999
4.28155
4.28677
4.29095
4.295120000000001
4.29863
4.302420000000001
4.30671
4.3124

Vgs: 8.0
-0.19934600000000002
-0.116791
-0.028372099999999997
0.0528994
0.13266299999999998
0.22184900000000002
0.305573
0.385707
0.464806
0.5481280000000001
0.6279779999999999
0.7150299999999999
0.8000849999999999
0.880193
0.9673120000000001
1.05561
1.14384
1.23248
1.31589
1.4012499999999999
1.49401
1.58192
1.6731
1.76337
1.8545
1.9400000000000002
2.02983
2.12065
2.20274
2.29544
2.3808000000000002
2.4701
2.56016
2.64805
2.73652
2.81961
2.9055299999999997
2.99221
3.0735300000000003
3.15423
3.2326099999999998
3.3089399999999998
3.3848
3.45649
3.52652
3.5951899999999997
3.66155
3.72551
3.78736
3.84689
3.90459
3.9602099999999996
4.01451
4.06616
4.11619
4.16415
4.21046
4.25533
4.29815
4.33913
4.37783
4.41504
4.45026
4.48371
4.51515
4.54462
4.57195
4.5971400000000004
4.61998
4.64103
4.65942
4.6759
4.69065
4.7034
4.714440000000001
4.723739999999999
4.73182
4.73907
4.74477
4.75007
4.755269999999999
