Vgs range: 0,8,0.1
Vds range: 0,8,0.5

Vgs: 0.0
0.000217521
0.000218767
0.000210051
0.000213875
0.000216041
0.000216021
0.000216323
0.000216206
0.00021050599999999998
0.000211533
0.00020909700000000002
0.000206684
0.000206868
0.000202619
0.000205593
0.000199831
0.000199878
0.000199655
0.000195196
0.00019618900000000002
0.000195843
0.00019560600000000002
0.00019434200000000002
0.000193666
0.000194369
0.000193874
0.000193997
0.000192468
0.000191197
0.000190043
0.00018865899999999998
0.000189581
0.000191035
0.000191924
0.000189108
0.000192017
0.000190886
0.000188822
0.000187614
0.000191902
0.0001873
0.000188685
0.000186562
0.00018358100000000002
0.00018994499999999998
0.000186917
0.000188967
0.000186445
0.000189646
0.00018960100000000002
0.000185655
0.000190695
0.000188214
0.00019216
0.000184303
0.000189691
0.00018973499999999999
0.000189784
0.000188384
0.00018699300000000002
0.000195054
0.000188161
0.000193134
0.000193676
0.00019849400000000001
0.000190132
0.000192871
0.000191496
0.000193079
0.00019154
0.000191574
0.000195791
0.00019586400000000002
0.000196834
0.000194436
0.000197276
0.000197657
0.000196684
0.000196823
0.000199372
0.00019617299999999998

Vgs: 0.5
0.0461264
0.0461268
0.0461736
0.046209599999999997
0.0462802
0.0465917
0.0476059
0.050038099999999995
0.0543287
0.060408899999999995
0.0677376
0.07571
0.08334760000000001
0.09065039999999999
0.09707120000000001
0.104338
0.10888
0.113908
0.118719
0.122927
0.127126
0.130822
0.134585
0.137871
0.141046
0.144121
0.14704099999999998
0.149731
0.1523
0.15485
0.157291
0.159555
0.16172699999999998
0.16383399999999998
0.16586199999999998
0.167911
0.169734
0.171576
0.173378
0.17503000000000002
0.176708
0.17832199999999998
0.17990599999999998
0.181419
0.182889
0.18430000000000002
0.18571500000000002
0.18709
0.18832300000000002
0.18962600000000002
0.19087800000000002
0.19208
0.19328800000000002
0.194415
0.195539
0.196638
0.197686
0.198741
0.199769
0.200768
0.201731
0.202673
0.203625
0.204515
0.205425
0.206268
0.207117
0.207939
0.208743
0.209565
0.21021
0.21105700000000002
0.211817
0.212525
0.213238
0.213886
0.214604
0.215288
0.215892
0.216549
0.217164

Vgs: 1.0
0.0930816
0.093086
0.09316500000000001
0.0932244
0.0933129
0.0935914
0.0945185
0.0968439
0.101912
0.107097
0.11519900000000001
0.125449
0.13701300000000002
0.15055
0.165061
0.180553
0.195462
0.209958
0.22370800000000002
0.236312
0.24817300000000003
0.25949300000000003
0.270139
0.280171
0.289504
0.298748
0.307338
0.31559600000000004
0.323283
0.33087099999999997
0.338228
0.34542900000000004
0.351893
0.358275
0.364429
0.370581
0.376464
0.382075
0.387512
0.39279400000000003
0.398008
0.402992
0.407911
0.412634
0.417323
0.42195699999999997
0.42611
0.430479
0.434153
0.438719
0.442722
0.446598
0.450425
0.454061
0.457667
0.46120599999999995
0.465373
0.468221
0.471453
0.474761
0.477884
0.48077
0.48399400000000004
0.487051
0.48987499999999995
0.49275899999999995
0.49550099999999997
0.49828000000000006
0.500984
0.5036879999999999
0.5062279999999999
0.508739
0.5111840000000001
0.513629
0.515981
0.518329
0.5205960000000001
0.522867
0.525022
0.52723
0.529316

Vgs: 1.5
0.14079699999999998
0.1408
0.14090899999999998
0.140984
0.14109100000000002
0.14136300000000002
0.142237
0.144432
0.148666
0.154588
0.162614
0.172653
0.184661
0.198528
0.21400100000000002
0.231703
0.25029
0.270644
0.29158100000000003
0.31431
0.336567
0.35836199999999996
0.37871699999999997
0.398384
0.416886
0.435195
0.452053
0.468098
0.48331300000000005
0.498092
0.512285
0.525939
0.539055
0.5514
0.563569
0.5756830000000001
0.5869500000000001
0.598143
0.6085160000000001
0.618874
0.629098
0.638719
0.648513
0.6576639999999999
0.666702
0.675459
0.683881
0.692464
0.700666
0.708482
0.716236
0.7237180000000001
0.7314
0.738564
0.7456729999999999
0.752631
0.759536
0.766119
0.772569
0.7791560000000001
0.785277
0.791481
0.797465
0.8032980000000001
0.809121
0.814743
0.8201849999999999
0.8257880000000001
0.831118
0.836295
0.841401
0.84636
0.851356
0.856096
0.8608910000000001
0.865676
0.870162
0.874366
0.879085
0.883424
0.887669

Vgs: 2.0
0.18905
0.189059
0.189192
0.189291
0.189417
0.18970700000000001
0.190533
0.192699
0.196701
0.202859
0.210866
0.22102999999999998
0.232848
0.24692399999999998
0.263019
0.280161
0.30019999999999997
0.31994
0.342654
0.366182
0.39178900000000005
0.418466
0.44614600000000004
0.47416
0.5027820000000001
0.531473
0.559018
0.58509
0.610005
0.633832
0.657231
0.6801039999999999
0.700538
0.721219
0.740804
0.760379
0.778543
0.796045
0.81296
0.829751
0.846107
0.861708
0.876988
0.89189
0.9064150000000001
0.9204359999999999
0.933868
0.9475049999999999
0.960334
0.973309
0.9857290000000001
0.9976659999999999
1.01343
1.0225600000000001
1.03426
1.0456400000000001
1.05589
1.06677
1.0769499999999999
1.0872600000000001
1.09736
1.10696
1.11666
1.12595
1.1351799999999999
1.1443
1.15301
1.16177
1.1701599999999999
1.1785700000000001
1.18681
1.19481
1.2027800000000002
1.21061
1.21827
1.22555
1.23281
1.24015
1.24716
1.25406
1.26083

Vgs: 2.5
0.237514
0.237517
0.237684
0.237795
0.237941
0.238232
0.23907099999999998
0.241146
0.245046
0.250068
0.259176
0.269107
0.281086
0.295489
0.31111
0.328955
0.34834299999999996
0.36965000000000003
0.3922
0.416062
0.44227500000000003
0.469357
0.497784
0.527014
0.5577639999999999
0.5909300000000001
0.6241969999999999
0.657851
0.691666
0.726351
0.759613
0.793498
0.823034
0.8530019999999999
0.882232
0.9102239999999999
0.936986
0.96322
0.987911
1.01876
1.03756
1.0600399999999999
1.083
1.10425
1.1248
1.1452
1.1645699999999999
1.1847400000000001
1.20279
1.22129
1.2394999999999998
1.25624
1.2730199999999998
1.28987
1.30641
1.32146
1.33674
1.35123
1.3674099999999998
1.38184
1.39507
1.41008
1.4237900000000001
1.43722
1.45018
1.46334
1.47624
1.48842
1.5006
1.5128
1.52444
1.53604
1.5473
1.55823
1.56927
1.5798800000000002
1.58882
1.60045
1.6106200000000002
1.62049
1.63009

Vgs: 3.0
0.286113
0.28612
0.28631700000000004
0.286454
0.286615
0.286906
0.28771
0.289766
0.293039
0.299665
0.307477
0.317874
0.329627
0.34386300000000003
0.359845
0.377967
0.39711599999999997
0.41830300000000004
0.441099
0.465598
0.491315
0.5190429999999999
0.5476390000000001
0.577399
0.609062
0.6427050000000001
0.6757930000000001
0.7115360000000001
0.746766
0.7841210000000001
0.822814
0.863344
0.900983
0.9407420000000001
0.97934
1.0263
1.05641
1.09221
1.1260000000000001
1.15925
1.19162
1.2229
1.25313
1.28266
1.31132
1.3389199999999999
1.3651900000000001
1.39182
1.41723
1.4427699999999999
1.46608
1.4897
1.5127000000000002
1.53464
1.5571300000000001
1.5780399999999999
1.59666
1.6199400000000002
1.6392
1.6591
1.67826
1.69674
1.71539
1.73361
1.75122
1.76856
1.7851
1.8018699999999999
1.8184099999999999
1.83413
1.8499
1.86557
1.88049
1.89514
1.9095799999999998
1.92398
1.93787
1.9519
1.9649400000000001
1.9783399999999998
1.9891

Vgs: 3.5
0.334741
0.334751
0.33498
0.335131
0.335314
0.335632
0.336446
0.33845400000000003
0.34224499999999997
0.348275
0.35626199999999997
0.366374
0.37836400000000003
0.393058
0.40824299999999997
0.426994
0.446798
0.46695200000000003
0.490491
0.512534
0.540703
0.568242
0.59714
0.627602
0.658973
0.6924220000000001
0.727011
0.76305
0.798501
0.836705
0.876684
0.9169970000000001
0.9576209999999999
0.9984410000000001
1.05134
1.0878400000000001
1.13075
1.17503
1.2184
1.26195
1.30447
1.3441
1.38448
1.42405
1.46091
1.4965300000000001
1.53191
1.56657
1.5995
1.63265
1.6644299999999999
1.69295
1.72335
1.75243
1.7806199999999999
1.80898
1.83558
1.85503
1.88748
1.91321
1.93733
1.96151
1.98562
2.00784
2.03138
2.05302
2.07464
2.09626
2.11685
2.1375
2.15747
2.1772699999999996
2.1966099999999997
2.2154499999999997
2.2341599999999997
2.25248
2.2701100000000003
2.28785
2.30504
2.3221000000000003
2.33868

Vgs: 4.0
0.38321
0.383223
0.383473
0.383644
0.383842
0.384183
0.385015
0.387077
0.39086600000000005
0.396776
0.404626
0.413345
0.426641
0.44100999999999996
0.456878
0.47572899999999996
0.49255000000000004
0.51573
0.539628
0.563385
0.589752
0.6174810000000001
0.646783
0.677491
0.7086520000000001
0.742221
0.776901
0.812403
0.848891
0.887211
0.9269700000000001
0.967697
1.0184
1.0525
1.09622
1.14118
1.1857
1.23217
1.27839
1.32628
1.3748
1.42308
1.472
1.52004
1.56672
1.61218
1.65658
1.70059
1.74216
1.78359
1.8239400000000001
1.8619400000000002
1.89991
1.9364199999999998
1.9723800000000002
2.0072
2.0402
2.07356
2.10592
2.1327999999999996
2.16865
2.19831
2.22816
2.2568200000000003
2.28473
2.313
2.3394000000000004
2.36622
2.3918899999999996
2.41799
2.44297
2.46712
2.4913399999999997
2.51499
2.53787
2.56065
2.5826
2.6046899999999997
2.6258000000000004
2.64699
2.66769

Vgs: 4.5
0.43151799999999996
0.431529
0.43180399999999997
0.431991
0.43221200000000004
0.432571
0.43341
0.435414
0.43919199999999997
0.44499099999999997
0.452912
0.463412
0.475047
0.489362
0.505196
0.5234289999999999
0.543407
0.5643170000000001
0.587739
0.612096
0.6392709999999999
0.666493
0.695683
0.726002
0.7579670000000001
0.792002
0.826588
0.862083
0.898784
0.937261
0.9775269999999999
1.02736
1.06114
1.10345
1.14712
1.19245
1.23842
1.28575
1.33344
1.38068
1.43072
1.4803600000000001
1.53181
1.5835000000000001
1.63543
1.68793
1.73909
1.7920399999999999
1.84272
1.8934900000000001
1.94378
1.9908299999999999
2.03814
2.08245
2.12223
2.16965
2.21061
2.2521199999999997
2.2935299999999996
2.33088
2.3688
2.4054699999999998
2.44196
2.47767
2.51149
2.54539
2.57801
2.6106599999999998
2.64255
2.67335
2.7037
2.73324
2.7626500000000003
2.7919400000000003
2.81915
2.84679
2.87359
2.90043
2.92601
2.9517900000000004
2.97665

Vgs: 5.0
0.479616
0.479633
0.479943
0.480152
0.480394
0.480778
0.481658
0.483701
0.487526
0.49327699999999997
0.501343
0.511514
0.521737
0.537548
0.553562
0.572259
0.591493
0.613155
0.6361239999999999
0.6605610000000001
0.687041
0.71611
0.7441789999999999
0.774525
0.8066
0.8408
0.875537
0.911492
0.948037
0.9867269999999999
1.03619
1.0693199999999998
1.11103
1.15378
1.19771
1.24378
1.28892
1.33675
1.3843
1.43336
1.48364
1.53554
1.58611
1.6379599999999999
1.69156
1.7452699999999999
1.79888
1.85454
1.90917
1.9653600000000002
2.02275
2.0763700000000003
2.13368
2.18737
2.24029
2.29223
2.34177
2.3920399999999997
2.4406499999999998
2.48772
2.53343
2.57747
2.6217900000000003
2.6653
2.7060299999999997
2.7362599999999997
2.78582
2.82512
2.86351
2.90142
2.93649
2.97188
3.00744
3.0413900000000003
3.07497
3.10866
3.13954
3.17138
3.20218
3.23413
3.2625699999999997

Vgs: 5.5
0.527453
0.527467
0.527797
0.528025
0.528307
0.5287459999999999
0.5296339999999999
0.5316649999999999
0.535604
0.541285
0.549277
0.5592750000000001
0.571325
0.586004
0.588532
0.588564
0.588561
0.588573
0.588569
0.588571
0.5885670000000001
0.651331
0.785138
0.822786
0.855264
0.889265
0.924041
0.9600709999999999
0.997471
1.04537
1.07752
1.1186900000000002
1.16039
1.2028699999999999
1.2471299999999998
1.2930000000000001
1.33944
1.38723
1.43489
1.4838200000000001
1.53512
1.58694
1.63768
1.6905100000000002
1.7436800000000001
1.79937
1.8532600000000001
1.91
1.9649699999999999
2.02282
2.08069
2.1378999999999997
2.1981
2.25691
2.31522
2.37484
2.43256
2.4912699999999997
2.54726
2.60495
2.65808
2.71096
2.7648
2.81407
2.86435
2.9126
2.9592899999999998
3.00707
3.05113
3.09518
3.13856
3.18078
3.2218899999999997
3.26254
3.3024299999999998
3.34097
3.37838
3.41608
3.45173
3.48806
3.52331

Vgs: 6.0
0.5749960000000001
0.5750109999999999
0.575376
0.575636
0.575953
0.576414
0.5773659999999999
0.579442
0.583285
0.589111
0.5970139999999999
0.6069260000000001
0.618883
0.633256
0.649246
0.667843
0.687417
0.709109
0.732579
0.757258
0.7841159999999999
0.8091459999999999
0.841134
0.871429
0.903615
0.938852
0.973031
1.0174100000000001
1.0491700000000002
1.0860100000000001
1.12615
1.1671500000000001
1.20961
1.25241
1.2981
1.34274
1.38914
1.43646
1.48627
1.53389
1.58424
1.6355499999999998
1.68823
1.74237
1.78641
1.85014
1.90522
1.9614699999999998
2.01751
2.0773900000000003
2.13469
2.19422
2.25347
2.3136200000000002
2.32568
2.3259399999999997
2.3260899999999998
2.32619
2.3262899999999997
2.32639
2.32645
2.5726899999999997
2.86091
2.92765
2.98502
3.04359
3.09574
3.15099
3.2030499999999997
3.25588
3.30626
3.35766
3.40417
3.45208
3.4998899999999997
3.53796
3.5877
3.63182
3.67343
3.71577
3.75653

Vgs: 6.5
0.6222540000000001
0.622273
0.6226619999999999
0.622949
0.623312
0.623856
0.624818
0.6269039999999999
0.630669
0.636515
0.644413
0.654485
0.666507
0.68081
0.6969110000000001
0.715481
0.735032
0.756689
0.780199
0.8056909999999999
0.83157
0.859885
0.88895
0.919824
0.951849
0.987288
1.02935
1.05866
1.0955400000000002
1.13535
1.1756799999999998
1.2174200000000002
1.25778
1.3019800000000001
1.34616
1.3915799999999998
1.43763
1.4782899999999999
1.53324
1.5849600000000001
1.6354
1.68483
1.73747
1.7909
1.84549
1.90037
1.9549200000000002
2.01277
2.07124
2.12783
2.18754
2.24674
2.3055499999999998
2.367
2.42828
2.4903999999999997
2.55272
2.6160200000000002
2.67892
2.74545
2.80853
2.87292
2.9395900000000004
3.0029000000000003
3.0670699999999997
3.13185
3.19479
3.25834
3.3182799999999997
3.37843
3.43885
3.4963300000000004
3.55137
3.6065099999999997
3.66257
3.71297
3.76492
3.8165
3.86376
3.91279
3.95997

Vgs: 7.0
0.669117
0.66913
0.669562
0.669875
0.670274
0.670797
0.671882
0.673997
0.677737
0.68365
0.6914049999999999
0.701515
0.713388
0.727888
0.7446510000000001
0.76232
0.7824070000000001
0.803631
0.82792
0.852027
0.880039
0.907223
0.93684
0.968484
0.995045
1.04203
1.07067
1.1072
1.14396
1.1823700000000001
1.2230400000000001
1.26457
1.3071300000000001
1.3430499999999999
1.39389
1.44082
1.48692
1.53458
1.5830499999999998
1.63221
1.6838300000000002
1.73346
1.78714
1.83995
1.89453
1.95141
2.00419
2.06223
2.1208400000000003
2.17876
2.2367500000000002
2.29626
2.35732
2.4178699999999997
2.4799700000000002
2.54254
2.60462
2.6705900000000002
2.73265
2.7986500000000003
2.86375
2.92843
2.9971
3.06159
3.1293900000000003
3.19783
3.26373
3.3249400000000002
3.3976100000000002
3.46516
3.53184
3.59805
3.6603600000000003
3.72392
3.78667
3.846
3.90477
3.9639
4.0228399999999995
4.07571
4.1307100000000005

Vgs: 7.5
0.715623
0.715645
0.716102
0.7164680000000001
0.716923
0.7175490000000001
0.718633
0.7207830000000001
0.724489
0.7304539999999999
0.7379560000000001
0.748111
0.760122
0.774784
0.790698
0.809007
0.829133
0.8508370000000001
0.874815
0.899362
0.927443
0.954322
0.9841369999999999
1.02288
1.0485799999999998
1.0830499999999998
1.11867
1.15454
1.19158
1.2306000000000001
1.27171
1.31272
1.3553899999999999
1.39737
1.44181
1.4881600000000001
1.53488
1.58256
1.6316499999999998
1.68066
1.7310999999999999
1.78229
1.8355400000000002
1.88829
1.94395
1.99815
2.05308
2.10338
2.17
2.2289100000000004
2.28658
2.3458099999999997
2.40677
2.4676799999999997
2.5305000000000004
2.59307
2.6549400000000003
2.71969
2.78457
2.84965
2.91588
2.98238
3.0491300000000003
3.1169800000000003
3.1844400000000004
3.25399
3.32111
3.39031
3.45842
3.52944
3.59831
3.66749
3.7379000000000002
3.80623
3.87573
3.94365
4.00905
4.07545
4.140300000000001
4.20475
4.26676

Vgs: 8.0
0.761784
0.761808
0.762336
0.762721
0.763216
0.763914
0.765014
0.767112
0.770932
0.776501
0.7844030000000001
0.794353
0.806323
0.8208030000000001
0.837024
0.855855
0.875523
0.897019
0.9210050000000001
0.946506
0.973717
1.0086400000000002
1.0339399999999999
1.0647600000000002
1.0961
1.13063
1.16595
1.2027800000000002
1.2395500000000002
1.27889
1.32023
1.3618700000000001
1.40285
1.44607
1.49027
1.53649
1.58384
1.6311
1.67878
1.7291800000000002
1.7797500000000002
1.83089
1.8845
1.9381
1.99066
2.04717
2.10099
2.15944
2.2163500000000003
2.2698
2.33447
2.3943100000000004
2.45704
2.5172100000000004
2.58063
2.64178
2.70426
2.7704299999999997
2.8337000000000003
2.90018
2.96745
3.04669
3.10151
3.16834
3.2393500000000004
3.30547
3.37461
3.44439
3.51357
3.5848299999999997
3.65748
3.72545
3.79869
3.8704
3.9426799999999997
4.01327
4.085710000000001
4.15771
4.22729
4.29689
4.36768
