Vgs range: 0,8,0.5
Vds range: 0,8,0.1

Vgs: 0.0
0.00021813100000000002
0.00938567
0.0186276
0.027883400000000003
0.0371996
0.0465538
0.0559445
0.0653669
0.0748249
0.0843108
0.0938258
0.103369
0.11294900000000001
0.12255400000000001
0.13219
0.141851
0.151538
0.161244
0.170967
0.180701
0.19045600000000001
0.20013799999999998
0.209934
0.21970099999999998
0.229512
0.23929499999999998
0.249119
0.258913
0.268706
0.278537
0.28833800000000004
0.29816899999999996
0.307966
0.317797
0.327596
0.337429
0.347215
0.35702900000000004
0.366815
0.376618
0.386392
0.396191
0.40595600000000004
0.415703
0.42548800000000003
0.43526600000000004
0.445028
0.45476300000000003
0.46452
0.474217
0.48396
0.49367099999999997
0.503382
0.513047
0.522748
0.532405
0.5420429999999999
0.551725
0.561353
0.5709810000000001
0.580578
0.590215
0.599789
0.609386
0.618945
0.628516
0.638047
0.647596
0.657107
0.666626
0.676114
0.685594
0.695078
0.704517
0.7139880000000001
0.72339
0.732827
0.742203
0.751602
0.7609440000000001
0.7703169999999999

Vgs: 0.5
0.000215586
0.009754200000000001
0.018987800000000003
0.0282039
0.0374618
0.0467789
0.056128000000000004
0.06551240000000001
0.0749219
0.0843643
0.0938293
0.103329
0.112861
0.12242199999999999
0.13201000000000002
0.141628
0.151275
0.160941
0.170625
0.180328
0.190046
0.199698
0.209461
0.219195
0.228978
0.23873000000000003
0.248529
0.258288
0.268068
0.277879
0.287653
0.297467
0.307243
0.31705099999999997
0.326826
0.33664099999999997
0.346414
0.356218
0.365986
0.375786
0.385551
0.395349
0.405105
0.41484699999999997
0.424632
0.43437899999999996
0.444144
0.453865
0.463636
0.473349
0.48308599999999996
0.49278500000000003
0.502518
0.512208
0.521925
0.531599
0.541246
0.550944
0.560599
0.570257
0.5798840000000001
0.5895400000000001
0.5991390000000001
0.608767
0.618349
0.6279560000000001
0.637529
0.647113
0.656663
0.666226
0.675755
0.685265
0.694788
0.7042780000000001
0.713786
0.723259
0.732748
0.742182
0.751622
0.76103
0.770452

Vgs: 1.0
0.000194937
0.0168951
0.0322268
0.0460183
0.058306500000000004
0.0692347
0.0791841
0.0886777
0.0980573
0.107432
0.116828
0.126258
0.135719
0.14521599999999998
0.154735
0.164289
0.173867
0.183466
0.19308899999999998
0.20272500000000002
0.212372
0.22196100000000002
0.231668
0.241344
0.251063
0.260759
0.270503
0.280215
0.28994
0.29969300000000004
0.30941399999999997
0.319183
0.32892099999999996
0.338687
0.348428
0.358207
0.367942
0.377722
0.387459
0.39724
0.406978
0.41675
0.426492
0.43622099999999997
0.445982
0.45570499999999997
0.465448
0.475174
0.484926
0.494627
0.504358
0.514061
0.523777
0.533459
0.543173
0.552844
0.562488
0.57218
0.5818279999999999
0.591498
0.6011340000000001
0.610788
0.6203919999999999
0.630027
0.639625
0.6492479999999999
0.6588120000000001
0.668401
0.677944
0.687496
0.697024
0.706518
0.71605
0.725544
0.735058
0.744506
0.7539899999999999
0.763413
0.772864
0.782257
0.791678

Vgs: 1.5
0.00019002300000000002
0.0225353
0.0441086
0.0648656
0.0849495
0.104355
0.12284899999999999
0.14018599999999998
0.15613700000000003
0.170516
0.183309
0.194727
0.205187
0.215199
0.225049
0.234845
0.244619
0.254377
0.26413499999999995
0.273892
0.283653
0.293338
0.303123
0.312875
0.322665
0.332424
0.34221399999999996
0.35198
0.361751
0.371548
0.381311
0.39111799999999997
0.400883
0.410684
0.420452
0.430258
0.440016
0.44981699999999997
0.459574
0.469368
0.479128
0.48891500000000004
0.49866299999999997
0.50841
0.518181
0.527918
0.537679
0.547409
0.5571740000000001
0.566891
0.576637
0.586353
0.596089
0.605793
0.615518
0.6252070000000001
0.634877
0.644584
0.654259
0.663945
0.673601
0.68328
0.692913
0.70257
0.712156
0.721797
0.731391
0.741015
0.750603
0.7601939999999999
0.76975
0.779305
0.788871
0.798399
0.8079470000000001
0.817452
0.826977
0.836456
0.845943
0.855396
0.864935

Vgs: 2.0
0.000186613
0.0261319
0.051598899999999996
0.0768056
0.10218999999999999
0.127824
0.153493
0.178891
0.203716
0.227611
0.25038099999999996
0.271776
0.291614
0.309749
0.326097
0.340669
0.353603
0.365223
0.376027
0.386447
0.39668800000000004
0.40675900000000004
0.41687
0.426895
0.43692600000000004
0.446899
0.45689
0.466823
0.476755
0.486716
0.49661900000000003
0.506566
0.51646
0.5263620000000001
0.536242
0.54616
0.556017
0.565906
0.575751
0.5856290000000001
0.595472
0.6053379999999999
0.615166
0.6249870000000001
0.634837
0.644658
0.654482
0.6642450000000001
0.674079
0.6838620000000001
0.693675
0.703436
0.713236
0.722998
0.732783
0.742542
0.752278
0.762057
0.771795
0.7815730000000001
0.7913020000000001
0.801048
0.810762
0.8205
0.830213
0.839956
0.849656
0.85939
0.869089
0.878806
0.8885050000000001
0.898185
0.907881
0.9175449999999999
0.9272520000000001
0.936908
0.9465979999999999
0.95624
0.965921
0.975543
0.985208

Vgs: 2.5
0.00016775
0.0286263
0.0568087
0.0851716
0.114411
0.144675
0.175704
0.20712899999999998
0.238617
0.269805
0.300454
0.330326
0.359216
0.386947
0.41332100000000005
0.438225
0.46151200000000003
0.483062
0.502796
0.520672
0.5366839999999999
0.550816
0.563611
0.575236
0.5862820000000001
0.596972
0.607521
0.6179319999999999
0.628255
0.638556
0.6487510000000001
0.658956
0.669094
0.679244
0.689318
0.699438
0.709459
0.7195090000000001
0.7295109999999999
0.739542
0.749519
0.759513
0.7694559999999999
0.779393
0.789359
0.799273
0.809206
0.819112
0.829021
0.838877
0.848764
0.858631
0.8685039999999999
0.878336
0.888196
0.898023
0.907837
0.91769
0.9275009999999999
0.9373330000000001
0.947164
0.9569920000000001
0.966795
0.9766410000000001
0.986432
0.9962739999999999
1.00765
1.01756
1.02736
1.03721
1.04706
1.05693
1.06681
1.0766499999999999
1.0865200000000002
1.09636
1.10629
1.11618
1.12612
1.13601
1.14595

Vgs: 3.0
0.00018418900000000002
0.0305493
0.0607638
0.0915429
0.12382800000000001
0.157715
0.192956
0.229137
0.26586699999999996
0.302787
0.339631
0.376152
0.412124
0.447384
0.481736
0.515053
0.547215
0.5780489999999999
0.60749
0.6353949999999999
0.661682
0.686053
0.708916
0.729846
0.748987
0.766181
0.781621
0.795378
0.807884
0.819575
0.830757
0.841711
0.852455
0.863106
0.8736269999999999
0.884112
0.894492
0.904873
0.9151600000000001
0.9254410000000001
0.935649
0.945872
0.956021
0.966144
0.9762850000000001
0.986357
0.996451
1.00807
1.01814
1.02814
1.03818
1.04817
1.05816
1.06811
1.07809
1.08802
1.09792
1.1078299999999999
1.11772
1.1275899999999999
1.13751
1.1474300000000002
1.1573200000000001
1.1672
1.17706
1.18697
1.19683
1.2068
1.21671
1.22663
1.23658
1.24652
1.25649
1.2664900000000001
1.27656
1.28658
1.2966600000000001
1.3067199999999999
1.31687
1.32699
1.33716

Vgs: 3.5
0.00015268199999999999
0.032002
0.0638115
0.0965323
0.13131800000000002
0.16825
0.206989
0.24711
0.288209
0.329874
0.37183000000000005
0.41382
0.45560300000000004
0.496988
0.537827
0.5779850000000001
0.6172960000000001
0.6556339999999999
0.692911
0.72902
0.763865
0.7970619999999999
0.829234
0.859752
0.888791
0.916065
0.941702
0.965467
0.987405
1.00909
1.0273
1.0438100000000001
1.05857
1.07198
1.08435
1.0961
1.10742
1.11856
1.1295000000000002
1.14035
1.15104
1.16166
1.17219
1.18267
1.19312
1.20348
1.21383
1.22413
1.23442
1.2446300000000001
1.25485
1.2649899999999998
1.27512
1.28523
1.29536
1.30542
1.31543
1.32547
1.33545
1.3454599999999999
1.35537
1.3653199999999999
1.37526
1.3852300000000002
1.39515
1.40514
1.41503
1.425
1.43493
1.44492
1.4549
1.46489
1.4749400000000001
1.48502
1.4951400000000001
1.50524
1.51537
1.52552
1.53576
1.54601
1.55634

Vgs: 4.0
0.000182792
0.033255
0.0663769
0.100743
0.137616
0.177109
0.218836
0.262311
0.30713399999999996
0.352851
0.399138
0.445788
0.49249099999999996
0.539103
0.585405
0.631284
0.676593
0.721189
0.764987
0.8078770000000001
0.8497910000000001
0.890266
0.9300750000000001
0.968491
1.00735
1.04318
1.07771
1.11056
1.1419
1.17173
1.1998499999999999
1.22631
1.25088
1.27377
1.2946900000000001
1.31389
1.3312
1.3469300000000002
1.36111
1.3741999999999999
1.3864800000000002
1.39829
1.40974
1.4209800000000001
1.4321
1.44304
1.4539
1.46462
1.47529
1.48585
1.49641
1.50688
1.5173299999999998
1.52764
1.53798
1.54827
1.55848
1.56875
1.57891
1.58905
1.5991600000000001
1.60928
1.61934
1.6294
1.6394300000000002
1.64945
1.65944
1.66946
1.67945
1.6894099999999999
1.69939
1.70937
1.71942
1.72945
1.73949
1.74952
1.75961
1.7697699999999998
1.77999
1.79017
1.8005

Vgs: 4.5
0.000151034
0.0342325
0.0684598
0.104239
0.14294700000000002
0.184675
0.22900500000000001
0.27544
0.32351
0.37278399999999995
0.422912
0.473588
0.524594
0.5757270000000001
0.626776
0.6776059999999999
0.728095
0.778072
0.8274619999999999
0.876152
0.92408
0.970696
1.01858
1.06369
1.1078999999999999
1.15083
1.19275
1.23322
1.27247
1.31047
1.3469300000000002
1.38209
1.41564
1.44771
1.47811
1.50695
1.53397
1.55935
1.5829
1.60473
1.6247399999999999
1.64297
1.65948
1.67451
1.6883899999999998
1.70128
1.7135500000000001
1.7253399999999999
1.73696
1.7483
1.7595
1.77056
1.78151
1.79229
1.80308
1.81379
1.82435
1.8349600000000001
1.84542
1.85585
1.8661999999999999
1.8765399999999999
1.88677
1.89706
1.90726
1.91745
1.92753
1.9377000000000002
1.94774
1.9577900000000001
1.96782
1.9778399999999998
1.9878500000000001
1.99788
2.00792
2.0179199999999997
2.02798
2.0380599999999998
2.0481499999999997
2.05826
2.06847

Vgs: 5.0
0.00016492700000000002
0.0351247
0.0702934
0.10727300000000001
0.14758
0.19128499999999998
0.237907
0.28696499999999997
0.337945
0.390336
0.443837
0.498106
0.552926
0.608063
0.663297
0.71849
0.773519
0.8282320000000001
0.8824930000000001
0.936261
0.989408
1.04298
1.09486
1.14568
1.19587
1.24492
1.2931
1.3401100000000001
1.3860400000000002
1.43093
1.4744899999999999
1.51699
1.55803
1.59791
1.63626
1.67342
1.70894
1.74312
1.7756
1.8066
1.8359400000000001
1.86366
1.88962
1.91384
1.93639
1.9571200000000002
1.9761700000000002
1.9935299999999998
2.0094700000000003
2.02403
2.03763
2.05039
2.06264
2.07451
2.0861899999999998
2.09759
2.1088999999999998
2.1200300000000003
2.13101
2.14196
2.15279
2.16359
2.1742100000000004
2.18481
2.19532
2.20578
2.2161899999999997
2.2265599999999997
2.2368599999999996
2.24714
2.25733
2.26751
2.27765
2.2877599999999996
2.29783
2.3078399999999997
2.31793
2.32796
2.33804
2.3480100000000004
2.35805

Vgs: 5.5
0.000150828
0.035856099999999995
0.0718444
0.109907
0.151626
0.19707
0.24577600000000002
0.297158
0.350713
0.405932
0.46245200000000003
0.519962
0.578213
0.636906
0.6958949999999999
0.754988
0.814086
0.872999
0.931626
0.989869
1.04927
1.10605
1.16285
1.21868
1.2740500000000001
1.32844
1.38218
1.43483
1.48647
1.5373999999999999
1.58709
1.63593
1.68348
1.73004
1.7752700000000001
1.81948
1.8621899999999998
1.90381
1.94398
1.98287
2.02028
2.0563700000000003
2.09085
2.12378
2.1553
2.18512
2.21338
2.23991
2.26486
2.28796
2.30943
2.32915
2.34736
2.36404
2.37941
2.39358
2.40689
2.41966
2.43193
2.44387
2.45557
2.46707
2.4784
2.48958
2.50064
2.51163
2.52245
2.53325
2.54395
2.55453
2.56507
2.5754699999999997
2.5859
2.59626
2.6066000000000003
2.61684
2.62705
2.63717
2.6472700000000002
2.6573399999999996
2.66739

Vgs: 6.0
0.00016058
0.036510400000000005
0.0732112
0.112219
0.155211
0.20221799999999998
0.25276299999999996
0.306253
0.362137
0.419915
0.47918299999999997
0.539622
0.600931
0.6628769999999999
0.7252489999999999
0.787868
0.850632
0.913307
0.9758530000000001
1.03969
1.1016400000000002
1.16266
1.2238399999999998
1.28424
1.34428
1.4034099999999998
1.46202
1.51962
1.57646
1.63266
1.68773
1.74214
1.7953299999999999
1.8477000000000001
1.8989099999999999
1.94924
1.9982099999999998
2.0463
2.09305
2.13877
2.18308
2.22631
2.26813
2.30857
2.3478399999999997
2.38552
2.42197
2.45685
2.4903199999999996
2.52213
2.55249
2.5811900000000003
2.60833
2.6337
2.65757
2.67963
2.70007
2.7190399999999997
2.7364300000000004
2.75255
2.76744
2.78134
2.79459
2.8073
2.81954
2.8314999999999997
2.8431200000000003
2.85469
2.86604
2.87723
2.8883300000000003
2.89925
2.91012
2.9209
2.93153
2.9421
2.95267
2.9631100000000004
2.9734800000000003
2.98379
2.99404

Vgs: 6.5
0.00016414699999999999
0.037094
0.07442130000000001
0.114282
0.158387
0.206806
0.259026
0.314407
0.37241
0.432482
0.494217
0.557295
0.621412
0.6863159999999999
0.751767
0.817573
0.883641
0.949758
1.0174100000000001
1.08337
1.14913
1.2139799999999998
1.27916
1.3436299999999999
1.40786
1.47127
1.53429
1.5963699999999998
1.65783
1.7187599999999998
1.77862
1.8379699999999999
1.89624
1.9537600000000002
2.0102700000000002
2.06603
2.12062
2.1744
2.22696
2.2785800000000003
2.32898
2.37843
2.4266199999999998
2.4735899999999997
2.51955
2.5641000000000003
2.60758
2.64962
2.69048
2.7298299999999998
2.76795
2.8045600000000004
2.83986
2.8736
2.9059
2.9365699999999997
2.96568
2.9933199999999998
3.01931
3.04365
3.0664
3.0875999999999997
3.10717
3.12533
3.14208
3.1577100000000002
3.1722
3.18597
3.19907
3.21167
3.22384
3.23578
3.24749
3.25903
3.27036
3.28151
3.29264
3.30352
3.3143399999999996
3.32503
3.33569

Vgs: 7.0
0.00014622299999999999
0.037562099999999994
0.0754421
0.116043
0.161183
0.210874
0.264598
0.321708
0.381623
0.443794
0.50781
0.5732740000000001
0.6399370000000001
0.7075020000000001
0.77574
0.844452
0.913551
0.9827980000000001
1.05365
1.12292
1.19207
1.26039
1.32919
1.3973499999999999
1.46534
1.53261
1.59958
1.6657499999999998
1.7314500000000002
1.79658
1.8608
1.92462
1.9874099999999997
2.04961
2.11077
2.17143
2.23094
2.2897299999999996
2.34739
2.40435
2.4601699999999997
2.51512
2.5688999999999997
2.62159
2.67343
2.72398
2.7736
2.82187
2.86924
2.91511
2.9600199999999997
3.00348
3.04584
3.08671
3.1264600000000002
3.1647
3.20153
3.23711
3.2710600000000003
3.3037
3.3348
3.3644399999999997
3.39243
3.4188899999999998
3.44372
3.467
3.48872
3.50904
3.5278300000000002
3.54528
3.56148
3.5766
3.59087
3.60439
3.61734
3.62981
3.6419799999999998
3.65389
3.6656000000000004
3.67701
3.68832

Vgs: 7.5
0.000171768
0.0380391
0.076409
0.11769
0.16373200000000002
0.214568
0.26966700000000005
0.328361
0.390003
0.45408200000000004
0.520147
0.58783
0.656807
0.726808
0.797557
0.868961
0.9407960000000001
1.0144900000000001
1.08674
1.15902
1.23133
1.30275
1.37485
1.4463499999999998
1.5177999999999998
1.58859
1.6591900000000002
1.7291100000000001
1.79846
1.8675
1.9356600000000002
2.00349
2.07041
2.1368
2.20236
2.26734
2.33132
2.39472
2.4570600000000002
2.51874
2.57938
2.63932
2.69812
2.75602
2.81313
2.8690399999999996
2.92414
2.9779899999999997
3.03104
3.0827799999999996
3.13364
3.18317
3.23171
3.27895
3.32518
3.37
3.4136100000000003
3.45613
3.49717
3.53704
3.5754799999999998
3.61266
3.64831
3.68262
3.71549
3.74691
3.77667
3.8051500000000003
3.83193
3.8573
3.88108
3.90339
3.9243000000000006
3.9437300000000004
3.9617899999999997
3.9786300000000003
3.9944200000000003
4.00919
4.0232
4.03648
4.04933

Vgs: 8.0
0.000141716
0.0383848
0.0771987
0.11908099999999999
0.16598900000000003
0.21787499999999999
0.274202
0.334291
0.397554
0.463347
0.5312990000000001
0.600972
0.67206
0.744298
0.817406
0.891222
0.9655729999999999
1.04187
1.11684
1.19191
1.26698
1.34139
1.41648
1.49107
1.56567
1.63969
1.7136099999999999
1.7868199999999999
1.85962
1.9322
2.00397
2.07543
2.14607
2.2163399999999998
2.2856899999999998
2.35468
2.42269
2.49019
2.55676
2.6227899999999997
2.68775
2.75215
2.8155099999999997
2.87798
2.93985
3.00059
3.06058
3.11946
3.1776500000000003
3.23453
3.29073
3.34568
3.39978
3.45261
3.50462
3.55527
3.6048299999999998
3.65345
3.70072
3.74698
3.79184
3.83564
3.87806
3.9193400000000005
3.9592300000000002
3.9979400000000003
4.03512
4.07105
4.105519999999999
4.1386
4.170229999999999
4.20037
4.229089999999999
4.25625
4.28202
4.3062700000000005
4.3288
4.3501900000000004
4.37025
4.38896
4.40651
