Vgs range: 0,8,0.5
Vds range: 0,8,0.1

Vgs: 0.0
0.00019122399999999998
0.00935123
0.0185717
0.0278119
0.0370949
0.046421899999999995
0.055789399999999996
0.06518460000000001
0.0746157
0.084075
0.09355820000000001
0.103065
0.112611
0.12219
0.131793
0.141423
0.15107900000000002
0.160748
0.17044299999999998
0.180155
0.189872
0.199525
0.20929499999999998
0.219028
0.228813
0.238569
0.24836299999999997
0.25812399999999996
0.267891
0.277692
0.287452
0.297257
0.307025
0.316829
0.326594
0.33639800000000003
0.346148
0.355942
0.365693
0.37546999999999997
0.385213
0.394988
0.404725
0.41444000000000003
0.424203
0.433907
0.443641
0.453342
0.463075
0.472751
0.48245699999999997
0.49211999999999995
0.5018079999999999
0.511451
0.521122
0.530753
0.5403610000000001
0.550005
0.5596070000000001
0.569221
0.578795
0.5883929999999999
0.597942
0.607512
0.617025
0.626568
0.636065
0.645587
0.655063
0.664555
0.674019
0.683523
0.692989
0.702414
0.711872
0.7212580000000001
0.730664
0.740016
0.749386
0.758746
0.768088

Vgs: 0.5
0.00020039599999999998
0.00973359
0.018951700000000002
0.0281544
0.0373872
0.0466777
0.0560058
0.065364
0.0747551
0.0841684
0.0936134
0.10308300000000001
0.11259100000000001
0.122127
0.131693
0.14128400000000002
0.150902
0.16054200000000002
0.1702
0.179871
0.18956499999999998
0.199184
0.208924
0.218633
0.228387
0.23811200000000002
0.247882
0.25761799999999996
0.267368
0.277153
0.286897
0.29667899999999997
0.30643
0.31621900000000003
0.32597000000000004
0.335756
0.345504
0.355283
0.365022
0.374798
0.38453499999999996
0.394304
0.404037
0.41375500000000004
0.423513
0.43323100000000003
0.442959
0.452666
0.462399
0.472088
0.481803
0.49147199999999996
0.501169
0.510831
0.520522
0.530171
0.539802
0.549463
0.559091
0.568727
0.5783290000000001
0.587963
0.5975509999999999
0.607152
0.6167119999999999
0.6262960000000001
0.6358400000000001
0.645401
0.654929
0.664478
0.673987
0.683475
0.692975
0.702425
0.711914
0.721345
0.730809
0.74022
0.749635
0.759013
0.768411

Vgs: 1.0
0.00018230299999999998
0.0168934
0.0322287
0.046028400000000004
0.0583156
0.0692376
0.0791807
0.0886552
0.0980215
0.10737
0.116741
0.126146
0.135586
0.145058
0.15456
0.164094
0.173647
0.18321900000000002
0.19281600000000002
0.202428
0.212059
0.221618
0.23130199999999998
0.240952
0.250654
0.260322
0.270031
0.279717
0.289412
0.299149
0.308853
0.318597
0.328309
0.33805
0.347764
0.35752100000000003
0.367229
0.376971
0.386688
0.396426
0.406126
0.415875
0.425588
0.43528700000000004
0.445024
0.454723
0.464445
0.474135
0.483858
0.49353199999999997
0.503244
0.5129159999999999
0.522612
0.532266
0.541974
0.551634
0.561263
0.570934
0.580553
0.590191
0.599805
0.609437
0.61902
0.628615
0.638176
0.647773
0.657316
0.6668919999999999
0.676416
0.685956
0.695465
0.704941
0.714446
0.7239030000000001
0.733375
0.742812
0.7522730000000001
0.761679
0.7711140000000001
0.7804930000000001
0.7898850000000001

Vgs: 1.5
0.000170106
0.0225338
0.0441147
0.064872
0.0849625
0.10436400000000001
0.122858
0.1402
0.15615
0.170529
0.18332400000000001
0.194733
0.20519099999999998
0.215181
0.22502
0.234795
0.24454599999999999
0.25427700000000003
0.264014
0.273758
0.283502
0.29315599999999997
0.302918
0.312651
0.322417
0.33215700000000004
0.34193
0.351666
0.361414
0.371192
0.380925
0.390699
0.40045800000000004
0.410228
0.41996999999999995
0.429749
0.439489
0.449261
0.458999
0.468761
0.47849299999999995
0.488251
0.49798400000000004
0.5076959999999999
0.517448
0.527165
0.53692
0.54662
0.5563589999999999
0.566045
0.575785
0.585472
0.595182
0.6048479999999999
0.614559
0.6242179999999999
0.6338659999999999
0.643559
0.6532070000000001
0.6628660000000001
0.672486
0.682146
0.6917479999999999
0.7013860000000001
0.7109840000000001
0.720612
0.730197
0.739791
0.749351
0.758919
0.768459
0.777983
0.787516
0.797039
0.806551
0.816023
0.825532
0.83499
0.844448
0.853865
0.863317

Vgs: 2.0
0.00017090400000000002
0.0261312
0.0516068
0.0768059
0.102188
0.127821
0.1535
0.17890199999999998
0.203715
0.227627
0.250388
0.271792
0.291626
0.309765
0.326125
0.340695
0.353635
0.365239
0.376023
0.386426
0.396644
0.40669000000000005
0.416783
0.426784
0.436789
0.446747
0.456711
0.46662899999999996
0.47654199999999997
0.486484
0.496357
0.506274
0.516147
0.5260469999999999
0.535903
0.545785
0.555611
0.5654739999999999
0.5752970000000001
0.585156
0.594971
0.604816
0.6146250000000001
0.6244160000000001
0.6342439999999999
0.644033
0.653826
0.6636040000000001
0.673411
0.683166
0.692957
0.7026979999999999
0.712474
0.722207
0.731978
0.7417119999999999
0.751424
0.76118
0.7708870000000001
0.7806259999999999
0.790336
0.800073
0.809761
0.8194790000000001
0.82917
0.8388869999999999
0.848568
0.858279
0.867954
0.8776609999999999
0.887342
0.897003
0.906691
0.9163389999999999
0.926024
0.935654
0.945323
0.954947
0.96459
0.974199
0.983846

Vgs: 2.5
0.000149666
0.028613
0.0568066
0.08515650000000001
0.114413
0.144668
0.175684
0.207117
0.238602
0.269807
0.300446
0.330315
0.359204
0.386919
0.41329000000000005
0.438188
0.461473
0.483017
0.50276
0.520628
0.5366420000000001
0.550767
0.563544
0.575163
0.586195
0.596884
0.607413
0.617791
0.6281140000000001
0.6383880000000001
0.6485660000000001
0.658749
0.668868
0.678983
0.689058
0.699126
0.709137
0.719185
0.729174
0.739175
0.7491369999999999
0.759104
0.769026
0.778932
0.7889
0.798785
0.808689
0.818552
0.82844
0.838287
0.848151
0.857979
0.8678279999999999
0.877644
0.8874879999999999
0.897271
0.907065
0.9168890000000001
0.9266800000000001
0.9364990000000001
0.9462780000000001
0.9560970000000001
0.9658979999999999
0.9757089999999999
0.985501
0.9953169999999999
1.00668
1.0165300000000002
1.02636
1.0362399999999998
1.04605
1.05587
1.06575
1.0755700000000001
1.0854599999999999
1.09531
1.1051900000000001
1.11504
1.12492
1.1347900000000002
1.1447

Vgs: 3.0
0.000166395
0.030537
0.060740499999999996
0.09151849999999999
0.12378700000000001
0.157685
0.192921
0.229092
0.26581899999999997
0.30274700000000004
0.339601
0.376105
0.412078
0.447325
0.481678
0.514993
0.547156
0.5779850000000001
0.607419
0.63532
0.6616029999999999
0.685966
0.708834
0.7297640000000001
0.7488819999999999
0.766065
0.781498
0.795257
0.80776
0.8194199999999999
0.830578
0.841534
0.852246
0.862906
0.873386
0.8838550000000001
0.89423
0.904558
0.914829
0.925087
0.935277
0.945477
0.955608
0.965709
0.975825
0.985886
0.9959630000000002
1.0074999999999998
1.0176
1.02758
1.0376
1.04754
1.05755
1.06745
1.0774000000000001
1.08729
1.09719
1.10713
1.1169699999999998
1.12685
1.13673
1.14659
1.15645
1.1663000000000001
1.17615
1.18602
1.1958900000000001
1.2058
1.21569
1.22561
1.23553
1.24548
1.2554599999999998
1.26545
1.2754800000000002
1.2854400000000001
1.29554
1.3056
1.3157100000000002
1.32582
1.3359999999999999

Vgs: 3.5
0.000138279
0.0319916
0.0637997
0.0965279
0.131304
0.16822399999999998
0.20696599999999998
0.24708
0.288175
0.32983300000000004
0.371763
0.413738
0.455532
0.49693100000000007
0.537757
0.577886
0.617196
0.655542
0.692818
0.728917
0.7637670000000001
0.796948
0.829116
0.859622
0.888671
0.9159430000000001
0.9415870000000001
0.96534
0.987281
1.0089700000000001
1.02718
1.04367
1.05843
1.07183
1.0841500000000002
1.0958700000000001
1.1071799999999998
1.11835
1.12921
1.14002
1.15073
1.16136
1.17185
1.18233
1.19275
1.2030999999999998
1.2133999999999998
1.2237
1.23397
1.24414
1.25433
1.26445
1.2745499999999998
1.28466
1.2947
1.30481
1.31477
1.3248
1.33476
1.34472
1.3546
1.36461
1.37452
1.38445
1.39435
1.40431
1.4142
1.4241
1.43402
1.44395
1.45393
1.4638900000000001
1.4738900000000001
1.48394
1.49402
1.50409
1.51427
1.52444
1.53466
1.5448899999999999
1.55523

Vgs: 4.0
0.000166222
0.0332406
0.0663593
0.100728
0.1376
0.17707599999999998
0.21879700000000002
0.262279
0.307091
0.352797
0.399094
0.44572
0.492432
0.539021
0.585304
0.6311669999999999
0.676481
0.721058
0.764853
0.807734
0.849642
0.89011
0.929927
0.9683400000000001
1.00715
1.0429599999999999
1.07744
1.1103
1.1416600000000001
1.17153
1.1996
1.22604
1.25058
1.27345
1.2943900000000002
1.31358
1.3309199999999999
1.3464399999999999
1.36068
1.3737599999999999
1.3860400000000002
1.39784
1.40932
1.4205400000000001
1.43164
1.44257
1.45341
1.4641199999999999
1.4748
1.48536
1.49591
1.50635
1.51677
1.5270800000000002
1.53743
1.54772
1.5579299999999998
1.56814
1.57824
1.5884099999999999
1.59849
1.6085500000000001
1.6185699999999998
1.62862
1.63857
1.64859
1.65857
1.66853
1.6785400000000001
1.6885
1.6984599999999999
1.70838
1.71832
1.72833
1.73838
1.74847
1.7585700000000002
1.76869
1.77888
1.78911
1.79945

Vgs: 4.5
0.00013791700000000001
0.0342212
0.06844399999999999
0.10421699999999999
0.142927
0.184642
0.228972
0.275399
0.323464
0.372724
0.42284700000000003
0.473517
0.5245169999999999
0.575635
0.626691
0.6775009999999999
0.727955
0.777931
0.8273189999999999
0.875997
0.923899
0.9705440000000001
1.0183799999999998
1.06348
1.1076599999999999
1.15057
1.19246
1.23295
1.27216
1.31016
1.34663
1.38177
1.41529
1.4473699999999998
1.4777200000000001
1.50654
1.5335800000000002
1.5589600000000001
1.58252
1.60433
1.62425
1.64248
1.65899
1.67402
1.6878799999999998
1.70075
1.71298
1.72473
1.7363700000000002
1.74772
1.7589299999999999
1.76992
1.7808599999999999
1.79169
1.8024499999999999
1.81311
1.82366
1.83422
1.84464
1.85509
1.86542
1.87572
1.8860299999999999
1.89628
1.90645
1.91661
1.9266800000000002
1.9367500000000002
1.9467899999999998
1.95683
1.9667999999999999
1.9768199999999998
1.98687
1.9968199999999998
2.00689
2.01686
2.02688
2.03692
2.047
2.05708
2.06727

Vgs: 5.0
0.00015470700000000002
0.0351126
0.07028039999999999
0.10726300000000001
0.14754699999999998
0.19124300000000002
0.237873
0.286909
0.33786299999999997
0.390254
0.443752
0.49802500000000005
0.552836
0.607944
0.6631659999999999
0.718344
0.773355
0.828038
0.882305
0.93605
0.989183
1.04271
1.09461
1.1454499999999999
1.1955799999999999
1.2446
1.29277
1.33971
1.3855899999999999
1.4304999999999999
1.47401
1.5165300000000002
1.55759
1.5973899999999999
1.6358
1.67291
1.7084
1.7425400000000002
1.77507
1.80611
1.83538
1.86307
1.88901
1.91322
1.93577
1.95649
1.9755200000000002
1.99283
2.0087099999999998
2.02325
2.0367800000000003
2.04952
2.06185
2.07369
2.08536
2.09678
2.108
2.1191500000000003
2.13011
2.14109
2.1518599999999997
2.1625799999999997
2.1732
2.18385
2.1943
2.2047600000000003
2.21514
2.22548
2.23571
2.24598
2.25619
2.26634
2.27647
2.28651
2.29656
2.30654
2.3165500000000003
2.3265700000000002
2.33661
2.34666
2.35668

Vgs: 5.5
0.00014407099999999998
0.0358387
0.07181270000000001
0.109888
0.151595
0.197035
0.24571400000000002
0.297082
0.35063
0.405856
0.46237300000000003
0.51988
0.5780759999999999
0.6367579999999999
0.6957270000000001
0.754833
0.8139
0.872788
0.931424
0.989635
1.04894
1.1057199999999998
1.1625299999999998
1.21841
1.2737200000000002
1.32809
1.38174
1.43437
1.48604
1.53692
1.58661
1.6354099999999998
1.6829399999999999
1.72944
1.77466
1.81882
1.8615599999999999
1.90315
1.94334
1.9822099999999998
2.01957
2.0555600000000003
2.09008
2.1230200000000004
2.15456
2.1843000000000004
2.2125399999999997
2.23909
2.26403
2.28715
2.30861
2.32835
2.34648
2.3630999999999998
2.37847
2.3926600000000002
2.40596
2.41869
2.43092
2.44288
2.45452
2.46604
2.47736
2.48855
2.4995600000000002
2.51048
2.5213200000000002
2.53212
2.54271
2.55327
2.56376
2.5742
2.58463
2.59494
2.6052
2.61539
2.6256
2.63573
2.64584
2.6558900000000003
2.66596

Vgs: 6.0
0.000143755
0.0364734
0.073143
0.11213
0.155103
0.202117
0.252654
0.306126
0.361999
0.419752
0.47899800000000003
0.539434
0.600736
0.6626340000000001
0.725009
0.787624
0.850345
0.913017
0.975546
1.03928
1.10119
1.16227
1.2234699999999998
1.2838100000000001
1.34377
1.40288
1.4614800000000001
1.51907
1.57592
1.6321
1.68717
1.74153
1.79467
1.84703
1.8982400000000001
1.94852
1.9974699999999999
2.0455400000000004
2.09225
2.13794
2.18221
2.22545
2.2672299999999996
2.30768
2.34695
2.3846499999999997
2.42105
2.45592
2.4893300000000003
2.52117
2.55148
2.5801499999999997
2.60727
2.63266
2.65645
2.67855
2.69895
2.71791
2.73529
2.7513300000000003
2.7662199999999997
2.78015
2.79325
2.80588
2.81815
2.8301200000000004
2.84174
2.85325
2.8646000000000003
2.87581
2.88682
2.89778
2.90865
2.9193700000000002
2.93005
2.94063
2.95113
2.96156
2.97193
2.98218
2.9924399999999998

Vgs: 6.5
0.00015032699999999999
0.037067699999999995
0.07437619999999999
0.11421600000000001
0.15831699999999999
0.206743
0.25894900000000004
0.314332
0.372314
0.432348
0.49407300000000004
0.557136
0.621229
0.6860879999999999
0.751515
0.817302
0.8833460000000001
0.949464
1.01698
1.08296
1.14865
1.2134800000000001
1.27864
1.34309
1.4072900000000002
1.47065
1.5336
1.59571
1.65716
1.7180900000000001
1.77793
1.83724
1.89548
1.9530100000000001
2.0094700000000003
2.0651699999999997
2.11972
2.17348
2.22604
2.27764
2.32802
2.37747
2.4256
2.47254
2.51849
2.56305
2.60649
2.64849
2.68939
2.7286900000000003
2.76683
2.8033699999999997
2.83871
2.87237
2.90466
2.93535
2.96446
2.99207
3.01798
3.04237
3.06502
3.08624
3.10583
3.12397
3.1407100000000003
3.1563
3.17079
3.18447
3.19752
3.21013
3.22228
3.23422
3.24592
3.2574
3.26871
3.27987
3.2909200000000003
3.30185
3.3126700000000002
3.3233300000000003
3.33396

Vgs: 7.0
0.00013087899999999998
0.0375439
0.075417
0.11600899999999999
0.16113799999999998
0.21085299999999998
0.26454700000000003
0.321618
0.38153
0.443675
0.507676
0.573137
0.63976
0.707319
0.775517
0.844248
0.9133150000000001
0.9825389999999999
1.05334
1.12257
1.19168
1.2599799999999999
1.32876
1.3968800000000001
1.46483
1.5320799999999999
1.59902
1.66517
1.73077
1.79589
1.86005
1.92384
1.9866300000000001
2.04878
2.11
2.17059
2.23007
2.2888800000000002
2.34655
2.4034400000000002
2.45925
2.51416
2.5679499999999997
2.62064
2.67247
2.72301
2.77261
2.82084
2.86815
2.9140300000000003
2.95888
3.00237
3.04471
3.0856
3.12527
3.16344
3.2002699999999997
3.23581
3.26979
3.3023599999999997
3.33337
3.36297
3.3909000000000002
3.41736
3.44216
3.46551
3.48721
3.5074899999999998
3.52624
3.54366
3.55984
3.57495
3.5892
3.60269
3.61567
3.6281
3.64028
3.6520900000000003
3.66375
3.67521
3.68651

Vgs: 7.5
0.000153893
0.038014900000000004
0.0763622
0.117665
0.163676
0.214503
0.269553
0.328207
0.389845
0.45389300000000005
0.519932
0.587599
0.656561
0.7265429999999999
0.797319
0.868676
0.940473
1.01403
1.08625
1.15854
1.23078
1.30222
1.3742800000000002
1.44574
1.51713
1.58788
1.65844
1.72831
1.79765
1.86667
1.93482
2.00258
2.06946
2.13581
2.2012799999999997
2.26627
2.33016
2.39354
2.45589
2.51752
2.5781
2.63801
2.6968
2.75459
2.81165
2.86753
2.92258
2.97643
3.0294100000000004
3.0810899999999997
3.13191
3.18141
3.22992
3.27714
3.3233
3.36813
3.41166
3.45413
3.4951399999999997
3.53498
3.57333
3.6105400000000003
3.64613
3.68049
3.7132300000000003
3.7446200000000003
3.77443
3.8028799999999996
3.8296099999999997
3.85493
3.87869
3.9009
3.9217799999999996
3.94116
3.95931
3.9760999999999997
3.9919
4.0066
4.02051
4.03381
4.0466299999999995

Vgs: 8.0
0.00014633299999999998
0.0383796
0.0771832
0.119041
0.16592300000000001
0.217808
0.274115
0.33419
0.397428
0.463191
0.531103
0.6007669999999999
0.67184
0.744028
0.817111
0.890893
0.965211
1.04135
1.11623
1.1912699999999998
1.26631
1.3406799999999999
1.4157499999999998
1.4903
1.56485
1.63882
1.71267
1.78586
1.8586200000000002
1.93116
2.00285
2.0743
2.14494
2.21512
2.28452
2.35343
2.4213400000000003
2.48888
2.5554
2.62135
2.6863
2.7507099999999998
2.81404
2.87646
2.93831
2.999
3.05899
3.11784
3.17595
3.23286
3.28897
3.3439
3.3979600000000003
3.45073
3.50264
3.55333
3.60285
3.65141
3.69864
3.7448099999999998
3.7896900000000002
3.83346
3.87584
3.91709
3.95694
3.9955499999999997
4.03273
4.06864
4.103070000000001
4.13613
4.16769
4.1977899999999995
4.226470000000001
4.25359
4.27937
4.30353
4.32625
4.34757
4.3676
4.3861799999999995
4.40364
