Vgs range: 0,8,0.5
Vds range: 0,8,0.1

Vgs: 0.0
0.000212176
0.00939954
0.0186482
0.0279256
0.0372443
0.046619
0.0560252
0.0654581
0.074933
0.08443179999999999
0.093961
0.103516
0.11311199999999999
0.12273300000000001
0.132382
0.142061
0.151766
0.161484
0.171223
0.180984
0.190754
0.200454
0.21027099999999999
0.220055
0.229888
0.23969200000000002
0.24952900000000003
0.259338
0.26914499999999997
0.279002
0.28881399999999996
0.298667
0.30848699999999996
0.31833
0.32814299999999996
0.33798900000000004
0.347791
0.357632
0.367424
0.377247
0.387032
0.39684699999999995
0.406634
0.416404
0.42620800000000003
0.43598
0.445768
0.455513
0.465287
0.47501899999999997
0.484774
0.49448000000000003
0.504211
0.513903
0.523626
0.5332969999999999
0.542956
0.552645
0.562282
0.5719399999999999
0.581561
0.591202
0.600802
0.610423
0.619989
0.629588
0.639133
0.648706
0.658227
0.667767
0.677275
0.686748
0.696254
0.7057289999999999
0.715218
0.72465
0.734099
0.743495
0.7529159999999999
0.762283
0.771679

Vgs: 0.5
0.000220409
0.00976397
0.0190155
0.0282445
0.037512899999999995
0.0468361
0.056202300000000004
0.065595
0.0750218
0.08447170000000001
0.09395099999999999
0.10346200000000001
0.113006
0.122581
0.132189
0.141819
0.151479
0.16116
0.170859
0.180571
0.190302
0.199964
0.209746
0.219501
0.229297
0.239066
0.248874
0.25865699999999997
0.268438
0.27826
0.288049
0.297879
0.30767300000000003
0.31749700000000003
0.32728500000000005
0.33711599999999997
0.346905
0.35673299999999997
0.36652100000000004
0.37634300000000004
0.386119
0.395928
0.405699
0.415461
0.425261
0.43501599999999996
0.444796
0.454545
0.464324
0.474053
0.483813
0.49353199999999997
0.5032730000000001
0.512971
0.522701
0.53239
0.5420619999999999
0.551767
0.56143
0.5711139999999999
0.580758
0.5904280000000001
0.600048
0.609699
0.619306
0.628927
0.638513
0.6481129999999999
0.6576839999999999
0.6672619999999999
0.676811
0.686336
0.695891
0.705406
0.714936
0.724416
0.733918
0.7433649999999999
0.752826
0.762255
0.771706

Vgs: 1.0
0.000193851
0.016895999999999998
0.032237499999999995
0.0460408
0.0583369
0.0692763
0.0792345
0.0887357
0.0981301
0.10751699999999999
0.11692
0.126358
0.135837
0.145342
0.154879
0.16444499999999998
0.174037
0.183646
0.193274
0.202924
0.212588
0.222191
0.23191
0.241593
0.251335
0.261044
0.27079
0.28052
0.290262
0.300036
0.309778
0.31955999999999996
0.329315
0.339094
0.34885200000000005
0.358645
0.36839700000000003
0.378177
0.387937
0.397724
0.407478
0.417256
0.42701399999999995
0.43676000000000004
0.446544
0.456282
0.46603900000000004
0.475771
0.485539
0.49525399999999997
0.5049790000000001
0.514695
0.524437
0.534138
0.5438609999999999
0.5535540000000001
0.56323
0.572939
0.582604
0.5922879999999999
0.60193
0.611599
0.6212179999999999
0.6308699999999999
0.640487
0.650112
0.65969
0.669303
0.678866
0.688437
0.6979799999999999
0.707508
0.717057
0.726551
0.7360720000000001
0.745551
0.75504
0.7644880000000001
0.773949
0.783365
0.7928069999999999

Vgs: 1.5
0.00018919599999999998
0.0225443
0.0441253
0.0648864
0.08497690000000001
0.104393
0.122891
0.140237
0.156198
0.170583
0.18339499999999997
0.19482200000000002
0.205297
0.215324
0.225187
0.234997
0.244776
0.25455099999999997
0.264319
0.274088
0.283864
0.29355400000000004
0.303361
0.313114
0.32291600000000004
0.332693
0.342496
0.352271
0.362055
0.371861
0.381637
0.39146
0.401248
0.411055
0.420842
0.43065699999999996
0.440434
0.45023799999999997
0.460019
0.469833
0.47961
0.48940599999999995
0.49916900000000003
0.508931
0.518723
0.5284800000000001
0.5382549999999999
0.548009
0.557794
0.567529
0.577287
0.587009
0.596761
0.606479
0.6162150000000001
0.625929
0.6356139999999999
0.645328
0.655013
0.664718
0.674383
0.6840900000000001
0.693731
0.7033980000000001
0.713039
0.722697
0.732308
0.741955
0.7515459999999999
0.761153
0.7707280000000001
0.780284
0.7898700000000001
0.799423
0.808989
0.818499
0.828033
0.837538
0.847064
0.856517
0.866004

Vgs: 2.0
0.00018407999999999999
0.0261301
0.0516153
0.0768285
0.102218
0.127865
0.15355300000000002
0.178961
0.203792
0.227713
0.25048
0.27188199999999996
0.291728
0.309882
0.326241
0.340837
0.353781
0.365411
0.376219
0.386642
0.396893
0.40696699999999997
0.417089
0.427125
0.43717
0.447158
0.457152
0.46710399999999996
0.477054
0.487024
0.49695
0.506901
0.516813
0.5267390000000001
0.536624
0.546547
0.556416
0.566325
0.576186
0.586067
0.595914
0.605796
0.6156459999999999
0.6254770000000001
0.635322
0.645153
0.654999
0.66481
0.67465
0.684449
0.6942740000000001
0.704067
0.7138789999999999
0.7236319999999999
0.7334390000000001
0.743216
0.752977
0.762771
0.772524
0.782294
0.792026
0.8018040000000001
0.811532
0.821294
0.831034
0.840792
0.8504889999999999
0.860236
0.8699549999999999
0.8796970000000001
0.889383
0.899086
0.9088050000000001
0.9184910000000001
0.928211
0.937887
0.947577
0.957246
0.966931
0.976558
0.9862420000000001

Vgs: 2.5
0.00016555700000000001
0.0286271
0.0568168
0.0851865
0.114442
0.144715
0.17575100000000002
0.207176
0.238678
0.269882
0.300536
0.330412
0.359304
0.387045
0.41343199999999997
0.438344
0.461638
0.483206
0.502953
0.520839
0.536869
0.55101
0.563808
0.575448
0.586516
0.59722
0.607788
0.618205
0.628553
0.6388630000000001
0.649073
0.659292
0.6694519999999999
0.6796000000000001
0.689687
0.699793
0.7098439999999999
0.71992
0.729935
0.7399600000000001
0.749965
0.7600060000000001
0.769959
0.779902
0.789874
0.799815
0.8097650000000001
0.819677
0.8296100000000001
0.8394910000000001
0.849403
0.859255
0.869155
0.879011
0.888897
0.898742
0.908567
0.918426
0.928259
0.938106
0.947912
0.9577869999999999
0.9676100000000001
0.977452
0.9872679999999999
0.997127
1.0084600000000001
1.0183900000000001
1.02819
1.0381
1.04796
1.05782
1.06774
1.07762
1.0875
1.0973899999999999
1.10727
1.11717
1.12711
1.13703
1.14696

Vgs: 3.0
0.00018641599999999999
0.0305522
0.060766
0.091556
0.12385299999999999
0.15776099999999998
0.193
0.229176
0.265934
0.30286100000000005
0.339716
0.376242
0.41222200000000003
0.447491
0.48186
0.515179
0.547352
0.5781999999999999
0.607648
0.635557
0.66186
0.6862269999999999
0.709128
0.730062
0.74921
0.766418
0.781874
0.7956610000000001
0.8081689999999999
0.819886
0.831082
0.8420460000000001
0.852811
0.863478
0.874015
0.884528
0.894918
0.9053019999999999
0.915591
0.925886
0.936111
0.946338
0.9564969999999999
0.966627
0.976782
0.986885
0.9969899999999999
1.00861
1.01869
1.0287300000000001
1.03877
1.04875
1.05879
1.06871
1.0787
1.08863
1.09855
1.10851
1.11845
1.1283599999999998
1.13825
1.14818
1.15805
1.16797
1.17787
1.18782
1.19772
1.20765
1.21754
1.22748
1.23749
1.2474
1.25746
1.2674400000000001
1.27746
1.28749
1.29758
1.30769
1.31785
1.3279699999999999
1.3381999999999998

Vgs: 3.5
0.000150927
0.0319971
0.0638202
0.0965613
0.131347
0.16828
0.207022
0.247142
0.288258
0.329938
0.371888
0.413887
0.455672
0.49707500000000004
0.5379360000000001
0.578078
0.617418
0.6557689999999999
0.693047
0.7291850000000001
0.764047
0.797248
0.829435
0.859959
0.889018
0.916315
0.94197
0.965748
0.98771
1.00942
1.02768
1.04417
1.05894
1.0723900000000002
1.08472
1.0965
1.10784
1.11897
1.1298899999999998
1.1407699999999998
1.15146
1.16212
1.17265
1.18316
1.1936200000000001
1.204
1.21438
1.2247
1.23494
1.24518
1.25539
1.2655699999999999
1.27572
1.28583
1.29597
1.30604
1.3160699999999999
1.32612
1.33613
1.34618
1.3561400000000001
1.3661400000000001
1.3760700000000001
1.3860400000000002
1.3960299999999999
1.40599
1.41595
1.4259400000000002
1.43587
1.44583
1.45585
1.4658200000000001
1.4758600000000002
1.48587
1.49598
1.50605
1.51625
1.5264
1.53671
1.54696
1.55733

Vgs: 4.0
0.000180794
0.0332578
0.0663859
0.100778
0.137655
0.177147
0.21888100000000002
0.262367
0.307201
0.352916
0.399244
0.445899
0.49260600000000004
0.539201
0.585527
0.63141
0.676738
0.721325
0.765127
0.808034
0.849968
0.890452
0.930272
0.968697
1.00752
1.04338
1.07793
1.11084
1.14219
1.1720599999999999
1.2001600000000001
1.22664
1.2512599999999998
1.27412
1.29508
1.3143
1.3316599999999998
1.34738
1.3616
1.3747
1.38699
1.39883
1.41026
1.42151
1.43265
1.4436
1.4544899999999998
1.46519
1.4759300000000002
1.4865
1.49705
1.50749
1.51796
1.52834
1.5387300000000002
1.54899
1.55922
1.56948
1.57964
1.5897999999999999
1.59994
1.61006
1.62012
1.63018
1.64021
1.65025
1.6602299999999999
1.67029
1.68029
1.69031
1.70034
1.71032
1.72033
1.7303600000000001
1.7404600000000001
1.75048
1.76059
1.77075
1.7810199999999998
1.79128
1.80164

Vgs: 4.5
0.000145811
0.0342463
0.0684837
0.104266
0.14298
0.18471100000000001
0.229075
0.275517
0.323614
0.372869
0.423005
0.473706
0.52473
0.575847
0.626908
0.677775
0.728254
0.778242
0.8276600000000001
0.876351
0.924292
0.9709220000000001
1.0187499999999998
1.0638699999999999
1.1081100000000002
1.15103
1.19295
1.2335
1.27274
1.31076
1.3472300000000001
1.38243
1.41598
1.44808
1.4784799999999998
1.50735
1.53437
1.55981
1.58335
1.6051900000000001
1.6251499999999999
1.64343
1.6600199999999998
1.67512
1.689
1.70189
1.7141700000000002
1.7260199999999999
1.7376399999999999
1.74901
1.76025
1.77132
1.78229
1.7931
1.80393
1.8146
1.82522
1.83574
1.84619
1.85666
1.86707
1.87742
1.8877
1.89798
1.9082000000000001
1.91841
1.92851
1.93867
1.94875
1.9588499999999998
1.96889
1.97891
1.9889500000000002
1.99896
2.009
2.01905
2.02915
2.03921
2.04935
2.0594900000000003
2.0696600000000003

Vgs: 5.0
0.000172138
0.0351387
0.0703143
0.10732
0.14763800000000002
0.191347
0.237981
0.287053
0.33803099999999997
0.39042299999999996
0.443928
0.498235
0.553074
0.6082299999999999
0.663476
0.718695
0.773733
0.828438
0.882731
0.936492
0.989665
1.04322
1.09513
1.1459599999999999
1.19613
1.24519
1.2933700000000001
1.34043
1.38635
1.43126
1.4748400000000002
1.51736
1.5584900000000002
1.59838
1.63678
1.67395
1.70949
1.7436699999999998
1.7762399999999998
1.80725
1.83657
1.8643399999999999
1.8903100000000002
1.91451
1.9371099999999999
1.9578299999999997
1.97693
1.9943
2.01025
2.0248000000000004
2.03835
2.05116
2.06349
2.07536
2.0870200000000003
2.09847
2.10977
2.12093
2.13197
2.14288
2.1537
2.16446
2.1751
2.18572
2.19625
2.20674
2.2171399999999997
2.2276100000000003
2.2379000000000002
2.24817
2.25839
2.26857
2.2787100000000002
2.28882
2.29892
2.30898
2.3191
2.32915
2.3391900000000003
2.34924
2.35934

Vgs: 5.5
0.000157608
0.0358802
0.0718796
0.109962
0.151703
0.197161
0.24585999999999997
0.297253
0.350827
0.40606699999999996
0.46259
0.520107
0.5783469999999999
0.637081
0.696083
0.7552150000000001
0.814326
0.8732530000000001
0.9318930000000001
0.9901459999999999
1.0494700000000001
1.1062699999999999
1.1631
1.21903
1.2744
1.32877
1.38247
1.43513
1.48685
1.5377699999999999
1.5874599999999999
1.63632
1.6838899999999999
1.7304899999999999
1.7757
1.81993
1.86269
1.9043599999999998
1.94448
1.9834399999999999
2.02088
2.05699
2.0914699999999997
2.12446
2.15598
2.18585
2.21413
2.24072
2.26565
2.28883
2.3104
2.33013
2.3483699999999996
2.3649999999999998
2.38037
2.39459
2.40792
2.42071
2.43295
2.44489
2.4566000000000003
2.46814
2.47947
2.49068
2.50177
2.51274
2.5236
2.53439
2.54508
2.5557000000000003
2.56624
2.57672
2.58712
2.59745
2.6077600000000003
2.6179900000000003
2.6281999999999996
2.63835
2.64854
2.65863
2.66874

Vgs: 6.0
0.000156726
0.036526699999999995
0.0732371
0.112301
0.155307
0.202339
0.25290399999999996
0.306394
0.36229
0.42007900000000004
0.47935700000000003
0.539778
0.601122
0.663092
0.725475
0.788117
0.850877
0.913587
0.9761420000000001
1.03997
1.10198
1.1630099999999999
1.22423
1.28467
1.3447
1.40381
1.46246
1.5201399999999998
1.5770199999999999
1.6331799999999999
1.68831
1.74271
1.79597
1.84831
1.89954
1.94989
1.9989299999999999
2.0470200000000003
2.0937799999999998
2.1395
2.18383
2.22707
2.2689199999999996
2.30938
2.3486700000000003
2.38644
2.42288
2.45774
2.49125
2.52311
2.55347
2.58216
2.60934
2.6347699999999996
2.65863
2.68074
2.70119
2.72018
2.7376300000000002
2.75371
2.76859
2.78261
2.7958000000000003
2.80851
2.82074
2.83272
2.8444299999999996
2.8560399999999997
2.86741
2.87861
2.88968
2.9006499999999997
2.91156
2.92232
2.93303
2.94361
2.9542100000000002
2.9646500000000002
2.9750699999999997
2.98537
2.99566

Vgs: 6.5
0.000169206
0.037106
0.0744518
0.11434000000000001
0.158462
0.206904
0.259124
0.314537
0.372553
0.432644
0.494421
0.5575209999999999
0.621638
0.686531
0.7519910000000001
0.817825
0.883914
0.950062
1.0177299999999998
1.08373
1.14946
1.21434
1.2795599999999998
1.34399
1.4082000000000001
1.4716200000000002
1.53467
1.5968
1.6582700000000001
1.7192399999999999
1.77918
1.83856
1.89681
1.95438
2.01094
2.0667
2.12119
2.17504
2.22764
2.2792899999999996
2.32973
2.37922
2.42734
2.4743999999999997
2.5204
2.5649800000000003
2.60847
2.65051
2.6914700000000003
2.7308
2.76887
2.80554
2.8409
2.87459
2.90691
2.93763
2.96675
2.99442
3.02039
3.04486
3.06757
3.08882
3.1084300000000002
3.1266100000000003
3.1434100000000003
3.15902
3.17358
3.18737
3.2004799999999998
3.2130900000000002
3.22531
3.23726
3.24896
3.26051
3.27188
3.2830500000000002
3.29418
3.3051
3.31596
3.32667
3.3373399999999998

Vgs: 7.0
0.000152578
0.037583399999999996
0.07548490000000001
0.116118
0.161262
0.210982
0.26469
0.321834
0.381768
0.443942
0.5079490000000001
0.5734349999999999
0.640098
0.7076950000000001
0.7759400000000001
0.84469
0.9137970000000001
0.9830660000000001
1.05393
1.12322
1.1923700000000002
1.26068
1.32957
1.39771
1.46572
1.5330000000000001
1.6000299999999998
1.66623
1.73182
1.79706
1.86126
1.92507
1.98788
2.0501400000000003
2.11139
2.1720099999999998
2.2315400000000003
2.29039
2.34809
2.40505
2.46089
2.5159000000000002
2.5697099999999997
2.6224
2.6743
2.7249399999999997
2.77453
2.82287
2.8701999999999996
2.91617
2.9610600000000002
3.00455
3.0469500000000003
3.08789
3.12761
3.1659100000000002
3.2027200000000002
3.23832
3.27237
3.305
3.33605
3.36571
3.39367
3.42018
3.4450000000000003
3.4683800000000002
3.49013
3.51043
3.5292499999999998
3.5467400000000002
3.56298
3.5781300000000003
3.59245
3.60595
3.6189199999999997
3.6314699999999998
3.64368
3.65552
3.6672
3.6787
3.69007

Vgs: 7.5
0.000173866
0.0380581
0.07644580000000001
0.117755
0.163829
0.214688
0.26978800000000003
0.32846
0.39013200000000003
0.454212
0.520313
0.587995
0.6569860000000001
0.727012
0.797814
0.869223
0.941076
1.01471
1.087
1.15931
1.23159
1.3031
1.37521
1.44672
1.5182
1.58901
1.65961
1.7295399999999999
1.7989
1.86798
1.9362
2.00405
2.0709600000000004
2.13738
2.20289
2.26794
2.3319
2.3952999999999998
2.45766
2.51939
2.58006
2.63998
2.69882
2.75669
2.81387
2.8698
2.92492
2.97883
3.03191
3.08367
3.13452
3.1840900000000003
3.23264
3.27991
3.3260899999999998
3.371
3.4145999999999996
3.4571799999999997
3.49821
3.53807
3.5765
3.61375
3.64945
3.6838
3.71667
3.74813
3.77799
3.80646
3.8333500000000003
3.85872
3.88251
3.90483
3.9257299999999997
3.9451800000000006
3.9633100000000003
3.9801699999999998
3.99597
4.01077
4.024780000000001
4.038049999999999
4.050940000000001

Vgs: 8.0
0.00014506300000000002
0.0384106
0.077241
0.119161
0.166057
0.21795699999999998
0.274277
0.334379
0.397663
0.463479
0.531432
0.6011150000000001
0.672236
0.7444660000000001
0.817599
0.891423
0.96581
1.04208
1.11701
1.19209
1.26719
1.34156
1.4166999999999998
1.49128
1.56589
1.63991
1.71383
1.78709
1.85992
1.93254
2.0043
2.07588
2.1465400000000003
2.2168
2.28619
2.3552
2.42316
2.49073
2.5573200000000003
2.6233799999999996
2.68839
2.75281
2.81618
2.87868
2.9405400000000004
3.00133
3.0613900000000003
3.12028
3.17842
3.2353899999999998
3.2915900000000002
3.34653
3.40064
3.4535
3.5055099999999997
3.55626
3.6057900000000003
3.65443
3.70173
3.748
3.79292
3.83673
3.87921
3.9205300000000003
3.96041
3.99912
4.0363500000000005
4.0723
4.10679
4.13993
4.17159
4.20174
4.23046
4.25774
4.2836
4.307840000000001
4.33066
4.352
4.37203
4.39072
4.40821
