Vgs range: 0,8,0.5
Vds range: 0,8,0.1

Vgs: 0.0
0.000190489
0.0092453
0.0183433
0.0274669
0.0366417
0.0458555
0.0551064
0.06439260000000001
0.0737097
0.0830516
0.0924224
0.10182300000000001
0.111257
0.12071899999999999
0.13020400000000001
0.139719
0.149261
0.15881599999999998
0.16838899999999998
0.17798
0.187587
0.197122
0.206775
0.21640099999999998
0.226067
0.23571399999999998
0.24539100000000003
0.255041
0.264697
0.274385
0.28404199999999996
0.29373499999999997
0.303399
0.313084
0.322746
0.332446
0.342095
0.351784
0.361434
0.37111700000000003
0.380764
0.390443
0.400068
0.409692
0.419358
0.428975
0.438615
0.448224
0.457865
0.467457
0.477079
0.486651
0.49624599999999996
0.505807
0.51539
0.524934
0.534463
0.544021
0.553538
0.563071
0.572559
0.582066
0.591532
0.601024
0.610471
0.619949
0.629375
0.63883
0.6482330000000001
0.657645
0.667036
0.676412
0.685802
0.6951550000000001
0.7045159999999999
0.713821
0.723164
0.732445
0.7417279999999999
0.7509199999999999
0.7601910000000001

Vgs: 0.5
0.000199685
0.00966186
0.0188163
0.0279349
0.037110300000000006
0.046332000000000005
0.055593800000000006
0.0648762
0.07419830000000001
0.08353819999999999
0.09290810000000001
0.102311
0.11174200000000001
0.1212
0.13069
0.14020300000000002
0.149744
0.159307
0.168881
0.178477
0.188087
0.197625
0.207284
0.21691000000000002
0.226585
0.236235
0.24591400000000002
0.255574
0.265236
0.27492700000000003
0.284596
0.29429700000000003
0.303962
0.313662
0.32332900000000003
0.33303
0.342691
0.35239
0.36205299999999996
0.371744
0.381399
0.391081
0.400734
0.410372
0.42004800000000003
0.42968100000000004
0.43934300000000004
0.448971
0.45862
0.468225
0.47785900000000003
0.487452
0.497079
0.5066499999999999
0.516259
0.52583
0.535385
0.5449670000000001
0.5545100000000001
0.56408
0.5735920000000001
0.583134
0.5926450000000001
0.602165
0.611657
0.621157
0.6306229999999999
0.640113
0.649567
0.6590269999999999
0.668469
0.6778869999999999
0.687319
0.696708
0.706113
0.715487
0.72487
0.73421
0.743554
0.752866
0.762189

Vgs: 1.0
0.00018341900000000001
0.0168467
0.0321355
0.0458841
0.0581171
0.0689814
0.0788688
0.0882871
0.097594
0.106891
0.11620699999999999
0.125552
0.13492800000000002
0.14433800000000002
0.153777
0.163239
0.17273200000000002
0.182244
0.19177
0.201314
0.21087499999999998
0.220368
0.22998300000000002
0.239573
0.24920399999999998
0.258813
0.268455
0.278071
0.287698
0.297366
0.30700299999999997
0.31668100000000005
0.326321
0.335995
0.34563900000000003
0.355323
0.36496500000000004
0.374648
0.38428799999999996
0.393959
0.4036
0.413267
0.42290900000000003
0.432554
0.442222
0.45185000000000003
0.461498
0.47111800000000004
0.480778
0.490386
0.5000319999999999
0.509634
0.5192690000000001
0.528856
0.5384749999999999
0.5480529999999999
0.557628
0.5672200000000001
0.576766
0.586331
0.59588
0.605423
0.61495
0.62449
0.633988
0.64351
0.652977
0.662478
0.671928
0.6813840000000001
0.690824
0.700253
0.70968
0.7190709999999999
0.728491
0.7378439999999999
0.74721
0.756551
0.765906
0.775217
0.78453

Vgs: 1.5
0.000168521
0.0224938
0.0440314
0.0647488
0.0847932
0.10415400000000001
0.12261
0.13990000000000002
0.15579400000000002
0.170126
0.182859
0.194216
0.20461200000000002
0.21455000000000002
0.22433699999999998
0.234054
0.243754
0.25343499999999997
0.263118
0.272797
0.282478
0.292084
0.301788
0.311458
0.321172
0.33084800000000003
0.340563
0.35024299999999997
0.359932
0.369644
0.37931899999999996
0.38904
0.398715
0.408437
0.418127
0.427836
0.437508
0.447224
0.456901
0.46660799999999997
0.476277
0.485975
0.49564300000000006
0.5053
0.514994
0.5246419999999999
0.534323
0.543975
0.5536490000000001
0.563274
0.572935
0.582563
0.59221
0.601823
0.61146
0.621053
0.630645
0.6402639999999999
0.649852
0.65945
0.669026
0.6786179999999999
0.688164
0.6977329999999999
0.7072579999999999
0.716814
0.726324
0.7358560000000001
0.745361
0.754886
0.7643599999999999
0.7738200000000001
0.7832979999999999
0.79274
0.802204
0.811617
0.8210430000000001
0.83043
0.839839
0.849208
0.858602

Vgs: 2.0
0.000172483
0.0260909
0.0515247
0.076685
0.102033
0.12762400000000002
0.153255
0.178619
0.20339500000000002
0.22725299999999998
0.249964
0.271302
0.291088
0.30917500000000003
0.32547400000000004
0.33999300000000005
0.35287399999999997
0.364423
0.37515699999999996
0.385497
0.395681
0.40565399999999996
0.415695
0.425645
0.435606
0.445508
0.455429
0.465301
0.475156
0.48502700000000004
0.494856
0.5047159999999999
0.5145419999999999
0.524369
0.534162
0.544
0.553785
0.5635990000000001
0.573364
0.5831540000000001
0.5929009999999999
0.602689
0.6124379999999999
0.6221679999999999
0.63194
0.641668
0.6514220000000001
0.661141
0.670885
0.680585
0.690308
0.699993
0.709711
0.7194
0.729104
0.738784
0.748445
0.7581359999999999
0.767792
0.777466
0.787125
0.7968040000000001
0.806436
0.816106
0.8257450000000001
0.835404
0.845009
0.854674
0.864299
0.873942
0.88355
0.8931530000000001
0.902779
0.912373
0.921994
0.931591
0.9412
0.950762
0.960365
0.96992
0.979511

Vgs: 2.5
0.000146429
0.0285812
0.056728499999999994
0.0850447
0.114255
0.144471
0.17545000000000002
0.206829
0.238263
0.269404
0.29999699999999996
0.32982999999999996
0.358658
0.386308
0.41263900000000003
0.437478
0.46070900000000004
0.4822
0.5018689999999999
0.51968
0.535625
0.5496989999999999
0.562418
0.573975
0.5849559999999999
0.595583
0.6060730000000001
0.6164029999999999
0.626661
0.6369
0.6470389999999999
0.657173
0.6672279999999999
0.677298
0.687322
0.697342
0.707294
0.717281
0.7272160000000001
0.737161
0.747054
0.756973
0.766857
0.776701
0.786591
0.796419
0.8062870000000001
0.8160879999999999
0.825933
0.8357209999999999
0.845542
0.8553109999999999
0.865113
0.874872
0.8846630000000001
0.89441
0.90415
0.9139309999999999
0.923668
0.933427
0.943157
0.9529230000000001
0.962663
0.972422
0.982155
0.991907
1.00325
1.013
1.02278
1.0325600000000001
1.04235
1.05215
1.06193
1.07172
1.08155
1.09133
1.10118
1.1110200000000001
1.1208399999999998
1.13067
1.14056

Vgs: 3.0
0.000169962
0.030494800000000002
0.0606698
0.0914015
0.12363500000000001
0.157495
0.192681
0.22880399999999998
0.265497
0.302356
0.339148
0.375604
0.411515
0.446711
0.48100200000000004
0.514259
0.546355
0.577128
0.606484
0.634325
0.6605559999999999
0.684855
0.707659
0.728526
0.747579
0.764696
0.780067
0.793752
0.806176
0.817798
0.828894
0.8397870000000001
0.850472
0.8610650000000001
0.87151
0.8819319999999999
0.892246
0.902555
0.9127770000000001
0.9229820000000001
0.933121
0.9432750000000001
0.953334
0.9634039999999999
0.973473
0.9834830000000001
0.9935129999999999
1.00499
1.01497
1.0249300000000001
1.03491
1.0448300000000001
1.0547600000000001
1.0646
1.07449
1.08432
1.09419
1.10402
1.1138299999999999
1.12369
1.13347
1.14335
1.15315
1.1629500000000002
1.17275
1.18241
1.19226
1.2021499999999998
1.21196
1.22191
1.23176
1.24165
1.25159
1.26152
1.27143
1.28139
1.2914700000000001
1.3014599999999998
1.31156
1.32162
1.3317299999999999

Vgs: 3.5
0.000137774
0.0319543
0.06372059999999999
0.09641369999999999
0.131146
0.16802
0.20671599999999998
0.246776
0.28780500000000003
0.329409
0.371303
0.413222
0.45494399999999996
0.49626200000000004
0.537039
0.577106
0.616335
0.65461
0.6918230000000001
0.72786
0.762641
0.7957869999999999
0.827884
0.8583230000000001
0.8872920000000001
0.914488
0.940051
0.963737
0.9856019999999999
1.0071999999999999
1.02533
1.04176
1.05644
1.06975
1.08198
1.09369
1.10497
1.11604
1.12689
1.13769
1.14828
1.15888
1.1693
1.17973
1.19011
1.2004400000000002
1.21075
1.22095
1.2311500000000002
1.24126
1.25143
1.26154
1.2716100000000001
1.28162
1.29164
1.30161
1.31158
1.32154
1.33143
1.34138
1.3513
1.3612
1.3710499999999999
1.38095
1.39079
1.40072
1.41052
1.42043
1.43034
1.4402300000000001
1.45012
1.46
1.47002
1.48
1.4900200000000001
1.5000499999999999
1.51019
1.5202900000000001
1.5305099999999998
1.54075
1.5510000000000002

Vgs: 4.0
0.000164225
0.033204599999999994
0.0662838
0.100614
0.137437
0.176869
0.218537
0.26197200000000004
0.306729
0.35238
0.398624
0.44518599999999997
0.491833
0.5383490000000001
0.584577
0.63038
0.6756019999999999
0.7201380000000001
0.7638280000000001
0.8066329999999999
0.848478
0.888904
0.928635
0.966985
1.00567
1.04142
1.07585
1.10863
1.13991
1.1697199999999999
1.19769
1.22404
1.24863
1.27139
1.29224
1.31134
1.32854
1.34418
1.35829
1.37137
1.38354
1.3950799999999999
1.40649
1.41771
1.42878
1.43964
1.45048
1.46116
1.4718
1.48233
1.49284
1.50322
1.5135800000000001
1.52386
1.53413
1.5443099999999998
1.55448
1.56464
1.5747499999999999
1.5848399999999998
1.5949200000000001
1.60494
1.61492
1.62492
1.63487
1.64489
1.65478
1.66471
1.67458
1.68454
1.69443
1.70435
1.71433
1.72427
1.73428
1.74429
1.75431
1.76442
1.7746199999999999
1.78479
1.79507

Vgs: 4.5
0.00013781499999999998
0.0341891
0.0683795
0.104096
0.14273899999999998
0.184413
0.228686
0.275061
0.32308
0.372272
0.42234
0.47292900000000004
0.5238830000000001
0.5749350000000001
0.625903
0.676652
0.727055
0.776945
0.8262430000000001
0.8748509999999999
0.922694
0.969271
1.0169700000000002
1.06199
1.10611
1.14894
1.19075
1.23119
1.2703
1.30823
1.34465
1.37969
1.41317
1.44517
1.47545
1.50423
1.53115
1.55646
1.57993
1.60166
1.62151
1.63974
1.65619
1.67115
1.68488
1.69769
1.70993
1.72167
1.73319
1.74452
1.7556500000000002
1.7666
1.77753
1.7883
1.799
1.80962
1.8201
1.83065
1.84107
1.85147
1.86176
1.87203
1.88225
1.89242
1.9025400000000001
1.91272
1.92272
1.9327299999999998
1.9427699999999999
1.95275
1.9627199999999998
1.97269
1.9826700000000002
1.9925899999999999
2.0026100000000002
2.01255
2.02256
2.03253
2.04256
2.0526400000000002
2.0628

Vgs: 5.0
0.000153518
0.0350702
0.0701824
0.107125
0.147368
0.191
0.23758300000000002
0.286563
0.337468
0.38979400000000003
0.443229
0.49744299999999997
0.552186
0.607233
0.6623939999999999
0.717511
0.772455
0.827079
0.8812639999999999
0.9349179999999999
0.987988
1.04143
1.09322
1.1439899999999998
1.19405
1.24301
1.2910899999999998
1.3379699999999999
1.3838
1.42862
1.47209
1.51451
1.55548
1.5952799999999998
1.63357
1.67059
1.70605
1.74009
1.77253
1.80344
1.8326900000000002
1.86036
1.88621
1.91032
1.93283
1.9534600000000002
1.9723700000000002
1.9896699999999998
2.0055099999999997
2.0199599999999998
2.03344
2.0461099999999997
2.05836
2.0701899999999998
2.08178
2.0931499999999996
2.10433
2.11548
2.1264399999999997
2.1372999999999998
2.14801
2.1587199999999998
2.16933
2.1799
2.19032
2.20071
2.21101
2.2213100000000003
2.23151
2.2417499999999997
2.25189
2.26202
2.27209
2.28211
2.29216
2.30216
2.31217
2.32213
2.33216
2.34212
2.35213

Vgs: 5.5
0.000145764
0.0358025
0.0717428
0.109753
0.151423
0.196814
0.245465
0.29676600000000003
0.35023699999999997
0.405393
0.461847
0.519287
0.577429
0.63605
0.694956
0.7539969999999999
0.812998
0.871815
0.93035
0.988512
1.0476999999999999
1.10443
1.1611200000000002
1.21693
1.27217
1.32647
1.38007
1.4326
1.48423
1.53503
1.58461
1.63337
1.6808299999999998
1.72726
1.77242
1.8164500000000001
1.85914
1.90069
1.94075
1.97961
2.0168999999999997
2.05289
2.08727
2.12016
2.15154
2.18127
2.20949
2.23593
2.26078
2.2837899999999998
2.3052200000000003
2.32484
2.34299
2.35952
2.37483
2.3888999999999996
2.40218
2.4148400000000003
2.4270199999999997
2.43891
2.45052
2.46198
2.47323
2.48442
2.4954199999999997
2.50636
2.51709
2.52785
2.53846
2.5490299999999997
2.5594799999999998
2.5698600000000003
2.5802300000000002
2.59048
2.60075
2.61094
2.6210999999999998
2.6311
2.64121
2.6512100000000003
2.66124

Vgs: 6.0
0.000147767
0.0364573
0.0730998
0.112063
0.154994
0.201953
0.252438
0.305873
0.36167000000000005
0.419371
0.47855800000000004
0.538911
0.600144
0.6620079999999999
0.724296
0.786826
0.849481
0.9120779999999999
0.97453
1.0382799999999999
1.1001400000000001
1.1610800000000001
1.22222
1.28251
1.34243
1.40144
1.46001
1.51751
1.57428
1.6303800000000002
1.68535
1.73964
1.79276
1.8450300000000002
1.89611
1.94632
1.99526
2.04324
2.0899
2.13555
2.1797600000000004
2.22287
2.26458
2.30493
2.3441199999999998
2.38177
2.41811
2.45284
2.48622
2.5179899999999997
2.5482199999999997
2.57679
2.60385
2.62921
2.65291
2.6749199999999997
2.69527
2.71419
2.73151
2.7475300000000002
2.7623
2.77623
2.78932
2.8019
2.81411
2.82598
2.83759
2.84906
2.86035
2.8714999999999997
2.88248
2.8933999999999997
2.90422
2.91494
2.92558
2.93613
2.9466200000000002
2.957
2.96727
2.97751
2.98775

Vgs: 6.5
0.000152053
0.037039
0.0743106
0.114095
0.158171
0.206537
0.258696
0.314007
0.37195300000000003
0.431947
0.493632
0.556622
0.6206430000000001
0.685442
0.7508
0.816547
0.8825219999999999
0.948553
1.01599
1.08186
1.14751
1.21228
1.27742
1.34177
1.4059000000000001
1.46922
1.53217
1.59414
1.65556
1.7163899999999999
1.77615
1.83538
1.8936199999999999
1.95103
2.00744
2.0631
2.11755
2.17123
2.2237099999999996
2.27521
2.3255
2.37486
2.42294
2.46988
2.51575
2.5602400000000003
2.6036200000000003
2.64555
2.68633
2.7256099999999996
2.7636499999999997
2.80018
2.8353900000000003
2.86903
2.9012700000000002
2.93188
2.96088
2.98841
3.01426
3.03858
3.06122
3.0822800000000004
3.1017699999999997
3.1198799999999998
3.13658
3.15212
3.16658
3.18025
3.19325
3.20581
3.2179
3.22981
3.24149
3.25292
3.26422
3.27533
3.2863800000000003
3.29727
3.3080499999999997
3.31868
3.32928

Vgs: 7.0
0.00013549500000000002
0.0375177
0.0753542
0.11591000000000001
0.161003
0.210651
0.264316
0.321354
0.38121299999999997
0.443318
0.507222
0.572627
0.639177
0.706654
0.7748320000000001
0.843485
0.912462
0.9816020000000001
1.0523399999999998
1.12151
1.19055
1.25875
1.3274599999999999
1.39551
1.46341
1.5305900000000001
1.59749
1.66357
1.7291400000000001
1.79417
1.85831
1.9220000000000002
1.98475
2.04679
2.10794
2.16846
2.2278100000000003
2.28654
2.34418
2.40099
2.45668
2.51159
2.56527
2.61788
2.6696799999999996
2.72016
2.76969
2.81787
2.86511
2.91091
2.95571
2.9991499999999998
3.04142
3.08224
3.1218399999999997
3.15999
3.1966799999999997
3.2322100000000002
3.26611
3.29864
3.3295999999999997
3.35913
3.38699
3.41336
3.43816
3.46134
3.48293
3.50316
3.52181
3.53921
3.55534
3.57041
3.5846
3.59801
3.61094
3.6233400000000002
3.63549
3.6473
3.65893
3.67035
3.6816

Vgs: 7.5
0.00016103599999999998
0.0380056
0.0763415
0.11758400000000001
0.163582
0.21437299999999998
0.269403
0.327993
0.38956999999999997
0.453597
0.519568
0.587159
0.656043
0.725959
0.7966409999999999
0.8679370000000001
0.9396829999999999
1.01326
1.0854300000000001
1.15764
1.22977
1.30119
1.3732099999999998
1.44461
1.5159399999999998
1.58666
1.65713
1.7268999999999999
1.79619
1.8651200000000001
1.93321
2.0009200000000003
2.06771
2.134
2.19942
2.2643199999999997
2.32813
2.39147
2.45369
2.5153100000000004
2.5758199999999998
2.63562
2.6943599999999996
2.75216
2.8092
2.86505
2.91999
2.97382
3.02679
3.07842
3.1291499999999997
3.1785799999999997
3.22704
3.27418
3.3202700000000003
3.36504
3.40856
3.4509499999999997
3.4919399999999996
3.53169
3.57007
3.60713
3.64273
3.67709
3.7098299999999997
3.74119
3.7709
3.79927
3.8260199999999998
3.8513100000000002
3.8749700000000002
3.89714
3.9179399999999998
3.93727
3.9553499999999997
3.97204
3.9878200000000006
4.00256
4.0164800000000005
4.029719999999999
4.042470000000001

Vgs: 8.0
0.00012982300000000002
0.0383522
0.0771096
0.118998
0.165819
0.21765900000000002
0.273918
0.333919
0.397094
0.462846
0.530724
0.600318
0.6713319999999999
0.7434769999999999
0.816513
0.8902279999999999
0.964481
1.0406499999999999
1.11552
1.1905
1.26545
1.33975
1.41472
1.48922
1.5637100000000002
1.63763
1.71139
1.78449
1.8572300000000002
1.92968
2.00138
2.0727900000000004
2.14335
2.2135100000000003
2.2828000000000004
2.3516700000000004
2.41955
2.48701
2.55346
2.61941
2.6843000000000004
2.7486300000000004
2.8119199999999998
2.8743000000000003
2.93605
2.99668
3.0565700000000002
3.1153399999999998
3.17345
3.2302899999999997
3.28633
3.34119
3.39522
3.44794
3.4998199999999997
3.55041
3.5998699999999997
3.6484
3.69558
3.74169
3.78651
3.83024
3.87258
3.9137699999999995
3.95357
3.9921599999999997
4.02926
4.065110000000001
4.0995
4.1325199999999995
4.16405
4.19411
4.22279
4.2499
4.27559
4.2997
4.32248
4.3437600000000005
4.3637
4.38223
4.3996699999999995
