Vgs range: 0,8,0.5
Vds range: 0,8,0.1

Vgs: 0.0
0.000216347
0.009411689999999999
0.0186762
0.027964199999999998
0.0373027
0.046678899999999995
0.056095099999999995
0.065541
0.0750253
0.0845323
0.0940743
0.103638
0.113243
0.12287999999999999
0.13254
0.142231
0.151946
0.161682
0.171435
0.181206
0.19099000000000002
0.200705
0.210536
0.220336
0.23018100000000002
0.239996
0.249851
0.25966900000000004
0.269499
0.279364
0.28918699999999997
0.29906000000000005
0.308894
0.318747
0.32857200000000003
0.338431
0.348251
0.35810600000000004
0.367922
0.377768
0.387566
0.397401
0.407206
0.416985
0.426802
0.436584
0.446389
0.45614899999999997
0.465937
0.47567600000000004
0.48544400000000004
0.49517300000000003
0.504841
0.514546
0.5242870000000001
0.533972
0.543647
0.553357
0.563012
0.572684
0.582228
0.591899
0.60152
0.61115
0.620739
0.630344
0.6399119999999999
0.649499
0.659058
0.668612
0.678136
0.687642
0.697155
0.70664
0.716141
0.7255980000000001
0.735054
0.7444609999999999
0.753904
0.763298
0.7727120000000001

Vgs: 0.5
0.000222751
0.009787849999999999
0.019031100000000002
0.028277200000000002
0.0375528
0.0468946
0.0562579
0.0656631
0.0750988
0.0845568
0.0940474
0.103567
0.113122
0.122707
0.132321
0.14196799999999998
0.151639
0.161328
0.171041
0.18076799999999998
0.190516
0.200192
0.209988
0.219752
0.229567
0.239347
0.249171
0.258962
0.26875899999999997
0.27859500000000004
0.288393
0.29823700000000003
0.30804299999999996
0.317878
0.327685
0.33752800000000005
0.347325
0.357165
0.36696100000000004
0.37679100000000004
0.386577
0.396401
0.40618499999999996
0.415966
0.425772
0.435536
0.44533
0.45508899999999997
0.464878
0.474623
0.484396
0.494128
0.5038860000000001
0.5136010000000001
0.5233380000000001
0.533038
0.542727
0.552451
0.562126
0.5718080000000001
0.581468
0.591159
0.600787
0.6104529999999999
0.620076
0.629717
0.639312
0.648932
0.65852
0.668102
0.6776669999999999
0.6872199999999999
0.6967810000000001
0.706309
0.71585
0.7253440000000001
0.734858
0.744323
0.753803
0.76324
0.7726970000000001

Vgs: 1.0
0.00019903500000000002
0.0169132
0.032252699999999995
0.046067699999999996
0.0583721
0.0693188
0.0792878
0.0887984
0.0981989
0.10759700000000001
0.11701
0.126461
0.135947
0.145462
0.155009
0.164586
0.17418699999999998
0.183811
0.193454
0.203115
0.21279299999999998
0.22241
0.23213899999999998
0.24183200000000002
0.251585
0.26130800000000004
0.27107200000000004
0.28081100000000003
0.29056299999999996
0.300348
0.310099
0.31988999999999995
0.329662
0.339463
0.349233
0.359035
0.368798
0.378594
0.388359
0.398172
0.407936
0.41773
0.427491
0.437233
0.447019
0.456777
0.466555
0.476306
0.486087
0.495812
0.505578
0.5152979999999999
0.525048
0.534764
0.544511
0.55421
0.5638989999999999
0.573619
0.583298
0.5929960000000001
0.602654
0.612328
0.6219640000000001
0.631638
0.64125
0.650892
0.6604869999999999
0.670119
0.679702
0.689295
0.6988489999999999
0.708398
0.717967
0.7274809999999999
0.737011
0.746507
0.756
0.765459
0.774922
0.784357
0.793815

Vgs: 1.5
0.000185357
0.022545199999999998
0.0441365
0.06490330000000001
0.0850095
0.10442000000000001
0.122927
0.140285
0.156253
0.17064900000000002
0.18346300000000001
0.194903
0.20538800000000001
0.215419
0.225291
0.235114
0.24490599999999998
0.254691
0.264462
0.274249
0.28402700000000003
0.293744
0.30355699999999997
0.313331
0.32314000000000004
0.332926
0.342746
0.352528
0.36232400000000003
0.372152
0.381932
0.39177199999999995
0.401559
0.41139
0.421186
0.43101100000000003
0.440801
0.45062599999999997
0.460404
0.470228
0.480007
0.48982500000000007
0.49960499999999997
0.5093749999999999
0.519184
0.528946
0.538731
0.548489
0.5582900000000001
0.568037
0.577811
0.587547
0.5973229999999999
0.6070519999999999
0.616805
0.62653
0.636231
0.64597
0.655656
0.6653819999999999
0.675053
0.684764
0.6944400000000001
0.7041200000000001
0.713769
0.7234379999999999
0.73306
0.742713
0.752331
0.7619560000000001
0.7715559999999999
0.7811279999999999
0.790718
0.800279
0.8098489999999999
0.819376
0.828933
0.838457
0.847969
0.857449
0.8669469999999999

Vgs: 2.0
0.000186643
0.026143
0.0516276
0.0768399
0.102248
0.12789999999999999
0.153578
0.178995
0.203832
0.22777
0.250546
0.27195600000000003
0.291808
0.309971
0.326344
0.34094
0.353896
0.365542
0.376373
0.386802
0.397068
0.40715199999999996
0.417282
0.42734099999999997
0.43739300000000003
0.447391
0.457407
0.467374
0.47732800000000003
0.487307
0.49723599999999996
0.507205
0.517132
0.527075
0.536969
0.546914
0.5567979999999999
0.566707
0.576595
0.586491
0.596348
0.606252
0.616107
0.6259440000000001
0.635827
0.645657
0.6555070000000001
0.665335
0.6751870000000001
0.684994
0.694828
0.704628
0.7144579999999999
0.724233
0.734052
0.743827
0.753605
0.763413
0.773178
0.782953
0.792707
0.802504
0.812242
0.822025
0.831749
0.841516
0.851254
0.861009
0.870731
0.880474
0.890196
0.899918
0.9096329999999999
0.919322
0.9290569999999999
0.938734
0.948446
0.958118
0.967821
0.977481
0.987168

Vgs: 2.5
0.000164159
0.028643
0.056842300000000005
0.0852192
0.114481
0.144763
0.175791
0.207221
0.238729
0.26993999999999996
0.300609
0.3305
0.359414
0.38714899999999997
0.413538
0.438459
0.46176700000000004
0.483349
0.50311
0.521006
0.537034
0.5512060000000001
0.5640219999999999
0.57568
0.586741
0.597459
0.608033
0.618471
0.6288100000000001
0.639122
0.64935
0.659587
0.66975
0.679921
0.6900390000000001
0.700153
0.7102229999999999
0.7203080000000001
0.7303369999999999
0.7403820000000001
0.7503759999999999
0.760401
0.7703779999999999
0.78033
0.790337
0.80026
0.810229
0.820145
0.830087
0.839987
0.8499169999999999
0.859802
0.869721
0.8795609999999999
0.8894610000000001
0.899319
0.909164
0.919052
0.928888
0.938744
0.948592
0.958442
0.968275
0.978144
0.987978
0.9978420000000001
1.0092700000000001
1.01917
1.02906
1.03895
1.04882
1.0586499999999999
1.06859
1.0785
1.0884200000000002
1.0982800000000001
1.1082100000000001
1.1180700000000001
1.1280299999999999
1.1379700000000001
1.14793

Vgs: 3.0
0.00018159
0.030558300000000004
0.0607806
0.0915714
0.12387300000000001
0.15778299999999998
0.193039
0.22922700000000001
0.265978
0.30292300000000005
0.33977399999999996
0.376324
0.412322
0.44757800000000003
0.48195699999999997
0.515287
0.547468
0.578341
0.6077889999999999
0.635726
0.662041
0.6864370000000001
0.7093480000000001
0.7303019999999999
0.749473
0.766695
0.78217
0.795964
0.8084830000000001
0.820195
0.8313969999999999
0.842375
0.853153
0.863832
0.874386
0.884902
0.895311
0.905693
0.916007
0.92632
0.936557
0.9468070000000001
0.956969
0.9671219999999999
0.9772850000000001
0.9873869999999999
0.997499
1.00919
1.0192599999999998
1.02935
1.03938
1.04941
1.05945
1.06936
1.07934
1.08931
1.09924
1.10918
1.11907
1.12904
1.13895
1.1489200000000002
1.15883
1.1687500000000002
1.1786699999999999
1.18859
1.19848
1.20842
1.21838
1.22837
1.23831
1.24826
1.2583099999999998
1.2683099999999998
1.27838
1.28845
1.29854
1.3086300000000002
1.31882
1.32899
1.33921

Vgs: 3.5
0.00015806700000000002
0.0320067
0.0638313
0.09659229999999999
0.131376
0.16831300000000002
0.207085
0.24721999999999997
0.288315
0.329996
0.371966
0.41396299999999997
0.45576500000000003
0.49717900000000004
0.538038
0.578202
0.6175430000000001
0.6558999999999999
0.693203
0.7293510000000001
0.7642140000000001
0.797458
0.8296399999999999
0.860189
0.889251
0.9165589999999999
0.942233
0.966032
0.987994
1.0097800000000001
1.02806
1.04455
1.0593899999999998
1.07284
1.0851700000000002
1.09697
1.10833
1.1195000000000002
1.1304500000000002
1.14131
1.15201
1.16268
1.17326
1.18373
1.1941899999999999
1.20461
1.21504
1.2253399999999999
1.23563
1.24586
1.2560900000000002
1.26623
1.2764
1.2865199999999999
1.2966900000000001
1.30675
1.3168
1.3268799999999998
1.3369199999999999
1.3469300000000002
1.35691
1.36694
1.37685
1.38683
1.3967999999999998
1.40683
1.4167699999999999
1.42674
1.43672
1.44672
1.45669
1.4667000000000001
1.4767599999999999
1.48685
1.4969700000000001
1.50707
1.51728
1.52746
1.5377399999999999
1.54796
1.55832

Vgs: 4.0
0.000182981
0.0332659
0.06640589999999999
0.100789
0.137685
0.177182
0.218934
0.262436
0.30725199999999997
0.352983
0.399313
0.44595700000000005
0.49269500000000005
0.5393060000000001
0.5856429999999999
0.6315430000000001
0.676875
0.721499
0.765312
0.808242
0.8501770000000001
0.890679
0.9305169999999999
0.968969
1.0079200000000001
1.0437400000000001
1.0782800000000001
1.11117
1.14259
1.17245
1.20057
1.22709
1.25169
1.27458
1.29558
1.31479
1.33216
1.34789
1.36213
1.37529
1.38756
1.3993600000000002
1.41086
1.4221
1.43322
1.4442000000000002
1.4551
1.4658200000000001
1.47655
1.48712
1.4977099999999999
1.5082
1.51869
1.52906
1.53944
1.54973
1.5599699999999999
1.57024
1.58042
1.5906399999999998
1.60074
1.61088
1.62094
1.63103
1.64109
1.65113
1.66113
1.67119
1.68118
1.69122
1.70126
1.7112500000000002
1.7213
1.73134
1.7414399999999999
1.75153
1.76169
1.77184
1.7820799999999999
1.79235
1.8026900000000001

Vgs: 4.5
0.00015391
0.0342477
0.0684906
0.104293
0.143019
0.184763
0.229131
0.275566
0.323658
0.37293
0.423087
0.473805
0.5248339999999999
0.57599
0.6270530000000001
0.677911
0.7284309999999999
0.778418
0.8278409999999999
0.876565
0.924516
0.9711960000000001
1.0191
1.0642900000000002
1.10849
1.15143
1.19337
1.2338900000000002
1.2731400000000002
1.31116
1.34765
1.3828
1.41638
1.44848
1.47894
1.50783
1.53488
1.5602800000000001
1.5838700000000001
1.60571
1.62571
1.6439899999999998
1.6605299999999998
1.67562
1.6895
1.70239
1.71468
1.72656
1.73818
1.74956
1.76081
1.77187
1.78287
1.79373
1.80453
1.81521
1.82588
1.8364099999999999
1.84691
1.8574
1.86777
1.87813
1.88844
1.89879
1.90899
1.9191900000000002
1.92933
1.9395
1.94957
1.95965
1.9697400000000003
1.9797999999999998
1.98984
1.9998799999999999
2.00995
2.02
2.0300499999999997
2.04013
2.05025
2.0604400000000003
2.0707

Vgs: 5.0
0.000166647
0.0351326
0.0703006
0.10730600000000001
0.147627
0.191336
0.23800000000000002
0.287056
0.338035
0.390478
0.44397000000000003
0.498292
0.5531480000000001
0.608283
0.663541
0.718792
0.7738419999999999
0.828563
0.882849
0.9366319999999999
0.989827
1.0434299999999999
1.09534
1.14623
1.19637
1.24546
1.29368
1.3406900000000002
1.38661
1.43152
1.47516
1.51769
1.55879
1.5986799999999999
1.63711
1.6742599999999999
1.7097900000000001
1.74399
1.77651
1.8076100000000002
1.83694
1.8647399999999998
1.8907699999999998
1.9150099999999999
1.93761
1.95831
1.97746
1.9948700000000001
2.0108
2.0254000000000003
2.03898
2.05182
2.06412
2.07603
2.08771
2.0991500000000003
2.1104499999999997
2.1216500000000003
2.13263
2.1435299999999997
2.1544
2.1652
2.17585
2.18653
2.19698
2.20753
2.21793
2.22831
2.23859
2.24891
2.2591400000000004
2.2692799999999997
2.27947
2.28959
2.2997400000000003
2.30977
2.31989
2.32994
2.34002
2.35007
2.36017

Vgs: 5.5
0.000156063
0.0358671
0.07185659999999999
0.109942
0.15168399999999999
0.197153
0.24586299999999997
0.297259
0.350814
0.40606000000000003
0.46260799999999996
0.520145
0.578411
0.6371600000000001
0.696162
0.755307
0.8144250000000001
0.87336
0.932014
0.9902839999999999
1.0496800000000002
1.10647
1.1633399999999998
1.2192500000000002
1.2746700000000002
1.32904
1.38278
1.43544
1.4872100000000001
1.53816
1.58786
1.6367
1.6842599999999999
1.73083
1.7760600000000002
1.8203
1.86308
1.90472
1.94488
1.9838799999999999
2.0213200000000002
2.05742
2.09199
2.12493
2.15652
2.18634
2.2146399999999997
2.24118
2.26619
2.2893499999999998
2.3109200000000003
2.33073
2.34894
2.36564
2.38101
2.3952600000000004
2.40859
2.42135
2.4336
2.44562
2.45736
2.46886
2.4801900000000003
2.4914099999999997
2.50246
2.51344
2.5243100000000003
2.53514
2.54581
2.5565
2.56703
2.57748
2.58791
2.59829
2.60866
2.61886
2.6291499999999997
2.6393
2.6494600000000004
2.6595500000000003
2.6696799999999996

Vgs: 6.0
0.000158902
0.0365129
0.07323450000000001
0.112247
0.155258
0.20230700000000001
0.25288
0.306384
0.362291
0.420068
0.479379
0.5398379999999999
0.601193
0.6631509999999999
0.725532
0.7881830000000001
0.8509869999999999
0.913709
0.976249
1.0402
1.10219
1.16325
1.2244899999999999
1.2849199999999998
1.34494
1.4041
1.46273
1.5204199999999999
1.5773
1.63349
1.68856
1.7429999999999999
1.7962
1.84861
1.89987
1.95017
1.9992299999999998
2.04735
2.09413
2.1399
2.1842799999999998
2.2275099999999997
2.2693499999999998
2.3098
2.34912
2.38691
2.4233599999999997
2.4582599999999997
2.49175
2.52363
2.55403
2.58275
2.60998
2.6354
2.65928
2.6814
2.70189
2.7208699999999997
2.7383300000000004
2.75442
2.7693399999999997
2.78334
2.79655
2.80927
2.82153
2.8335399999999997
2.84521
2.8568000000000002
2.86817
2.87945
2.89052
2.9015
2.91238
2.92311
2.93385
2.94445
2.95498
2.96545
2.97584
2.98619
2.99643

Vgs: 6.5
0.000161206
0.0370969
0.0744434
0.114325
0.15845
0.20691199999999998
0.25917399999999996
0.314557
0.37257399999999996
0.432672
0.494426
0.557545
0.62168
0.686591
0.752058
0.817912
0.8840159999999999
0.95017
1.01786
1.0838700000000001
1.14964
1.2144899999999998
1.27969
1.34421
1.40844
1.47189
1.5349300000000001
1.5971
1.65855
1.7195500000000001
1.77945
1.83882
1.8971500000000001
1.95473
2.0112099999999997
2.06705
2.1216500000000003
2.17544
2.22804
2.2797199999999997
2.33014
2.37966
2.42786
2.47487
2.5209099999999998
2.56555
2.60903
2.6511299999999998
2.6920300000000004
2.73139
2.76957
2.8062199999999997
2.84159
2.87531
2.90766
2.93837
2.9675499999999997
2.99526
3.02121
3.04565
3.06838
3.08961
3.10922
3.1274599999999997
3.14424
3.15993
3.17446
3.18824
3.2013800000000003
3.2140400000000002
3.22626
3.23818
3.24994
3.2614900000000002
3.2728599999999997
3.28407
3.29487
3.30588
3.31674
3.32747
3.3382300000000003

Vgs: 7.0
0.000142235
0.0375671
0.07545890000000001
0.116094
0.161246
0.21098499999999998
0.264727
0.32186600000000004
0.381795
0.44399
0.508009
0.573508
0.640176
0.707766
0.7760440000000001
0.844795
0.913898
0.9831849999999999
1.05409
1.1233899999999999
1.19258
1.26091
1.32975
1.39792
1.4659600000000002
1.53324
1.60026
1.66648
1.73213
1.7973299999999999
1.86162
1.92548
1.98834
2.05056
2.11177
2.17246
2.23198
2.29083
2.34855
2.4055299999999997
2.46136
2.51643
2.57022
2.6229500000000003
2.6748700000000003
2.72552
2.77514
2.82351
2.8708
2.9168100000000003
2.96175
3.00527
3.04767
3.08859
3.1283499999999997
3.1666
3.2035
3.2391
3.2731700000000004
3.30578
3.33685
3.3664799999999997
3.3944900000000002
3.42103
3.4458800000000003
3.4692600000000002
3.49098
3.51134
3.5301899999999997
3.54771
3.5639600000000002
3.5791999999999997
3.59348
3.60699
3.6200799999999997
3.63257
3.64475
3.65664
3.66831
3.67979
3.69112

Vgs: 7.5
0.000167504
0.0380587
0.0764562
0.11775899999999999
0.163847
0.21471099999999999
0.269843
0.328503
0.39019800000000004
0.45428
0.520363
0.588067
0.6570779999999999
0.7270939999999999
0.7979210000000001
0.869341
0.9412010000000001
1.01487
1.08717
1.15953
1.23181
1.30332
1.37541
1.44695
1.5184499999999999
1.5892899999999999
1.65998
1.72985
1.7992100000000002
1.86827
1.9364899999999998
2.00439
2.07133
2.1377599999999997
2.20331
2.2683400000000002
2.33229
2.39575
2.4581500000000003
2.51985
2.5805
2.6405
2.6993199999999997
2.75725
2.81443
2.87038
2.9254900000000004
2.97943
3.03244
3.08424
3.13509
3.18468
3.23329
3.2805299999999997
3.3268199999999997
3.37174
3.41504
3.45766
3.4987999999999997
3.5387
3.57715
3.61438
3.6501200000000003
3.68454
3.71746
3.74893
3.7788399999999998
3.80733
3.8342
3.85959
3.88346
3.90576
3.9267
3.9461699999999995
3.9643400000000004
3.9812399999999997
3.99709
4.0118599999999995
4.02591
4.03925
4.052079999999999

Vgs: 8.0
0.00014294499999999998
0.038411600000000004
0.0772538
0.119181
0.166081
0.217987
0.274333
0.334446
0.39775900000000003
0.463573
0.531536
0.6012320000000001
0.672365
0.7446170000000001
0.8177749999999999
0.891595
0.965982
1.0422
1.11721
1.19231
1.2674400000000001
1.34181
1.41696
1.49155
1.56613
1.6402299999999999
1.7141899999999999
1.78748
1.86029
1.9329399999999999
2.0047200000000003
2.07627
2.14692
2.2172
2.28665
2.35568
2.42373
2.4912799999999997
2.55787
2.62391
2.68896
2.7533700000000003
2.81672
2.87928
2.94114
3.0019
3.06195
3.12086
3.1790299999999996
3.2360599999999997
3.2922
3.34726
3.40132
3.4542
3.5062100000000003
3.55695
3.6065400000000003
3.65521
3.70251
3.74876
3.7936900000000002
3.83759
3.88003
3.9214100000000003
3.9612400000000005
3.9999500000000006
4.03725
4.07325
4.107740000000001
4.140890000000001
4.17253
4.20271
4.2315
4.25875
4.28458
4.3088299999999995
4.331729999999999
4.353090000000001
4.37318
4.39187
4.40935
