Vgs range: 0,8,0.5
Vds range: 0,8,0.1

Vgs: 0.0
-7.45001e-07
8.1118e-05
0.00037881199999999996
0.000504713
0.0006012459999999999
0.000692456
0.000779363
0.000862386
0.000941003
0.00102505
0.00110468
0.0011873
0.00126863
0.00135371
0.00143562
0.00151939
0.00161005
0.00170398
0.00179462
0.0018829
0.00197233
0.00206858
0.00216035
0.0022546399999999996
0.0023584300000000003
0.00245651
0.0025559099999999998
0.0026563100000000003
0.00275602
0.00284855
0.0029692
0.00307368
0.00317578
0.0032727399999999997
0.00337019
0.0034849599999999996
0.0036008
0.0037086800000000002
0.0038166400000000005
0.00392734
0.0040377600000000005
0.0041535
0.0042607700000000005
0.00438049
0.004491879999999999
0.00459792
0.0047117899999999996
0.00481295
0.00494213
0.00505326
0.00516997
0.00528866
0.00539693
0.00552123
0.00563134
0.00576375
0.00588182
0.0059868
0.0061158900000000006
0.00623532
0.00635843
0.006479100000000001
0.00659913
0.00671775
0.00684344
0.00697127
0.00707748
0.00719923
0.00733094
0.00745112
0.00756629
0.0076865100000000006
0.00781565
0.00793671
0.008062370000000001
0.0081916
0.0083159
0.0084472
0.00856406
0.00868852
0.00882072

Vgs: 0.5
-8.01259e-07
0.00032462400000000003
0.000520595
0.000659987
0.000767981
0.000867349
0.0009621990000000001
0.0010539899999999999
0.00114304
0.00123417
0.00132211
0.00141092
0.00150242
0.00159425
0.00168841
0.0017794
0.00187301
0.00197421
0.00207144
0.002168
0.00227086
0.0023718
0.0024735399999999998
0.00257706
0.00267819
0.00279183
0.00289887
0.0030138599999999997
0.00311872
0.0032326000000000004
0.0033486500000000003
0.00345281
0.00356849
0.0036813799999999997
0.00379913
0.00390773
0.0040379199999999995
0.00414656
0.00426503
0.0043852
0.00450586
0.0046218299999999995
0.00473119
0.00485777
0.00498482
0.00510167
0.00523214
0.00535428
0.00546753
0.0056087
0.00572427
0.005874030000000001
0.0059798099999999995
0.0061083100000000005
0.00623864
0.00636746
0.0064976999999999995
0.00662666
0.00675129
0.00688111
0.00701342
0.0071434
0.00725984
0.00739303
0.00754243
0.0076631600000000005
0.00779455
0.00792833
0.00806611
0.008203199999999999
0.00833656
0.00847904
0.008599760000000001
0.008759079999999999
0.00890315
0.009029210000000001
0.0091646
0.00931353
0.00945899
0.00959725
0.009732530000000001

Vgs: 1.0
-7.63051e-07
0.00431272
0.0074811
0.00951678
0.0107115
0.011316699999999999
0.0116649
0.0119608
0.012232000000000002
0.012479200000000001
0.0127228
0.0129707
0.0132376
0.0134441
0.013678399999999999
0.013912
0.0141454
0.0143611
0.014590899999999999
0.014800800000000001
0.0150129
0.0152363
0.0154581
0.0156704
0.0158658
0.0160544
0.0162945
0.016493400000000002
0.016713400000000003
0.0169065
0.017122500000000002
0.0173359
0.0175317
0.017750000000000002
0.017946300000000002
0.0181715
0.0183549
0.0185668
0.0187804
0.0189893
0.019183
0.0194038
0.0196006
0.019794
0.020006000000000003
0.0202224
0.0203977
0.0206429
0.020855099999999998
0.0210589
0.021250099999999997
0.021481300000000002
0.0216881
0.021903500000000003
0.0221026
0.0223318
0.0225327
0.022743199999999998
0.0229612
0.023186599999999998
0.023413899999999998
0.0236285
0.023839700000000002
0.0240585
0.0243024
0.0245206
0.0247676
0.024993900000000003
0.0252081
0.0254358
0.0256594
0.025906099999999998
0.026090099999999998
0.0263621
0.026612
0.026857799999999998
0.027104200000000002
0.0273505
0.0275707
0.0278412
0.0280819

Vgs: 1.5
-7.71656e-07
0.00933189
0.017729099999999998
0.0251064
0.0314563
0.036718799999999996
0.040899000000000005
0.044072
0.0463076
0.0477939
0.0487224
0.0494146
0.0499898
0.0504769
0.0509695
0.051443699999999995
0.0518837
0.0522964
0.0526967
0.053153
0.0535395
0.053897499999999994
0.0542469
0.054659400000000004
0.055009
0.0553794
0.0557206
0.0560638
0.0564184
0.0568003
0.057111
0.0574512
0.0577622
0.0581179
0.058428799999999996
0.058756499999999996
0.0590948
0.059422300000000004
0.059769199999999995
0.0600794
0.060398900000000005
0.0607374
0.0610262
0.061360700000000004
0.0616786
0.0620089
0.0623413
0.0626623
0.0630025
0.0633291
0.063666
0.06397069999999999
0.0643031
0.0646612
0.0650099
0.06533399999999999
0.0656666
0.0660292
0.06637489999999999
0.0667357
0.0670978
0.067468
0.06785519999999999
0.0682252
0.0686219
0.0690038
0.06938760000000001
0.0697776
0.07020180000000001
0.07061740000000001
0.0710316
0.0714619
0.07190379999999999
0.0723526
0.07277170000000001
0.07319969999999999
0.0736627
0.07415479999999999
0.0746228
0.0751094
0.0755759

Vgs: 2.0
-8.09639e-07
0.0131857
0.0256527
0.0373101
0.0481573
0.0581786
0.0673391
0.0756048
0.0829405
0.0893873
0.0948007
0.0992632
0.10273299999999999
0.105376
0.107265
0.10861699999999999
0.109607
0.110413
0.111152
0.111816
0.112519
0.113107
0.1137
0.114276
0.114838
0.115389
0.11594
0.11644399999999999
0.116961
0.117445
0.11794
0.118454
0.11893999999999999
0.119378
0.11984299999999999
0.120315
0.120807
0.121233
0.121723
0.12216300000000001
0.122592
0.123017
0.12349
0.1239
0.12436399999999999
0.12478500000000001
0.125244
0.125692
0.12611999999999998
0.126576
0.126971
0.127475
0.127925
0.12839399999999998
0.12884199999999998
0.12932300000000002
0.12979500000000002
0.130295
0.130808
0.131313
0.131856
0.132412
0.13299000000000002
0.133561
0.134138
0.134738
0.135368
0.135993
0.136618
0.137276
0.13796
0.138688
0.13936199999999999
0.14009
0.140822
0.141591
0.14239
0.143141
0.143933
0.144762
0.145598

Vgs: 2.5
-8.05639e-07
0.016241
0.0318882
0.046869
0.061200199999999996
0.07488589999999999
0.0879694
0.100334
0.112012
0.122991
0.133139
0.142496
0.150966
0.15856900000000002
0.165224
0.17091900000000002
0.175654
0.179443
0.182461
0.18470699999999998
0.186358
0.187643
0.185646
0.189728
0.19059099999999998
0.191464
0.192244
0.193054
0.1938
0.194524
0.195252
0.19589499999999999
0.19659100000000002
0.197242
0.19789600000000002
0.198579
0.199235
0.199833
0.200408
0.201027
0.201608
0.202184
0.202765
0.203351
0.20394900000000002
0.204542
0.205042
0.20561200000000002
0.206156
0.206712
0.207256
0.20783600000000002
0.208429
0.209061
0.196004
0.21022200000000002
0.21081999999999998
0.211427
0.212089
0.212725
0.21335099999999999
0.214045
0.214773
0.215482
0.216237
0.217039
0.217836
0.21868300000000002
0.219527
0.220454
0.221381
0.222335
0.223357
0.224333
0.22545700000000002
0.226517
0.227633
0.22881
0.229987
0.231199
0.232431

Vgs: 3.0
-8.02729e-07
0.0187356
0.0369421
0.0545816
0.0717276
0.0883857
0.104529
0.120213
0.13539199999999998
0.150001
0.16401
0.17735700000000001
0.190023
0.201981
0.213134
0.223498
0.233015
0.241585
0.249304
0.25612999999999997
0.261998
0.26681699999999997
0.270861
0.274128
0.27655399999999997
0.27854300000000004
0.280097
0.281462
0.282659
0.283746
0.28485099999999997
0.285869
0.286808
0.287731
0.288638
0.289514
0.29034
0.291128
0.291975
0.292801
0.293518
0.294277
0.29507300000000003
0.29578299999999996
0.296493
0.29724100000000003
0.29792799999999997
0.298637
0.299315
0.299995
0.300689
0.30137
0.30203199999999997
0.30273
0.303476
0.304117
0.30484799999999995
0.305475
0.306253
0.30696500000000004
0.30773
0.308502
0.309278
0.31008
0.31093
0.311829
0.312754
0.313762
0.314773
0.315836
0.31694
0.31813199999999997
0.319338
0.32063200000000003
0.32195999999999997
0.32336000000000004
0.324808
0.32626299999999997
0.327776
0.329356
0.331005

Vgs: 3.5
-8.458539999999999e-07
0.0208333
0.0411739
0.061041099999999994
0.0805184
0.09964490000000001
0.11838800000000001
0.13683700000000001
0.15493700000000002
0.172535
0.18976600000000002
0.206467
0.22259600000000002
0.238111
0.25306100000000004
0.267257
0.28078400000000003
0.293597
0.305568
0.31675
0.327056
0.336501
0.34512
0.352761
0.35958
0.365514
0.370472
0.37460899999999997
0.377973
0.38065899999999997
0.382772
0.38458699999999996
0.386176
0.387552
0.388905
0.390066
0.391307
0.392461
0.393557
0.394611
0.395654
0.396593
0.397571
0.39846
0.399442
0.400305
0.401171
0.401972
0.40284099999999995
0.40370500000000004
0.404538
0.405279
0.406059
0.406878
0.407732
0.408514
0.409367
0.410071
0.41086999999999996
0.41170300000000004
0.412535
0.413346
0.41426599999999997
0.41516200000000003
0.416037
0.41695000000000004
0.418019
0.419024
0.420051
0.42119199999999996
0.42239099999999996
0.42354699999999995
0.424985
0.42636300000000005
0.427693
0.42926200000000003
0.430917
0.432565
0.43444499999999997
0.43627
0.438161

Vgs: 4.0
-8.712090000000001e-07
0.0226112
0.044772599999999996
0.0665097
0.0879187
0.109128
0.130104
0.150926
0.17148
0.19172899999999998
0.211621
0.231177
0.25020499999999996
0.268872
0.286946
0.304328
0.32122599999999996
0.337499
0.353148
0.36807
0.38218799999999997
0.39555999999999997
0.408251
0.42000099999999996
0.431055
0.441309
0.450753
0.459226
0.466812
0.47355800000000003
0.479312
0.484386
0.48852300000000004
0.49172599999999994
0.49462599999999995
0.49683099999999997
0.498868
0.500609
0.502236
0.503808
0.505191
0.5065109999999999
0.507594
0.508832
0.510005
0.5113150000000001
0.5123219999999999
0.513362
0.514562
0.5154460000000001
0.5164390000000001
0.5174650000000001
0.518429
0.5195580000000001
0.520444
0.521375
0.5221960000000001
0.5230779999999999
0.5239710000000001
0.524877
0.525857
0.5268649999999999
0.527599
0.5285500000000001
0.529416
0.530426
0.531592
0.532433
0.533525
0.534629
0.535841
0.537229
0.5384749999999999
0.539837
0.541164
0.542925
0.544416
0.546141
0.548047
0.550016
0.551984

Vgs: 4.5
-8.68453e-07
0.024170999999999998
0.0478951
0.07125909999999999
0.09434139999999999
0.117415
0.140399
0.163213
0.185891
0.208424
0.230629
0.252938
0.274433
0.295819
0.316384
0.336592
0.355904
0.37572799999999995
0.393751
0.41282800000000003
0.430131
0.446223
0.462087
0.47888899999999995
0.49299999999999994
0.507185
0.51994
0.532556
0.544378
0.555334
0.565272
0.572784
0.582762
0.590303
0.5969709999999999
0.602403
0.6074
0.611488
0.615168
0.6179910000000001
0.620336
0.622697
0.624492
0.629931
0.614608
0.627908
0.633957
0.6330020000000001
0.645719
0.633961
0.642213
0.629234
0.643066
0.635289
0.639896
0.6395339999999999
0.642511
0.6431870000000001
0.64271
0.648235
0.647773
0.648334
0.647343
0.650165
0.652588
0.6531440000000001
0.6559200000000001
0.6562049999999999
0.656314
0.656246
0.659276
0.658221
0.661309
0.661599
0.66531
0.663945
0.665015
0.666775
0.669763
0.670717
0.673134

Vgs: 5.0
-8.59228e-07
0.025445100000000002
0.0504909
0.0752231
0.09981960000000001
0.124404
0.149055
0.173661
0.198212
0.222659
0.247018
0.271158
0.294995
0.318459
0.341627
0.364568
0.38672799999999996
0.408593
0.429943
0.450658
0.470938
0.49073400000000006
0.509763
0.528055
0.546187
0.563214
0.579739
0.595607
0.610826
0.62527
0.6388980000000001
0.6517660000000001
0.663844
0.675253
0.685572
0.695318
0.704077
0.7120569999999999
0.719224
0.7253729999999999
0.7309060000000001
0.735512
0.739559
0.7431920000000001
0.746371
0.748867
0.751233
0.753036
0.7551800000000001
0.75671
0.758152
0.759948
0.762512
0.764067
0.7657649999999999
0.76731
0.7682490000000001
0.7694139999999999
0.770679
0.771923
0.773879
0.774906
0.776113
0.777676
0.778371
0.779359
0.780832
0.781918
0.782929
0.783793
0.784805
0.7860290000000001
0.787312
0.788481
0.7896650000000001
0.790941
0.792643
0.7940119999999999
0.795553
0.796883
0.798758

Vgs: 5.5
-1.00202e-06
0.0265828
0.0527711
0.0786926
0.104548
0.130469
0.15640700000000002
0.182531
0.208777
0.234987
0.261117
0.286878
0.31277699999999997
0.338424
0.363596
0.388589
0.413028
0.437377
0.46097
0.484275
0.5068400000000001
0.528908
0.550552
0.5716570000000001
0.59246
0.6122639999999999
0.632931
0.6515
0.669587
0.687522
0.7040339999999999
0.720108
0.735836
0.7502369999999999
0.764698
0.777736
0.790466
0.802126
0.813413
0.8230139999999999
0.832087
0.84085
0.848258
0.855372
0.8612799999999999
0.866637
0.8715780000000001
0.875737
0.878966
0.882166
0.884317
0.887891
0.8892960000000001
0.8915890000000001
0.893476
0.895142
0.89692
0.898356
0.899971
0.9010640000000001
0.902651
0.904429
0.905928
0.905389
0.906772
0.908239
0.9092020000000001
0.910199
0.9116620000000001
0.912535
0.91378
0.915247
0.916376
0.917203
0.918986
0.919901
0.920991
0.92223
0.923423
0.9224049999999999
0.926274

Vgs: 6.0
-8.509730000000001e-07
0.0274145
0.054517
0.0813445
0.10823999999999999
0.13528600000000002
0.16258799999999998
0.18968300000000002
0.217609
0.24488
0.27238799999999996
0.299842
0.32700399999999996
0.353757
0.381951
0.40809100000000004
0.435168
0.460388
0.48637199999999997
0.51114
0.535376
0.559557
0.582919
0.60744
0.629969
0.654588
0.6750229999999999
0.69661
0.7148220000000001
0.737617
0.7568269999999999
0.777158
0.794308
0.812153
0.829203
0.845213
0.8607680000000001
0.8727509999999999
0.887427
0.90038
0.913679
0.926878
0.9367800000000001
0.948256
0.954802
0.968338
0.9746400000000001
0.982117
0.986141
0.9937679999999999
0.995243
0.998686
1.00387
1.00861
1.01313
1.01394
1.01644
1.01932
1.02006
1.0211700000000001
1.02618
1.0269000000000001
1.02878
1.03711
1.0369000000000002
1.03752
1.03443
1.03187
1.03783
1.03883
1.04164
1.0410599999999999
1.04082
1.0376
1.03503
1.03913
1.04433
1.04492
1.0457800000000002
1.05024
1.05091

Vgs: 6.5
-8.45148e-07
0.0282259
0.056036499999999996
0.0837903
0.111599
0.139528
0.167992
0.19658699999999998
0.22539700000000001
0.253999
0.282892
0.312007
0.340766
0.369622
0.398528
0.42641199999999996
0.454713
0.482268
0.509837
0.5373450000000001
0.563718
0.589581
0.615062
0.640887
0.665752
0.690439
0.7144900000000001
0.737338
0.7599279999999999
0.784125
0.8080309999999999
0.8285089999999999
0.8491599999999999
0.869878
0.888889
0.906879
0.926655
0.944429
0.9602010000000001
0.977602
0.9923289999999999
1.0084499999999998
1.02327
1.03637
1.04938
1.05962
1.06919
1.08062
1.09026
1.09838
1.10749
1.1176199999999998
1.12485
1.13198
1.13727
1.13952
1.14353
1.15212
1.1540599999999999
1.16
1.15895
1.16141
1.1611099999999999
1.16597
1.16508
1.16676
1.16872
1.16891
1.17395
1.1733
1.1739000000000002
1.1761300000000001
1.17616
1.18082
1.18136
1.18172
1.1828699999999999
1.18652
1.1839000000000002
1.18416
1.1874

Vgs: 7.0
-8.875310000000001e-07
0.0289566
0.0575791
0.0859249
0.114491
0.143502
0.172825
0.202358
0.232284
0.262463
0.292562
0.322842
0.353045
0.38289599999999996
0.412721
0.44218700000000005
0.471579
0.500452
0.530259
0.5587730000000001
0.587394
0.614904
0.642857
0.670464
0.697294
0.723096
0.749861
0.77518
0.800451
0.825374
0.849876
0.8726769999999999
0.896036
0.9193359999999999
0.941547
0.966155
0.9840980000000001
1.00315
1.02647
1.0463099999999999
1.06126
1.0807499999999999
1.09668
1.1129200000000001
1.12618
1.1412600000000002
1.15746
1.1708
1.1853600000000002
1.19699
1.20736
1.22114
1.22967
1.23847
1.24792
1.25459
1.2622
1.27067
1.27524
1.28105
1.28528
1.28705
1.29254
1.29765
1.2996800000000002
1.3038100000000001
1.30266
1.31126
1.31046
1.3081200000000002
1.31073
1.31492
1.31629
1.31859
1.3202
1.32145
1.32057
1.3245
1.3275
1.32467
1.32706

Vgs: 7.5
-1.0517600000000002e-06
0.0295611
0.0587396
0.087824
0.11728
0.146955
0.177028
0.20762299999999997
0.238359
0.26949599999999996
0.300756
0.331616
0.362666
0.393805
0.425093
0.456472
0.486851
0.517931
0.547417
0.5768719999999999
0.60795
0.635804
0.666868
0.695273
0.723213
0.750273
0.777869
0.8071499999999999
0.833036
0.859908
0.8860819999999999
0.911869
0.937517
0.959611
0.982955
1.01145
1.03352
1.05584
1.0746
1.0971
1.11823
1.13871
1.1583299999999999
1.17962
1.1961700000000002
1.21505
1.23138
1.24739
1.2632800000000002
1.27908
1.29281
1.30695
1.31994
1.33271
1.34371
1.3556300000000001
1.36477
1.3748099999999999
1.38322
1.39174
1.39971
1.40644
1.41229
1.4173600000000002
1.42282
1.42581
1.43132
1.4345899999999998
1.43673
1.43995
1.44334
1.44536
1.4478799999999998
1.44924
1.452
1.45325
1.45587
1.45767
1.45862
1.46077
1.4620900000000001

Vgs: 8.0
-1.1014600000000001e-06
0.0301532
0.0599335
0.0896498
0.119638
0.15007399999999999
0.181015
0.21236
0.244077
0.276088
0.308185
0.340495
0.372753
0.40482799999999997
0.437189
0.469188
0.500941
0.532596
0.564046
0.595223
0.626305
0.656597
0.686975
0.71685
0.746726
0.775882
0.8051510000000001
0.833726
0.861792
0.889856
0.916961
0.944202
0.970707
0.9970619999999999
1.0236399999999999
1.0496800000000002
1.07428
1.09838
1.1222999999999999
1.14544
1.16838
1.19024
1.2121
1.23263
1.2536699999999998
1.2734999999999999
1.29254
1.31183
1.32958
1.34753
1.36445
1.38062
1.39704
1.41158
1.4262000000000001
1.4398499999999999
1.4532900000000002
1.46574
1.4771
1.48795
1.49861
1.50793
1.51672
1.52484
1.53245
1.53906
1.546
1.5514400000000002
1.55609
1.56116
1.56457
1.56927
1.57168
1.57598
1.57857
1.5808499999999999
1.58278
1.58457
1.58734
1.5893700000000002
1.59141
