Vgs range: 0,8,0.1
Vds range: 0,8,0.5

Vgs: 0.0
-7.38289e-07
-7.36736e-07
-7.2798e-07
-7.055799999999999e-07
-7.517390000000001e-07
-7.90597e-07
-7.37046e-07
-6.850250000000001e-07
-7.48062e-07
-7.70995e-07
-7.74728e-07
-7.683999999999999e-07
-7.70022e-07
-7.69825e-07
-7.67255e-07
-8.182519999999999e-07
-7.59477e-07
-7.57261e-07
-8.39033e-07
-8.43824e-07
-8.02827e-07
-8.376119999999999e-07
-8.25232e-07
-7.91897e-07
-8.394150000000001e-07
-8.423810000000001e-07
-8.1593e-07
-8.31624e-07
-8.64859e-07
-8.43146e-07
-8.21992e-07
-8.41029e-07
-8.74011e-07
-8.53866e-07
-8.44854e-07
-8.814200000000001e-07
-8.60164e-07
-8.7841e-07
-8.136430000000001e-07
-8.399129999999999e-07
-8.976190000000001e-07
-8.96098e-07
-8.69201e-07
-8.737910000000001e-07
-9.085880000000001e-07
-8.98216e-07
-8.729839999999999e-07
-8.90839e-07
-9.24233e-07
-9.27613e-07
-8.86918e-07
-8.69662e-07
-8.78729e-07
-9.2572e-07
-9.26511e-07
-9.22123e-07
-9.287779999999999e-07
-9.346170000000001e-07
-9.18491e-07
-8.99677e-07
-8.76935e-07
-8.68893e-07
-9.02147e-07
-9.25061e-07
-9.35384e-07
-9.233419999999999e-07
-9.371769999999999e-07
-9.20539e-07
-9.28414e-07
-9.11023e-07
-9.30284e-07
-9.70461e-07
-9.327180000000001e-07
-9.54714e-07
-9.477160000000001e-07
-8.738659999999999e-07
-9.486340000000001e-07
-9.86878e-07
-9.207590000000001e-07
-9.125909999999999e-07
-9.68099e-07

Vgs: 0.5
0.00070038
0.000698471
0.0007017820000000001
0.000711138
0.000733857
0.0008602530000000001
0.0013285
0.00220318
0.00413694
0.00685319
0.0113555
0.0153976
0.020318
0.0258077
0.0309193
0.035970100000000005
0.0407995
0.0453348
0.0496811
0.0537265
0.0576637
0.0613903
0.0649146
0.0682338
0.0713852
0.0741005
0.0775048
0.08030280000000001
0.0829541
0.0855929
0.0881445
0.0905275
0.09287559999999999
0.0951395
0.0972939
0.09949050000000001
0.101821
0.10349
0.105185
0.107231
0.109026
0.110766
0.112452
0.114091
0.1157
0.117194
0.11865400000000001
0.120134
0.121513
0.12292
0.124192
0.125455
0.126685
0.127866
0.12902200000000003
0.130135
0.13120199999999999
0.132227
0.133227
0.134233
0.13511499999999999
0.13597399999999998
0.136809
0.137605
0.13839700000000002
0.139174
0.13930099999999998
0.139312
0.13931
0.139318
0.139339
0.139338
0.139352
0.142301
0.145293
0.146002
0.146644
0.14726
0.14784299999999997
0.148479
0.149079

Vgs: 1.0
0.00111559
0.00112068
0.0011231799999999999
0.00112863
0.00115972
0.00129677
0.00176259
0.0028134500000000003
0.00484386
0.007909230000000001
0.0128106
0.0171632
0.0232689
0.030592900000000003
0.0384459
0.0474078
0.0565734
0.06604320000000001
0.0751502
0.0848702
0.0935826
0.103467
0.110072
0.117625
0.125028
0.132208
0.138895
0.145329
0.151493
0.157478
0.163301
0.168944
0.174229
0.179383
0.18428
0.189194
0.193801
0.198442
0.202849
0.207077
0.211278
0.215223
0.219179
0.222975
0.226662
0.230213
0.233667
0.237083
0.240286
0.24352600000000002
0.24661699999999998
0.24963
0.25270400000000004
0.255391
0.258274
0.26080800000000004
0.263317
0.265764
0.268162
0.27014900000000003
0.272666
0.27472599999999997
0.27671500000000004
0.278655
0.280537
0.28237500000000004
0.284174
0.28591
0.287586
0.289325
0.290971
0.29252
0.294111
0.29558
0.297209
0.298685
0.300208
0.301678
0.303183
0.304593
0.30603899999999995

Vgs: 1.5
0.00153801
0.00153802
0.00154197
0.00155244
0.00159895
0.0017543699999999999
0.00225751
0.0034644199999999997
0.00564759
0.00891781
0.0139778
0.018688399999999997
0.0250915
0.032374099999999996
0.0405837
0.050016
0.060165699999999996
0.0706759
0.081967
0.0939263
0.108859
0.119535
0.13232
0.145256
0.157214
0.169543
0.18079599999999998
0.19165
0.20135699999999998
0.212366
0.22248400000000002
0.231604
0.240733
0.24940900000000002
0.257914
0.266206
0.274187
0.28215199999999996
0.289253
0.29662
0.30368
0.31062
0.31669499999999995
0.323517
0.329724
0.335879
0.341622
0.347518
0.35295200000000004
0.358445
0.363874
0.368883
0.37379999999999997
0.378583
0.38326099999999996
0.387847
0.39207400000000003
0.396373
0.400401
0.404492
0.408262
0.411927
0.415475
0.418879
0.422252
0.425057
0.42830199999999996
0.43135999999999997
0.434146
0.437103
0.439874
0.44243899999999997
0.445276
0.447868
0.450495
0.453097
0.455606
0.458189
0.460529
0.462729
0.465464

Vgs: 2.0
0.0019948400000000003
0.00199543
0.00200028
0.00201701
0.00207182
0.00225712
0.0027974000000000002
0.00411425
0.00644788
0.00979058
0.015079700000000001
0.019809
0.0262631
0.0340836
0.0423496
0.0519648
0.061080499999999996
0.0733809
0.0853764
0.0973415
0.112767
0.12424600000000001
0.13846
0.153251
0.16883299999999998
0.18432600000000002
0.199712
0.21531
0.230348
0.245183
0.259965
0.274001
0.287659
0.300452
0.313102
0.325624
0.33723800000000004
0.34880700000000003
0.359826
0.370473
0.381142
0.391321
0.400879
0.409534
0.419562
0.428628
0.43723900000000004
0.445766
0.453844
0.46196699999999996
0.469786
0.477138
0.484822
0.49147399999999997
0.49877099999999996
0.505488
0.5118259999999999
0.518547
0.5245179999999999
0.530417
0.536323
0.541778
0.547211
0.552235
0.557249
0.561985
0.566547
0.571028
0.5753159999999999
0.579507
0.583636
0.587808
0.591643
0.595471
0.5992999999999999
0.603025
0.606631
0.610248
0.6138330000000001
0.617281
0.6208319999999999

Vgs: 2.5
0.00247474
0.00247391
0.00248326
0.0024945999999999996
0.00256217
0.0027637599999999997
0.00337987
0.0047897
0.0071962300000000005
0.0113631
0.0152916
0.0211198
0.0276452
0.0358847
0.044189900000000004
0.0538111
0.0642878
0.07525459999999999
0.08748460000000001
0.0999713
0.115791
0.127927
0.142004
0.15703599999999998
0.17292100000000002
0.189214
0.206444
0.222967
0.24051
0.25788500000000003
0.276577
0.294375
0.312215
0.329502
0.34671799999999997
0.36383699999999997
0.37972100000000003
0.39575899999999997
0.410945
0.42598
0.440218
0.45383100000000004
0.46758500000000003
0.480267
0.493182
0.505579
0.517419
0.5290549999999999
0.540233
0.551336
0.562156
0.5722900000000001
0.582375
0.5918749999999999
0.601418
0.610592
0.6193989999999999
0.62721
0.636436
0.644662
0.652492
0.659857
0.6676829999999999
0.6747609999999999
0.6817960000000001
0.6883440000000001
0.6947369999999999
0.701046
0.706865
0.712755
0.7184360000000001
0.719488
0.719598
0.719623
0.719723
0.719695
0.719857
0.720052
0.742112
0.763833
0.7686289999999999

Vgs: 3.0
0.0029852100000000003
0.0029903399999999998
0.00300213
0.00301903
0.00308276
0.00331479
0.00399421
0.0054723
0.00797614
0.0123063
0.012316800000000001
0.012316
0.0123146
0.0123109
0.0123225
0.012316299999999999
0.0123165
0.0409819
0.0888095
0.104724
0.115935
0.13013
0.145143
0.160673
0.176441
0.19290400000000002
0.209826
0.227403
0.24504699999999996
0.26367799999999997
0.279803
0.301579
0.321131
0.34051699999999996
0.36020399999999997
0.380588
0.40074400000000004
0.420416
0.440047
0.458876
0.478007
0.495868
0.51355
0.5306230000000001
0.547183
0.5632919999999999
0.579013
0.594287
0.6086699999999999
0.623123
0.637126
0.650689
0.663412
0.674812
0.688606
0.70051
0.712753
0.723819
0.734975
0.74544
0.7558140000000001
0.766173
0.775801
0.785182
0.794458
0.803235
0.811655
0.820116
0.828147
0.8361959999999999
0.843402
0.8502130000000001
0.857689
0.864234
0.8709250000000001
0.8776349999999999
0.883886
0.890429
0.89644
0.902561
0.908457

Vgs: 3.5
0.00350553
0.00351534
0.00352304
0.0035498400000000003
0.00361472
0.00363592
0.00363356
0.0036390199999999998
0.00364028
0.00363692
0.00363464
0.0036290700000000003
0.00845459
0.0396981
0.0470772
0.0570607
0.0679057
0.0791554
0.091684
0.106845
0.118238
0.132697
0.14771700000000001
0.163458
0.179401
0.196066
0.213735
0.23091499999999998
0.249525
0.267372
0.28688800000000003
0.306613
0.32611
0.346218
0.366717
0.387762
0.409092
0.430313
0.451949
0.473297
0.495426
0.5173800000000001
0.538337
0.559477
0.5802080000000001
0.600419
0.619954
0.639748
0.657671
0.676251
0.6939510000000001
0.7109949999999999
0.727695
0.74378
0.759717
0.774913
0.78973
0.802136
0.8171269999999999
0.83121
0.844459
0.856761
0.869374
0.881105
0.892825
0.9039020000000001
0.914595
0.9256
0.935582
0.945489
0.9549839999999999
0.963302
0.973144
0.9816969999999999
0.99043
0.998613
1.00953
1.01568
1.02342
1.03107
1.03867

Vgs: 4.0
0.00405414
0.0040617200000000004
0.004086
0.00410395
0.00417912
0.0044525400000000005
0.00523126
0.0068632599999999995
0.00963132
0.0140842
0.0183438
0.024416399999999998
0.031462699999999996
0.0399556
0.0488398
0.058665800000000004
0.06958070000000001
0.08097170000000001
0.0939531
0.108987
0.120986
0.135054
0.150146
0.165716
0.18180200000000002
0.199013
0.216475
0.234521
0.252483
0.271608
0.291205
0.31131000000000003
0.330881
0.350907
0.37208
0.39323400000000003
0.415357
0.436566
0.459131
0.480764
0.503786
0.525989
0.5462400000000001
0.57287
0.595357
0.618309
0.641086
0.6639919999999999
0.68601
0.708676
0.729679
0.7502770000000001
0.771129
0.790999
0.8103049999999999
0.8290259999999999
0.8458950000000001
0.864816
0.881858
0.898519
0.914729
0.930851
0.945794
0.9631919999999999
0.974577
0.9894599999999999
1.0066700000000002
1.01749
1.02908
1.04243
1.05426
1.06568
1.0770899999999999
1.08796
1.0985800000000001
1.1086799999999999
1.11852
1.12828
1.1378300000000001
1.1467800000000001
1.1557099999999998

Vgs: 4.5
0.00464559
0.0046447300000000006
0.0046689999999999995
0.00469575
0.00479515
0.00508708
0.00581371
0.00760588
0.010938
0.0143143
0.0193783
0.025653500000000003
0.0329368
0.0411512
0.050206100000000004
0.060322200000000006
0.0712236
0.0832674
0.0959353
0.111179
0.12279000000000001
0.13738
0.152696
0.155418
0.155451
0.15545
0.155409
0.155367
0.155394
0.211809
0.293103
0.314766
0.33466700000000005
0.355353
0.376181
0.397939
0.419871
0.441842
0.464861
0.486471
0.5096360000000001
0.532613
0.556264
0.577233
0.604209
0.627614
0.651115
0.675838
0.700108
0.723732
0.74772
0.771594
0.795265
0.818105
0.841517
0.864146
0.8863500000000001
0.9073370000000001
0.92764
0.9480200000000001
0.9674389999999999
0.9864050000000001
1.00968
1.0242499999999999
1.0426
1.05898
1.0752599999999999
1.09121
1.10662
1.1218599999999999
1.13637
1.15009
1.16431
1.1770699999999998
1.19056
1.2025899999999998
1.2145299999999999
1.22659
1.23804
1.24908
1.26041

Vgs: 5.0
0.005183729999999999
0.00517832
0.00520553
0.00523501
0.00533316
0.00567318
0.006559850000000001
0.00831707
0.0117027
0.0151489
0.020381600000000003
0.0266108
0.0339371
0.042268799999999995
0.0515887
0.0619087
0.0729411
0.0846849
0.0974535
0.113182
0.12248500000000001
0.139624
0.15498199999999998
0.170907
0.187397
0.20471899999999998
0.222335
0.24049299999999998
0.259165
0.278231
0.297958
0.31803099999999995
0.338362
0.35934699999999997
0.378771
0.402325
0.423937
0.446241
0.468593
0.491899
0.514891
0.53798
0.562327
0.585915
0.610499
0.634827
0.658627
0.6831670000000001
0.707963
0.732613
0.7581600000000001
0.782759
0.807222
0.8307469999999999
0.8569610000000001
0.8825000000000001
0.90592
0.930917
0.954285
0.97809
1.00636
1.02463
1.04751
1.06813
1.0888499999999999
1.10943
1.12714
1.14781
1.16616
1.18425
1.2016399999999998
1.21843
1.23496
1.25063
1.26656
1.28162
1.2958100000000001
1.30977
1.3236
1.33709
1.3502500000000002

Vgs: 5.5
0.0057728
0.00577548
0.0057953399999999995
0.0058303800000000005
0.0059380200000000005
0.00628284
0.0072059
0.00904027
0.012546
0.016069399999999998
0.021351600000000002
0.0277654
0.035030700000000005
0.0438857
0.052971
0.06345869999999999
0.0745396
0.0850964
0.09935189999999999
0.115234
0.127076
0.141851
0.15738
0.17333400000000002
0.189916
0.20741800000000002
0.22575800000000001
0.243601
0.26188900000000004
0.281257
0.297749
0.32223100000000005
0.34217
0.362754
0.38413899999999995
0.405932
0.428013
0.45144199999999995
0.472887
0.49587000000000003
0.519355
0.543615
0.567682
0.590924
0.61539
0.6401049999999999
0.664859
0.689355
0.71445
0.739487
0.764614
0.789847
0.8161489999999999
0.840974
0.8671300000000001
0.892639
0.918135
0.9437220000000001
0.968738
0.9950720000000001
1.02558
1.04591
1.07063
1.09467
1.11882
1.14272
1.16322
1.1868
1.20835
1.2294
1.25
1.26946
1.28904
1.3081099999999999
1.32629
1.34406
1.3614199999999999
1.37798
1.39485
1.41007
1.42542

Vgs: 6.0
0.006384269999999999
0.006395919999999999
0.00642693
0.00646478
0.00657127
0.00694838
0.00793329
0.00980432
0.0134131
0.0186085
0.0234667
0.0289675
0.0381106
0.0478762
0.0533285
0.06836410000000001
0.0782794
0.0913478
0.106242
0.11655499999999999
0.133088
0.14751
0.16462200000000002
0.178595
0.196112
0.21291
0.227078
0.248664
0.268368
0.28886199999999995
0.307904
0.32886299999999996
0.348892
0.36867900000000003
0.391764
0.412721
0.43566600000000005
0.458937
0.48165399999999997
0.504192
0.525365
0.55217
0.571656
0.5960139999999999
0.620471
0.645585
0.669631
0.695046
0.7209099999999999
0.7456389999999999
0.770879
0.796212
0.822053
0.848249
0.870533
0.899933
0.925314
0.952452
0.97758
1.0098799999999999
1.0316100000000001
1.0570899999999999
1.08256
1.10838
1.13381
1.15924
1.18443
1.20989
1.2331
1.25715
1.2806199999999999
1.3033299999999999
1.32578
1.34758
1.36927
1.3893
1.40952
1.4297
1.44881
1.46729
1.4851599999999998

Vgs: 6.5
0.00697404
0.0069595
0.0069996400000000005
0.0071112
0.00728261
0.0077432
0.009461230000000001
0.0119063
0.014085400000000001
0.0188612
0.0245773
0.0312926
0.0391363
0.048518
0.0570037
0.0700067
0.0798112
0.092588
0.10828499999999999
0.12098300000000001
0.132532
0.149461
0.16620400000000002
0.182621
0.19819799999999999
0.216216
0.23724499999999998
0.250413
0.27309
0.289772
0.311584
0.330562
0.35336999999999996
0.37346900000000005
0.394406
0.416339
0.436869
0.460169
0.484612
0.5033719999999999
0.532308
0.5550470000000001
0.578333
0.6029260000000001
0.628531
0.652521
0.676518
0.703572
0.732034
0.753156
0.778308
0.8063140000000001
0.830446
0.858236
0.882266
0.9089900000000001
0.93043
0.9651869999999999
0.989342
1.0214
1.0424099999999998
1.06921
1.0964399999999999
1.11836
1.14763
1.17247
1.19665
1.22414
1.24598
1.27593
1.30033
1.32538
1.3525399999999999
1.37202
1.39882
1.42176
1.44431
1.46484
1.4901
1.51054
1.5296299999999998

Vgs: 7.0
0.00761604
0.00761581
0.007673120000000001
0.00772709
0.00787468
0.008294029999999999
0.009359590000000001
0.0118557
0.0146039
0.0190368
0.0246271
0.0313783
0.039132099999999996
0.0475582
0.0579141
0.06884380000000001
0.080526
0.0928751
0.108669
0.120085
0.135096
0.15026199999999998
0.166193
0.182804
0.199544
0.21757300000000002
0.23568499999999998
0.254305
0.273493
0.293372
0.31352
0.333616
0.354109
0.375383
0.39666
0.419584
0.44122900000000004
0.463625
0.486643
0.509412
0.533736
0.5567359999999999
0.581321
0.605437
0.629877
0.655678
0.680419
0.705087
0.730202
0.7558699999999999
0.781685
0.807137
0.833283
0.8590880000000001
0.884919
0.912062
0.938094
0.965216
0.991081
1.02406
1.04492
1.07241
1.09867
1.12485
1.1520199999999998
1.1786800000000002
1.20468
1.2292500000000002
1.25584
1.28274
1.3085499999999999
1.33318
1.35962
1.3844599999999998
1.41064
1.43558
1.4597799999999999
1.4848400000000002
1.5084499999999998
1.5322300000000002
1.5557699999999999

Vgs: 7.5
0.00820057
0.00820228
0.00826634
0.008310159999999999
0.00846215
0.00899303
0.010389
0.0122236
0.0155292
0.0194464
0.0257432
0.0326356
0.040826
0.0497021
0.0596122
0.0707878
0.0826445
0.0956584
0.111235
0.12286400000000001
0.138041
0.153487
0.16719900000000001
0.186233
0.203543
0.22166
0.239895
0.258909
0.27778600000000003
0.297986
0.317874
0.339407
0.35938000000000003
0.380459
0.40203
0.424192
0.44648499999999997
0.469146
0.492274
0.515066
0.538756
0.56227
0.5864159999999999
0.610787
0.635283
0.6602399999999999
0.684845
0.710492
0.736321
0.762135
0.7879
0.813622
0.840117
0.865695
0.892526
0.918471
0.9451769999999999
0.971445
0.9978319999999999
1.03096
1.05275
1.0794000000000001
1.10589
1.13242
1.15903
1.1866999999999999
1.2118
1.23826
1.2626499999999998
1.29148
1.31704
1.34284
1.3690099999999998
1.39456
1.421
1.4460199999999999
1.47165
1.49686
1.5216699999999999
1.54692
1.57149

Vgs: 8.0
0.00884887
0.00885231
0.00888778
0.0089631
0.00914697
0.00964098
0.011080000000000001
0.012994599999999999
0.0163262
0.0208906
0.0268115
0.0340784
0.0419309
0.0513765
0.0614478
0.0728996
0.0848871
0.0981564
0.114048
0.126059
0.141216
0.15712399999999999
0.173669
0.191046
0.208334
0.226412
0.24512399999999998
0.26421300000000003
0.283442
0.303782
0.324339
0.34478
0.365803
0.387141
0.40885200000000005
0.431221
0.453542
0.477028
0.499483
0.522233
0.546168
0.568144
0.594488
0.6180530000000001
0.64269
0.667194
0.691827
0.717449
0.743173
0.768103
0.793583
0.819347
0.84604
0.871089
0.8981180000000001
0.9204289999999999
0.9500799999999999
0.977419
1.00966
1.02841
1.0582799999999999
1.08462
1.11153
1.138
1.16507
1.19158
1.2189699999999999
1.24497
1.27107
1.29799
1.325
1.35072
1.37774
1.40307
1.42928
1.4555099999999999
1.48078
1.50645
1.53251
1.5576800000000002
1.58345
