Vgs range: 0,8,0.5
Vds range: 0,8,0.1

Vgs: 0.0
-7.503109999999999e-07
7.85026e-05
0.000377866
0.000497139
0.000597306
0.0006875480000000001
0.0007717549999999999
0.000857039
0.000938689
0.00101994
0.00110042
0.00118024
0.00126248
0.00134469
0.00142995
0.00152019
0.00160244
0.00169565
0.00178619
0.0018729999999999999
0.00196161
0.00206119
0.0021529
0.0022463500000000003
0.0023423
0.00244357
0.00254099
0.00264214
0.00274338
0.00285312
0.00295219
0.003066
0.00317511
0.00327905
0.0033745999999999997
0.00348351
0.00358631
0.0036973
0.00381241
0.0039175
0.00403571
0.00414849
0.00424622
0.00435079
0.0044566
0.00458262
0.0046891599999999995
0.00479567
0.00490773
0.005032910000000001
0.005144050000000001
0.00525345
0.0053896
0.00550371
0.00561458
0.0057255200000000004
0.00584107
0.00596667
0.00608104
0.0062022
0.0063184899999999995
0.00643432
0.00653967
0.00666026
0.0067829
0.00689576
0.0070403
0.00716544
0.00727706
0.0074145800000000005
0.00752889
0.00766286
0.00778925
0.00790178
0.00802138
0.00816678
0.00827268
0.008398039999999999
0.00854013
0.008668410000000001
0.008777219999999999

Vgs: 0.5
-7.42807e-07
0.00031901
0.000511954
0.000649556
0.000756167
0.000851743
0.000945904
0.00103845
0.0011265399999999999
0.00121191
0.00130157
0.00139241
0.00147772
0.0015677199999999999
0.00166332
0.0017526599999999999
0.00184564
0.00193928
0.00203739
0.0021416399999999998
0.0022371
0.00233954
0.00243753
0.00254324
0.00265204
0.00275977
0.00286598
0.0029758
0.00308938
0.0031957
0.00330399
0.00341726
0.00352809
0.00364555
0.00375799
0.0038748599999999995
0.00398526
0.00411288
0.00422479
0.00434983
0.004466319999999999
0.00458333
0.00470226
0.00481972
0.004937400000000001
0.00505776
0.00518474
0.00530761
0.00542652
0.00555672
0.00568034
0.0058027700000000005
0.00593155
0.00606079
0.0061868800000000005
0.00631342
0.006438889999999999
0.006574610000000001
0.00670105
0.00683707
0.006970779999999999
0.00709442
0.007216210000000001
0.00736706
0.00749805
0.00760932
0.0077313699999999996
0.00788091
0.00799621
0.00815003
0.00826893
0.00839585
0.0085342
0.0086967
0.00882988
0.00893288
0.00908919
0.00924243
0.009376309999999999
0.00951859
0.00965858

Vgs: 1.0
-8.079210000000001e-07
0.00431168
0.00747628
0.00952472
0.010713100000000001
0.011312
0.011670300000000002
0.0119636
0.012234
0.012476000000000001
0.012720200000000001
0.0129774
0.0132163
0.0134463
0.0136627
0.0139248
0.014141800000000001
0.0143679
0.0145843
0.014804
0.015016100000000001
0.0152298
0.0154351
0.0156499
0.015857899999999998
0.0160679
0.0162815
0.0164787
0.0166895
0.0168949
0.0171054
0.017305499999999998
0.0175126
0.0177218
0.017929599999999997
0.0181235
0.0183217
0.018536700000000003
0.0187417
0.0189356
0.0191312
0.019338699999999997
0.0195434
0.019754
0.019959400000000002
0.020157400000000002
0.020354900000000002
0.0205528
0.0207599
0.0209744
0.021186
0.021387899999999998
0.021609800000000002
0.021789799999999998
0.0220045
0.022212100000000002
0.0224493
0.0226509
0.022843299999999997
0.0230793
0.0233086
0.023538499999999997
0.0237526
0.0239715
0.0241885
0.024402100000000003
0.024627700000000002
0.0248536
0.0250955
0.0253045
0.0255387
0.025737200000000002
0.0260069
0.0262691
0.0265143
0.0267349
0.0269587
0.0272077
0.0274393
0.027693100000000002
0.027972900000000002

Vgs: 1.5
-8.537690000000001e-07
0.00930827
0.017706700000000002
0.0250707
0.031384199999999994
0.0366461
0.0408492
0.0439854
0.046186700000000004
0.047661999999999996
0.048618100000000004
0.0493008
0.049823900000000004
0.050355000000000004
0.0508382
0.0512685
0.0517527
0.0521554
0.052577
0.0529836
0.053383900000000005
0.053705899999999994
0.0540906
0.0544843
0.054828299999999996
0.0551967
0.05554
0.0559014
0.056243299999999996
0.0565905
0.056920899999999996
0.0572671
0.0575855
0.0579197
0.058238700000000004
0.0585864
0.058910199999999996
0.0592305
0.0595586
0.0598623
0.060209900000000004
0.060517299999999996
0.060833
0.06115829999999999
0.06147679999999999
0.061799599999999996
0.0621191
0.0624591
0.0627631
0.06308689999999999
0.063387
0.0637448
0.0640927
0.06439450000000001
0.0647567
0.0650843
0.06544499999999999
0.0658101
0.0661585
0.0664841
0.0668385
0.0672243
0.0675807
0.0679468
0.06834660000000001
0.068755
0.06913570000000001
0.06952670000000001
0.06991979999999999
0.0703238
0.0707804
0.07120420000000001
0.07164419999999999
0.0720653
0.0725329
0.07299720000000001
0.073461
0.0739309
0.0743952
0.07488120000000001
0.07538220000000001

Vgs: 2.0
-8.06228e-07
0.0131433
0.025568800000000003
0.037194099999999994
0.0480176
0.057985600000000005
0.06714300000000001
0.07538439999999999
0.0827341
0.0890925
0.09454399999999999
0.0989718
0.102481
0.105078
0.106959
0.10827
0.109249
0.11012
0.110865
0.111511
0.11218900000000001
0.11276499999999999
0.113392
0.11400400000000001
0.11453
0.115058
0.115621
0.116129
0.11662099999999999
0.117142
0.117654
0.118157
0.11858500000000001
0.11910599999999999
0.119573
0.120049
0.120501
0.120949
0.121401
0.121837
0.122304
0.12276400000000001
0.123196
0.12362699999999999
0.12406400000000001
0.124501
0.12494599999999999
0.125372
0.12582000000000002
0.12626099999999998
0.126697
0.127133
0.127605
0.128055
0.128528
0.129002
0.129498
0.129994
0.130462
0.13094899999999998
0.131529
0.132045
0.132565
0.13313999999999998
0.133742
0.134328
0.13494399999999998
0.13556500000000002
0.136187
0.136828
0.137515
0.138169
0.138892
0.139638
0.140414
0.141161
0.141903
0.142686
0.143483
0.144292
0.14510099999999998

Vgs: 2.5
-8.275239999999999e-07
0.0161873
0.0317736
0.046707900000000004
0.0609976
0.0746475
0.087666
0.10000700000000001
0.111636
0.122533
0.13266999999999998
0.141991
0.150431
0.157997
0.164621
0.170369
0.17505
0.178928
0.18184399999999998
0.18405400000000002
0.185718
0.18700499999999998
0.188068
0.189071
0.189972
0.190807
0.19159600000000002
0.192433
0.19316
0.193862
0.194548
0.195243
0.19592
0.196534
0.19719799999999998
0.197801
0.198438
0.199082
0.199675
0.200292
0.20087100000000002
0.20143
0.202
0.202561
0.203122
0.203685
0.20424
0.204795
0.20535
0.205902
0.206446
0.207042
0.20760599999999998
0.20813900000000002
0.208741
0.209318
0.209927
0.210505
0.211146
0.211766
0.212411
0.213097
0.213839
0.21456399999999998
0.21529900000000002
0.216105
0.216884
0.21771200000000002
0.218627
0.219509
0.220472
0.22140100000000001
0.222414
0.223426
0.224487
0.22556700000000002
0.226656
0.227796
0.22893300000000003
0.230139
0.231397

Vgs: 3.0
-8.76712e-07
0.0186654
0.0368065
0.0543921
0.0714516
0.0880498
0.104139
0.119759
0.13489500000000001
0.149445
0.16336799999999999
0.176679
0.18932500000000002
0.201191
0.212294
0.222639
0.23217
0.240675
0.24830799999999997
0.25510499999999997
0.260913
0.265793
0.269783
0.272916
0.275405
0.277325
0.278931
0.280188
0.281459
0.282512
0.283605
0.284614
0.285494
0.28642799999999996
0.287297
0.28819799999999995
0.28897900000000004
0.28982800000000003
0.290686
0.29143600000000003
0.292186
0.292944
0.293701
0.29441
0.295101
0.295867
0.296489
0.297268
0.29797
0.29862299999999997
0.299326
0.299875
0.300552
0.301259
0.301993
0.302722
0.303329
0.304027
0.304688
0.30549499999999996
0.306267
0.307065
0.30781
0.308685
0.309517
0.31041199999999997
0.311366
0.312345
0.313353
0.31443299999999996
0.31549900000000003
0.316714
0.317936
0.319231
0.320523
0.32186600000000004
0.32333
0.32480600000000004
0.326432
0.327941
0.329542

Vgs: 3.5
-1.02675e-06
0.020707700000000002
0.0409398
0.060693000000000004
0.0800309
0.09902459999999999
0.117702
0.136024
0.153989
0.171566
0.188653
0.20526
0.221327
0.236829
0.251632
0.26580400000000004
0.279209
0.291991
0.303882
0.315005
0.32529800000000003
0.33471100000000004
0.343282
0.350973
0.35771000000000003
0.36357
0.36860099999999996
0.372695
0.376025
0.37871
0.380841
0.382682
0.384272
0.385559
0.386917
0.388148
0.389267
0.39037499999999997
0.391523
0.392621
0.39358299999999996
0.394493
0.39546600000000004
0.39642900000000003
0.397311
0.398219
0.39910599999999996
0.399948
0.400743
0.401596
0.40233
0.40318899999999996
0.403984
0.404819
0.405539
0.40566199999999997
0.41616
0.415815
0.40685
0.40881
0.41516
0.41636100000000004
0.41900299999999996
0.418294
0.420319
0.418736
0.42247
0.42058900000000005
0.426378
0.418394
0.425755
0.42634900000000003
0.426086
0.430048
0.429398
0.43102100000000004
0.430834
0.432589
0.43449
0.437313
0.435891

Vgs: 4.0
-8.52452e-07
0.0225289
0.0446032
0.06626750000000001
0.0876544
0.108748
0.129688
0.15040900000000001
0.170904
0.191075
0.21088300000000001
0.230378
0.24940500000000002
0.26787
0.28589000000000003
0.303407
0.32018599999999997
0.33641200000000004
0.351977
0.366868
0.38094300000000003
0.394247
0.406934
0.41874700000000004
0.429749
0.43988000000000005
0.449221
0.457706
0.46524400000000005
0.471836
0.47762299999999996
0.48267
0.486806
0.490298
0.492991
0.495354
0.49724100000000004
0.49900400000000006
0.5006550000000001
0.502027
0.5035499999999999
0.5047740000000001
0.506066
0.507234
0.508558
0.5095959999999999
0.510801
0.511786
0.512827
0.513857
0.51497
0.515884
0.516853
0.517763
0.518715
0.51971
0.5206059999999999
0.521613
0.522371
0.523275
0.524337
0.525039
0.5260100000000001
0.526894
0.527841
0.5288499999999999
0.529795
0.530875
0.5318299999999999
0.532887
0.534082
0.5353870000000001
0.536638
0.537926
0.539456
0.541
0.5426470000000001
0.544313
0.546199
0.548126
0.550195

Vgs: 4.5
-8.884820000000001e-07
0.024040799999999998
0.047655699999999995
0.0709056
0.0939427
0.11687
0.139738
0.162494
0.185113
0.207481
0.22964700000000002
0.251511
0.273158
0.294417
0.31521899999999997
0.335424
0.355178
0.37440599999999996
0.39315
0.41115599999999997
0.428473
0.445103
0.461149
0.476493
0.49118399999999995
0.5051110000000001
0.518344
0.530721
0.5422629999999999
0.553036
0.563078
0.572339
0.580358
0.587826
0.594252
0.599962
0.604936
0.609071
0.6124280000000001
0.615141
0.617667
0.619827
0.621748
0.6235350000000001
0.625054
0.626589
0.628058
0.62958
0.631056
0.632243
0.633454
0.634784
0.635954
0.637063
0.638179
0.639426
0.64046
0.641568
0.642475
0.6434960000000001
0.644481
0.645541
0.646501
0.64755
0.6487109999999999
0.649803
0.650651
0.651759
0.6529739999999999
0.653857
0.655133
0.6563
0.6573129999999999
0.6586219999999999
0.6600109999999999
0.661315
0.662816
0.664533
0.666229
0.668176
0.669903

Vgs: 5.0
-8.722739999999999e-07
0.0253649
0.0503257
0.0749554
0.0994664
0.12395
0.14850200000000002
0.17299399999999998
0.197581
0.221995
0.24623
0.27028
0.29402999999999996
0.317341
0.340531
0.36323300000000003
0.38538
0.40707
0.428709
0.44965700000000003
0.46929699999999996
0.48877800000000005
0.5078469999999999
0.526224
0.544045
0.561162
0.577681
0.593455
0.6088600000000001
0.623696
0.637193
0.649946
0.662121
0.673222
0.683141
0.692627
0.70144
0.709492
0.716477
0.7228169999999999
0.7290099999999999
0.733976
0.7378060000000001
0.741316
0.7446809999999999
0.746691
0.748915
0.7509739999999999
0.75302
0.7546700000000001
0.756656
0.758
0.759792
0.7608969999999999
0.762639
0.764012
0.7649999999999999
0.765533
0.767075
0.7681129999999999
0.7693720000000001
0.771321
0.7715759999999999
0.772888
0.774198
0.775105
0.776024
0.777202
0.7783249999999999
0.779496
0.780539
0.781654
0.782551
0.783788
0.784981
0.786245
0.787634
0.789103
0.79078
0.792142
0.793936

Vgs: 5.5
-1.10136e-06
0.0264538
0.0524963
0.07825660000000001
0.104078
0.12988999999999998
0.155954
0.181978
0.207934
0.234034
0.260025
0.28589400000000004
0.311526
0.33690400000000004
0.362068
0.387247
0.411647
0.435646
0.459238
0.482472
0.505037
0.5269940000000001
0.5486930000000001
0.5697089999999999
0.5903160000000001
0.610162
0.6295540000000001
0.6484009999999999
0.666297
0.683686
0.700502
0.7166330000000001
0.732001
0.746574
0.7605259999999999
0.774047
0.786427
0.797803
0.80899
0.818713
0.828413
0.8365640000000001
0.844593
0.851052
0.85754
0.86282
0.866919
0.870989
0.874591
0.877201
0.879744
0.881984
0.884317
0.886364
0.888156
0.8898419999999999
0.891472
0.893161
0.8946740000000001
0.896456
0.8980159999999999
0.8992680000000001
0.9005000000000001
0.9016160000000001
0.903193
0.904301
0.905352
0.906752
0.908203
0.909305
0.9102290000000001
0.911721
0.912756
0.913751
0.915317
0.91616
0.917697
0.91896
0.920242
0.921465
0.9230440000000001

Vgs: 6.0
-9.29812e-07
0.0273905
0.054443700000000005
0.0812184
0.108076
0.135105
0.162366
0.18979700000000002
0.217402
0.245086
0.272715
0.300325
0.327717
0.354947
0.381907
0.408526
0.43490199999999996
0.461024
0.48667900000000003
0.511915
0.536634
0.560909
0.5848150000000001
0.608136
0.631118
0.653481
0.675461
0.696699
0.717651
0.73762
0.757296
0.776217
0.794247
0.811873
0.8291550000000001
0.845365
0.860826
0.8757619999999999
0.8901249999999999
0.903344
0.916001
0.92823
0.9391999999999999
0.949454
0.959586
0.968378
0.976097
0.9835410000000001
0.9897809999999999
0.9956299999999999
1.0025
1.0069899999999998
1.01097
1.01424
1.0170299999999999
1.01997
1.02236
1.02436
1.02624
1.02823
1.02979
1.03132
1.0331400000000002
1.03507
1.03634
1.03786
1.0396800000000002
1.04099
1.04224
1.0438800000000001
1.04511
1.04639
1.04761
1.04907
1.05045
1.05186
1.05282
1.05492
1.05549
1.05699
1.05786

Vgs: 6.5
-1.0765600000000002e-06
0.028151
0.0559283
0.0835607
0.111209
0.139212
0.16741999999999999
0.195989
0.224797
0.25368999999999997
0.282518
0.311511
0.340405
0.369021
0.397584
0.425873
0.453944
0.481658
0.5092230000000001
0.536115
0.562859
0.589118
0.6149600000000001
0.6405780000000001
0.6654680000000001
0.69024
0.714326
0.738092
0.760854
0.783412
0.805231
0.826511
0.8476999999999999
0.8678349999999999
0.887591
0.906469
0.9245059999999999
0.942507
0.959423
0.975989
0.9908880000000001
1.00695
1.0222600000000002
1.03615
1.0490199999999998
1.06101
1.07245
1.08325
1.09269
1.10242
1.1104
1.11828
1.12564
1.13191
1.13697
1.14211
1.14622
1.15066
1.15291
1.1563599999999998
1.15913
1.16094
1.16303
1.16515
1.1674
1.16901
1.17103
1.1725800000000002
1.1744800000000002
1.1761
1.17763
1.17915
1.18041
1.1820000000000002
1.1827400000000001
1.1835
1.18586
1.18821
1.1889800000000001
1.19021
1.19167

Vgs: 7.0
-9.032730000000001e-07
0.0288577
0.057348800000000005
0.0857097
0.11422800000000001
0.143087
0.17227299999999998
0.201808
0.23167700000000002
0.261648
0.291685
0.321854
0.35196
0.381983
0.411704
0.441378
0.470818
0.49999099999999996
0.52879
0.557431
0.585741
0.613595
0.641074
0.6686930000000001
0.695502
0.721777
0.7479589999999999
0.7734420000000001
0.79862
0.823479
0.84698
0.8704160000000001
0.893851
0.916597
0.938804
0.960277
0.980956
1.00267
1.02187
1.04138
1.05967
1.07793
1.09524
1.11109
1.12697
1.142
1.15592
1.17041
1.18314
1.19534
1.20663
1.21806
1.22803
1.2373399999999999
1.24557
1.25392
1.26098
1.2672199999999998
1.2727000000000002
1.27808
1.28304
1.28681
1.29045
1.29359
1.29681
1.29904
1.30135
1.3038699999999999
1.30641
1.30803
1.31044
1.3119399999999999
1.31358
1.31463
1.31719
1.31843
1.31955
1.32146
1.3227
1.3246099999999998
1.32547

Vgs: 7.5
-9.327570000000001e-07
0.0295166
0.0586649
0.087723
0.116977
0.14662599999999998
0.176753
0.207202
0.23797
0.268977
0.300167
0.331194
0.362456
0.39355599999999996
0.42455
0.455569
0.486221
0.516483
0.546871
0.576757
0.60649
0.635575
0.66463
0.693341
0.721797
0.749721
0.777365
0.804623
0.8310569999999999
0.857544
0.8835820000000001
0.908622
0.933764
0.958552
0.9820639999999999
1.00726
1.03011
1.05282
1.07485
1.09617
1.11654
1.13757
1.1568699999999998
1.1754
1.19377
1.21153
1.2286000000000001
1.24517
1.2611
1.2763099999999998
1.2911000000000001
1.30395
1.31722
1.3292300000000001
1.34134
1.3519999999999999
1.36195
1.37197
1.38059
1.389
1.39646
1.4033
1.40964
1.41509
1.4189800000000001
1.42375
1.42761
1.43163
1.43425
1.43746
1.43996
1.44189
1.44443
1.4465400000000002
1.4487
1.45053
1.4526299999999999
1.4544
1.4566
1.4583000000000002
1.4597099999999998

Vgs: 8.0
-1.10138e-06
0.030076699999999998
0.0597999
0.08943910000000001
0.11936500000000001
0.149727
0.18063
0.21185900000000002
0.24349500000000002
0.275445
0.307477
0.339651
0.371776
0.403989
0.43604499999999996
0.467914
0.499609
0.5312049999999999
0.562567
0.593517
0.624626
0.654951
0.685122
0.715234
0.745017
0.7743490000000001
0.80315
0.8316629999999999
0.8598129999999999
0.887598
0.9149149999999999
0.9417819999999999
0.968324
0.9944909999999999
1.02176
1.04707
1.07153
1.09603
1.11983
1.1427500000000002
1.16514
1.18747
1.20911
1.2302700000000002
1.25069
1.27064
1.2902600000000002
1.30894
1.32672
1.34465
1.36164
1.37762
1.3931900000000002
1.4082999999999999
1.42321
1.43665
1.44987
1.46244
1.47387
1.4849100000000002
1.49493
1.5047599999999999
1.5139699999999998
1.52151
1.5295
1.5367899999999999
1.54313
1.54842
1.5533299999999999
1.55782
1.5622699999999998
1.5655599999999998
1.5694400000000002
1.57222
1.5749
1.57755
1.57971
1.58249
1.5845200000000002
1.58654
1.58855
