Vgs range: 0,8,0.1
Vds range: 0,8,0.5

Vgs: 0.0
-7.61381e-07
-7.32463e-07
-7.682469999999999e-07
-7.95273e-07
-8.01814e-07
-7.73023e-07
-7.73424e-07
-8.87864e-07
-8.185030000000001e-07
-8.319919999999999e-07
-7.907e-07
-8.361269999999999e-07
-8.31872e-07
-7.80435e-07
-7.92172e-07
-8.21327e-07
-8.34166e-07
-8.335540000000001e-07
-8.217060000000001e-07
-8.007370000000001e-07
-8.2083e-07
-8.325489999999999e-07
-7.87954e-07
-7.873570000000001e-07
-8.64252e-07
-8.478179999999999e-07
-8.773149999999999e-07
-8.61921e-07
-8.29467e-07
-8.65604e-07
-9.02856e-07
-8.56854e-07
-8.721990000000001e-07
-8.83187e-07
-9.06053e-07
-8.853999999999999e-07
-8.864479999999999e-07
-8.73609e-07
-8.86526e-07
-8.78046e-07
-8.48585e-07
-8.42857e-07
-9.03194e-07
-8.77474e-07
-8.60203e-07
-8.728980000000001e-07
-8.67813e-07
-8.70327e-07
-8.75774e-07
-8.731000000000001e-07
-8.36533e-07
-8.58699e-07
-9.299070000000001e-07
-9.30451e-07
-9.19029e-07
-9.125500000000001e-07
-8.908560000000001e-07
-9.10563e-07
-8.90896e-07
-8.41533e-07
-8.82073e-07
-9.21005e-07
-8.98908e-07
-8.578190000000001e-07
-8.373309999999999e-07
-9.10547e-07
-9.111890000000001e-07
-8.91685e-07
-8.43889e-07
-8.842079999999999e-07
-9.17102e-07
-8.96304e-07
-8.73239e-07
-8.79909e-07
-9.22478e-07
-9.26494e-07
-8.87456e-07
-8.89687e-07
-9.49331e-07
-9.63795e-07
-9.468070000000001e-07

Vgs: 0.5
0.000702451
0.000703907
0.000708325
0.0007266610000000001
0.000836935
0.00117467
0.00162308
0.00263079
0.0047345500000000006
0.0078003099999999995
0.0118313
0.0156803
0.0201084
0.0254367
0.030338300000000002
0.0353658
0.040386599999999995
0.044824
0.048976900000000004
0.0534805
0.0571947
0.0608888
0.0645264
0.06776789999999999
0.0709424
0.074128
0.07706260000000001
0.080225
0.0825659
0.0854657
0.08781649999999999
0.0906541
0.0927727
0.09465309999999999
0.09668700000000001
0.09896959999999999
0.101516
0.102921
0.104869
0.106792
0.10859200000000001
0.110565
0.11226
0.113751
0.11521
0.116767
0.118275
0.11993999999999999
0.121142
0.122801
0.12380799999999999
0.12507600000000002
0.126322
0.127468
0.12863
0.129636
0.130755
0.131809
0.132765
0.133703
0.13461399999999998
0.135494
0.136356
0.1371
0.13788999999999998
0.13866
0.139373
0.140119
0.14082999999999998
0.141541
0.142259
0.142893
0.143588
0.144254
0.14491600000000002
0.145546
0.14618
0.146774
0.147364
0.14799299999999999
0.14857

Vgs: 1.0
0.0011190100000000001
0.00111959
0.0011228
0.001133
0.00116524
0.0013050499999999999
0.00178389
0.0028125000000000003
0.00484612
0.007971780000000001
0.0127618
0.0172924
0.0232659
0.030540100000000004
0.0383753
0.0473196
0.0562834
0.06594699999999999
0.0754812
0.0845196
0.0935409
0.103409
0.109992
0.117752
0.125049
0.132269
0.13888
0.145376
0.15162899999999999
0.15750599999999998
0.163435
0.168961
0.17427600000000001
0.179459
0.18433999999999998
0.189316
0.194016
0.19797
0.202933
0.2072
0.21147200000000002
0.215491
0.21939099999999997
0.223292
0.226988
0.230545
0.234233
0.23708400000000002
0.23824499999999998
0.244604
0.247036
0.24979
0.252815
0.255643
0.25837899999999997
0.260845
0.26356300000000005
0.26479800000000003
0.267721
0.268216
0.27236
0.276318
0.277486
0.278999
0.28121999999999997
0.283196
0.284784
0.286279
0.28770100000000004
0.289528
0.291658
0.293076
0.29466
0.29401900000000003
0.247602
0.275725
0.253152
0.269147
0.265308
0.268412
0.270139

Vgs: 1.5
0.00154253
0.0015421
0.0015456399999999998
0.0015586500000000002
0.00159673
0.0017671
0.0022517099999999996
0.00346627
0.00566588
0.00888516
0.013998
0.018785899999999998
0.0248762
0.032357699999999996
0.0407067
0.0498715
0.058615600000000004
0.07050529999999999
0.0821356
0.09395719999999999
0.108551
0.119041
0.131452
0.143535
0.15522
0.166808
0.177727
0.187754
0.197353
0.20616800000000002
0.21592399999999998
0.22455199999999997
0.232828
0.240717
0.248294
0.255955
0.263193
0.270157
0.276552
0.28289899999999996
0.289325
0.29540000000000005
0.301083
0.305775
0.312189
0.317744
0.322905
0.327961
0.332719
0.337408
0.34201400000000004
0.346345
0.350498
0.354652
0.358619
0.36253799999999997
0.36629300000000004
0.369834
0.373621
0.377042
0.380252
0.383389
0.38631
0.389177
0.39198
0.39498300000000003
0.39743100000000003
0.400015
0.402326
0.404747
0.407113
0.409242
0.411412
0.41373899999999997
0.415836
0.41797
0.41994899999999996
0.422138
0.42428000000000005
0.426642
0.428675

Vgs: 2.0
0.00199242
0.00199153
0.0019958999999999997
0.0020057399999999998
0.00204991
0.00223544
0.00284714
0.004124480000000001
0.00642869
0.00995582
0.0151308
0.0199993
0.0265912
0.034077500000000004
0.0424097
0.051956
0.0621726
0.07340269999999999
0.08491889999999999
0.0972182
0.112647
0.12423800000000002
0.138646
0.15276299999999998
0.167908
0.183346
0.197451
0.21366700000000002
0.228123
0.242517
0.256368
0.269226
0.281833
0.29370399999999997
0.30535399999999996
0.31676000000000004
0.32745
0.337919
0.347774
0.357809
0.36727
0.37615499999999996
0.384908
0.393429
0.40161199999999997
0.409228
0.417224
0.424577
0.431977
0.438935
0.44572
0.452202
0.45894
0.46509900000000004
0.47108700000000003
0.47672200000000003
0.482744
0.48858500000000005
0.493721
0.49924799999999997
0.5040640000000001
0.508833
0.5135810000000001
0.5179860000000001
0.522215
0.5261680000000001
0.529952
0.534142
0.537165
0.540992
0.544408
0.547998
0.5514330000000001
0.554463
0.5575960000000001
0.560538
0.563782
0.5668300000000001
0.570052
0.572895
0.575979

Vgs: 2.5
0.00248131
0.00248337
0.00249093
0.0025098800000000004
0.00256385
0.00277585
0.00343189
0.004780599999999999
0.00723661
0.011385200000000002
0.015134400000000001
0.0210402
0.0276775
0.0356259
0.0440406
0.053845399999999995
0.0642071
0.0751972
0.0876667
0.0997532
0.11552000000000001
0.127229
0.141731
0.156674
0.172407
0.188581
0.205446
0.222058
0.239175
0.256805
0.275356
0.289244
0.309326
0.326061
0.3422
0.358109
0.37321499999999996
0.388433
0.401881
0.415617
0.428999
0.44156799999999996
0.45392400000000005
0.465918
0.477531
0.487738
0.499319
0.5096579999999999
0.5197790000000001
0.529511
0.5390119999999999
0.548292
0.557038
0.565901
0.5741989999999999
0.582226
0.590322
0.5978939999999999
0.6051150000000001
0.612667
0.619607
0.62604
0.631817
0.637974
0.643782
0.649484
0.655526
0.661336
0.6669799999999999
0.672041
0.6768339999999999
0.681414
0.686206
0.6907340000000001
0.6950850000000001
0.699274
0.703597
0.70782
0.7119869999999999
0.716228
0.720173

Vgs: 3.0
0.0029782000000000003
0.00297747
0.00299038
0.00300684
0.0030662399999999996
0.00330822
0.00398805
0.00542579
0.007947560000000001
0.012241499999999999
0.0162689
0.0220591
0.0289581
0.0368252
0.0455037
0.0553873
0.0661412
0.077053
0.0893341
0.10444300000000001
0.115696
0.12979
0.14460699999999999
0.159909
0.17635099999999998
0.192537
0.209273
0.226647
0.24442799999999998
0.263062
0.281317
0.300354
0.319644
0.33901899999999996
0.35878
0.378716
0.398302
0.41446099999999997
0.435111
0.45347299999999996
0.471601
0.488027
0.504619
0.5205430000000001
0.535832
0.550561
0.565125
0.5788530000000001
0.592268
0.6054120000000001
0.618004
0.6285569999999999
0.642526
0.6536069999999999
0.665158
0.6760499999999999
0.6862539999999999
0.6973940000000001
0.70711
0.7166600000000001
0.725898
0.734704
0.743656
0.7516689999999999
0.760152
0.768292
0.775883
0.783499
0.790521
0.79717
0.803664
0.810292
0.817207
0.8233090000000001
0.829256
0.835465
0.842823
0.8492219999999999
0.854372
0.859983
0.865792

Vgs: 3.5
0.00352195
0.00353454
0.0035372000000000003
0.00355175
0.00362277
0.00387178
0.00460802
0.00618257
0.008758740000000001
0.013194699999999998
0.0173437
0.0217546
0.030176
0.038396
0.0471165
0.0571103
0.0588797
0.058868
0.058879799999999996
0.0588953
0.0588866
0.058897500000000005
0.0588838
0.0977558
0.18185099999999998
0.196228
0.212914
0.230553
0.24856200000000003
0.267191
0.286342
0.305812
0.325531
0.345361
0.365694
0.386753
0.40768899999999997
0.42956
0.450063
0.471206
0.492887
0.513495
0.534519
0.554933
0.574439
0.593668
0.611994
0.6302369999999999
0.647542
0.664605
0.6809299999999999
0.696957
0.71219
0.727274
0.741792
0.755872
0.76932
0.782984
0.795571
0.8081860000000001
0.8209380000000001
0.832198
0.844151
0.8552409999999999
0.8662449999999999
0.876185
0.8862909999999999
0.895471
0.904864
0.913713
0.9226800000000001
0.930736
0.93886
0.9468639999999999
0.954396
0.961933
0.969233
0.976373
0.983058
0.990463
0.997765

Vgs: 4.0
0.00404772
0.0040542500000000006
0.00407073
0.0040896
0.00416296
0.00445079
0.0052238
0.00684302
0.0095836
0.014126300000000001
0.0184114
0.0245052
0.0314914
0.0397785
0.0487535
0.058666199999999995
0.0694568
0.0812384
0.093762
0.0957255
0.0957545
0.0957956
0.0957487
0.095758
0.0957552
0.0957832
0.209806
0.234347
0.252743
0.27097200000000005
0.290574
0.310004
0.329986
0.350935
0.37114400000000003
0.392242
0.414554
0.435764
0.45699500000000004
0.4793
0.501886
0.524381
0.5472199999999999
0.5704790000000001
0.5931559999999999
0.615105
0.637249
0.659654
0.681263
0.701776
0.722126
0.7419749999999999
0.761009
0.7783599999999999
0.797892
0.815632
0.83303
0.849468
0.865175
0.881297
0.895904
0.910686
0.9245990000000001
0.938013
0.951315
0.964448
0.976195
0.9882420000000001
0.999897
1.01486
1.02373
1.03458
1.04475
1.05444
1.0643600000000002
1.07349
1.08203
1.0907600000000002
1.09976
1.1068799999999999
1.11535

Vgs: 4.5
0.0046337999999999996
0.00463899
0.00465658
0.00468449
0.0047770799999999995
0.00507507
0.0059023
0.007590390000000001
0.0109079
0.014281799999999999
0.0193228
0.0256529
0.0326257
0.040995399999999994
0.0499906
0.060162099999999996
0.07113159999999999
0.0828026
0.09541909999999999
0.110912
0.122612
0.134757
0.152338
0.167938
0.18476599999999999
0.201592
0.219063
0.237022
0.255344
0.27440800000000004
0.293934
0.313678
0.333927
0.35427499999999995
0.375273
0.3967
0.418457
0.441102
0.46273400000000003
0.485084
0.508056
0.530821
0.554302
0.5780339999999999
0.601176
0.62491
0.6486810000000001
0.672526
0.696262
0.719815
0.743349
0.766351
0.790154
0.811582
0.833727
0.855039
0.875189
0.895516
0.915585
0.933815
0.952345
0.969638
0.987059
1.00854
1.0221500000000001
1.03774
1.05261
1.0652700000000002
1.08124
1.09466
1.1074599999999999
1.1198899999999998
1.1318599999999999
1.14331
1.15376
1.1634799999999998
1.17257
1.17844
1.18293
1.19504
1.18251

Vgs: 5.0
0.005199240000000001
0.00520783
0.0052286500000000005
0.005257759999999999
0.00535719
0.00569124
0.00656471
0.00830874
0.0117389
0.015188799999999999
0.020339999999999997
0.026673
0.033840999999999996
0.042339400000000006
0.0508284
0.0618584
0.0728094
0.08454060000000001
0.0974028
0.113039
0.124707
0.139431
0.154997
0.17049799999999998
0.187606
0.204335
0.222165
0.240123
0.25846199999999997
0.277694
0.29748399999999997
0.317469
0.33432900000000004
0.358384
0.37952199999999997
0.401908
0.42304
0.445341
0.467431
0.49067
0.513624
0.537623
0.560723
0.584323
0.608352
0.63259
0.636744
0.6367999999999999
0.6368250000000001
0.6368510000000001
0.636946
0.6368889999999999
0.6368739999999999
0.740822
0.851999
0.878446
0.902381
0.926092
0.948981
0.9724809999999999
0.994729
1.0225099999999998
1.03937
1.06007
1.08007
1.09868
1.10316
1.10304
1.10329
1.1034
1.1033
1.10382
1.10391
1.17733
1.24835
1.2639699999999998
1.27765
1.29173
1.30427
1.3174599999999999
1.3293899999999998

Vgs: 5.5
0.0057836
0.00577976
0.0058051100000000005
0.0058538800000000005
0.00595996
0.00629817
0.00722811
0.0090852
0.012568800000000001
0.016111
0.021381300000000002
0.0278013
0.03523
0.042961
0.0532114
0.0634566
0.074961
0.086464
0.09938319999999999
0.115221
0.126973
0.14203100000000002
0.157311
0.173401
0.190348
0.207164
0.224165
0.243482
0.261696
0.281011
0.300813
0.32134999999999997
0.34145699999999995
0.362562
0.38351
0.405711
0.42738200000000004
0.44981
0.472431
0.49499899999999997
0.51504
0.541866
0.5661120000000001
0.5899460000000001
0.61405
0.6389440000000001
0.662868
0.6883539999999999
0.712533
0.738279
0.763038
0.787837
0.814149
0.838754
0.861185
0.889653
0.914976
0.9401039999999999
0.966475
0.990966
1.0216699999999999
1.042
1.06596
1.08983
1.11286
1.13582
1.15759
1.1799
1.19982
1.2202300000000001
1.23982
1.25891
1.2626
1.26278
1.2629
1.26292
1.26298
1.26305
1.31914
1.39143
1.40744

Vgs: 6.0
0.00637532
0.006385780000000001
0.0063978099999999994
0.006453749999999999
0.00658864
0.00696738
0.00798357
0.00985868
0.0134702
0.0170846
0.0224223
0.0289418
0.0365182
0.0454934
0.0546802
0.0650706
0.0766271
0.0884717
0.103768
0.11491499999999999
0.12998
0.144366
0.160047
0.17593599999999998
0.19281600000000002
0.210215
0.228824
0.24664499999999998
0.264932
0.285125
0.304302
0.32518199999999997
0.345118
0.365839
0.387626
0.40939299999999995
0.431243
0.454025
0.476655
0.499627
0.523879
0.5465580000000001
0.569853
0.5944980000000001
0.61902
0.644267
0.668077
0.693155
0.717914
0.743566
0.769142
0.793952
0.819609
0.845105
0.8712070000000001
0.897331
0.91886
0.948894
0.973923
1.0061200000000001
1.0284300000000002
1.05302
1.0788099999999998
1.10436
1.12935
1.1543
1.1790100000000001
1.20306
1.22692
1.25012
1.27285
1.2948199999999999
1.31662
1.3383500000000002
1.3583399999999999
1.3783599999999998
1.3974199999999999
1.41653
1.4345199999999998
1.45107
1.46981

Vgs: 6.5
0.00697755
0.00697795
0.007000200000000001
0.00704297
0.00718403
0.00760131
0.00859489
0.0110096
0.0136931
0.018017599999999998
0.0234655
0.0300741
0.037994
0.0467068
0.0560803
0.06687760000000001
0.0780939
0.0904784
0.105995
0.117422
0.13188499999999997
0.147187
0.16280799999999998
0.178811
0.195775
0.213486
0.231285
0.24968700000000002
0.269085
0.288294
0.308276
0.32827300000000004
0.348742
0.369705
0.39100799999999997
0.413284
0.43529799999999996
0.45857899999999996
0.480639
0.503896
0.5272570000000001
0.550813
0.5752780000000001
0.598237
0.623579
0.648335
0.6728879999999999
0.698305
0.723985
0.748867
0.774412
0.79988
0.825504
0.851087
0.878228
0.903722
0.929208
0.952222
0.9820169999999999
1.0146199999999999
1.03644
1.06008
1.08914
1.1148099999999999
1.14064
1.1668399999999999
1.19191
1.21803
1.24308
1.26795
1.29275
1.31792
1.34134
1.36465
1.38845
1.39282
1.39273
1.3928600000000002
1.39307
1.39333
1.3932499999999999

Vgs: 7.0
0.00761429
0.00762204
0.0076577600000000004
0.00770069
0.00783353
0.00825774
0.00932521
0.011801699999999998
0.0145556
0.018952
0.024729400000000002
0.0303721
0.0390135
0.0481113
0.0577735
0.0688013
0.0803821
0.0927191
0.108445
0.120016
0.134661
0.150289
0.165955
0.18226799999999999
0.199206
0.217042
0.235316
0.25396
0.272603
0.292245
0.31262599999999996
0.33288799999999996
0.353281
0.374548
0.39577900000000005
0.418159
0.440698
0.462868
0.485073
0.5082920000000001
0.531993
0.556411
0.580198
0.584104
0.584107
0.5841649999999999
0.5841620000000001
0.5842160000000001
0.584172
0.5842179999999999
0.66689
0.800759
0.831396
0.857198
0.8833890000000001
0.909606
0.9354600000000001
0.9673849999999999
0.9890019999999999
1.02164
1.0434999999999999
1.07017
1.0953600000000001
1.12197
1.1482
1.17467
1.20022
1.22744
1.2522
1.27928
1.3042399999999998
1.3278
1.35467
1.38108
1.40581
1.43072
1.45425
1.47852
1.50211
1.52444
1.54698

Vgs: 7.5
0.008230969999999999
0.00822327
0.00825314
0.00830074
0.00845044
0.00892286
0.0102969
0.0121382
0.0150879
0.01996
0.0257964
0.0325733
0.0407455
0.049901
0.059546699999999994
0.07076199999999999
0.0825089
0.09512380000000001
0.111079
0.12263199999999999
0.137771
0.153297
0.169515
0.185998
0.203343
0.221343
0.239385
0.25832999999999995
0.277314
0.297108
0.317373
0.338534
0.35861299999999996
0.379659
0.40112600000000004
0.423304
0.44551999999999997
0.468068
0.49073900000000004
0.5141180000000001
0.537185
0.561181
0.585608
0.609433
0.6345189999999999
0.6588769999999999
0.6832980000000001
0.7087789999999999
0.7339100000000001
0.759696
0.7850720000000001
0.810666
0.836857
0.8632890000000001
0.88776
0.9166810000000001
0.94221
0.969511
0.996093
1.02871
1.05067
1.07672
1.1043800000000001
1.13076
1.15669
1.18349
1.20933
1.23417
1.26147
1.28836
1.31448
1.34036
1.36676
1.39289
1.41741
1.44299
1.4677
1.49245
1.51764
1.54228
1.5666

Vgs: 8.0
0.008897180000000001
0.008891880000000001
0.008936610000000001
0.009009409999999999
0.00917485
0.00965654
0.0111022
0.0129951
0.0165294
0.021011099999999998
0.0268803
0.0339042
0.0421099
0.051390700000000004
0.061451799999999994
0.0728116
0.0848938
0.0978746
0.114027
0.125812
0.141383
0.157199
0.173972
0.19026300000000002
0.207924
0.22623200000000002
0.244674
0.26386200000000004
0.28293399999999996
0.302933
0.32354
0.34414500000000003
0.365099
0.38627
0.40816399999999997
0.430821
0.452358
0.47512
0.498155
0.5209309999999999
0.5438869999999999
0.567879
0.5925830000000001
0.616313
0.640563
0.665243
0.6897420000000001
0.715122
0.73983
0.76574
0.7912830000000001
0.816572
0.8430259999999999
0.868601
0.873351
0.8736119999999999
0.8734
0.873328
0.873354
0.873633
0.8735919999999999
0.984829
1.1133499999999998
1.13565
1.1620000000000001
1.18856
1.21474
1.24172
1.2677800000000001
1.29444
1.3207900000000001
1.34669
1.37304
1.39906
1.42309
1.45115
1.47673
1.50278
1.5282099999999998
1.55352
1.5787200000000001
