Vgs range: 0,8,0.5
Vds range: 0,8,0.1

Vgs: 0.0
-7.43652e-07
8.05264e-05
0.000379473
0.000505962
0.000608543
0.000695874
0.000782708
0.0008691419999999999
0.000950348
0.00103447
0.0011153699999999999
0.00119724
0.0012827499999999998
0.00136779
0.00145545
0.00153768
0.0016286
0.0017209999999999999
0.00181428
0.0019024500000000002
0.0019943
0.0020910200000000003
0.00218481
0.0022797700000000004
0.0023814
0.00248165
0.00258881
0.00268143
0.00278308
0.00288488
0.00298911
0.00309656
0.00320758
0.0033186400000000003
0.00342263
0.00353171
0.00364477
0.00376262
0.0038625099999999996
0.003975599999999999
0.00408676
0.0042030999999999995
0.00431128
0.0044277
0.00453609
0.00464859
0.004768140000000001
0.00488668
0.00499504
0.00510756
0.00522535
0.00534202
0.00546393
0.0055832799999999995
0.00570204
0.00582569
0.00594015
0.00605372
0.0061569
0.00630332
0.00641631
0.006535259999999999
0.00665292
0.00677468
0.00691231
0.00704526
0.007169
0.00728801
0.00741173
0.00754287
0.00767187
0.0077846899999999995
0.00790892
0.008044570000000001
0.00816518
0.00828947
0.008425189999999999
0.00856003
0.008699140000000001
0.00883221
0.008953580000000001

Vgs: 0.5
-7.770919999999999e-07
0.00046541999999999997
0.000740598
0.000894707
0.0010060899999999998
0.00110332
0.00120057
0.00134635
0.00137773
0.00145201
0.00148113
0.00162819
0.00192664
0.001861
0.0020488900000000003
0.00198374
0.00213691
0.00219885
0.00241578
0.00255762
0.0026496099999999997
0.0027848
0.002836
0.00298107
0.00316276
0.00335916
0.00340004
0.00358922
0.00358113
0.00370998
0.00375826
0.0037919399999999997
0.003972740000000001
0.0040114
0.00425523
0.0043240100000000005
0.0043655
0.00450467
0.00468499
0.00470818
0.004941989999999999
0.004973470000000001
0.00547338
0.0055308200000000005
0.00559234
0.00576494
0.00584724
0.00593033
0.0059849000000000005
0.00616406
0.00625216
0.0064873100000000005
0.006557670000000001
0.00664311
0.00674964
0.00692112
0.00691208
0.00706283
0.00738377
0.00742527
0.00739858
0.00769505
0.0077046200000000006
0.00789305
0.00803214
0.00814403
0.00841309
0.008450000000000001
0.008456229999999999
0.0088433
0.00887275
0.009042670000000001
0.00935092
0.00965151
0.00952298
0.00953441
0.00978556
0.010096500000000001
0.010115
0.0101882
0.0105148

Vgs: 1.0
-8.11556e-07
0.00434527
0.007632849999999999
0.009928270000000001
0.011484999999999999
0.012286100000000001
0.012735799999999999
0.0126805
0.013022
0.013318100000000001
0.0130881
0.01364
0.0131645
0.0143561
0.0142826
0.0147023
0.0149922
0.0145217
0.015339899999999998
0.0159258
0.0146035
0.014931400000000001
0.0139344
0.0149482
0.0163244
0.0164402
0.0177203
0.0173417
0.017575999999999998
0.0177481
0.018015
0.017651399999999998
0.017960399999999998
0.017952799999999998
0.018938499999999997
0.0183446
0.0188432
0.0188506
0.0201585
0.0196462
0.020406200000000003
0.0199739
0.0203135
0.0209219
0.0205275
0.0208616
0.0210791
0.0216929
0.0214195
0.0217518
0.021989099999999998
0.0222713
0.0197726
0.022645699999999998
0.0236739
0.0235328
0.0242038
0.024522600000000002
0.0232534
0.023544
0.0237417
0.023571099999999998
0.0230043
0.0248733
0.0249085
0.025541499999999998
0.0252789
0.026726299999999998
0.0262439
0.0264376
0.026341200000000002
0.0269292
0.0275242
0.027342
0.0275704
0.0274142
0.027948999999999998
0.0280742
0.0288144
0.028654699999999998
0.0289409

Vgs: 1.5
-7.77793e-07
0.00932648
0.0179075
0.024907000000000002
0.031493
0.0368331
0.0408417
0.0441862
0.046153
0.048780199999999996
0.047250099999999996
0.0487122
0.050408100000000004
0.051067799999999997
0.0515751
0.051995900000000005
0.0522724
0.052664699999999995
0.0529305
0.0531653
0.0522911
0.054551
0.0546686
0.0548517
0.0536834
0.0537424
0.056217500000000004
0.0565413
0.056696800000000006
0.0560963
0.0572504
0.0578045
0.0574776
0.0567047
0.0521132
0.0601713
0.0630295
0.06496049999999999
0.0580635
0.0549694
0.0599867
0.0608464
0.06212090000000001
0.063292
0.0631552
0.06347069999999999
0.0633846
0.0635274
0.06452089999999999
0.063942
0.0643147
0.0645446
0.0651419
0.0656122
0.0580489
0.0569872
0.0642369
0.06695040000000001
0.06999979999999999
0.0713423
0.0696661
0.06604539999999999
0.0682325
0.0674996
0.0671867
0.0672297
0.0679503
0.0702768
0.0715633
0.0711285
0.0723577
0.0712583
0.0725479
0.073054
0.0731562
0.0743894
0.07515920000000001
0.0758972
0.0763322
0.0761395
0.07652139999999999

Vgs: 2.0
-8.057679999999999e-07
0.01327
0.025861199999999997
0.037618399999999996
0.0485393
0.0585931
0.0682689
0.07631589999999999
0.0833825
0.0904714
0.09598069999999999
0.100605
0.104104
0.106779
0.108929
0.11025499999999999
0.11082399999999999
0.11264
0.112354
0.11377100000000001
0.113969
0.11502799999999999
0.114047
0.115442
0.11639200000000001
0.113663
0.108545
0.116671
0.111515
0.117659
0.11565600000000001
0.1184
0.119379
0.11982200000000001
0.120091
0.12064499999999999
0.121334
0.12153599999999999
0.12210000000000001
0.12244799999999999
0.12305
0.12332399999999999
0.12385
0.124446
0.124747
0.12488899999999999
0.125406
0.12589
0.126599
0.12701600000000002
0.127316
0.127578
0.128377
0.12856
0.12904100000000002
0.129511
0.129989
0.13050099999999998
0.130994
0.13153
0.13206
0.132588
0.133128
0.133714
0.13429
0.134867
0.13548600000000002
0.136091
0.136747
0.13742
0.138078
0.138095
0.139489
0.140199
0.140947
0.141692
0.14246699999999998
0.14325000000000002
0.144017
0.144843
0.145658

Vgs: 2.5
-8.376780000000001e-07
0.0162542
0.0319433
0.0469758
0.0613758
0.0749938
0.0879745
0.100513
0.111847
0.123172
0.13336399999999998
0.142822
0.151417
0.158827
0.16505799999999998
0.170939
0.176582
0.179537
0.182357
0.18510200000000002
0.18722699999999998
0.187773
0.18892599999999998
0.19028
0.19121000000000002
0.19258799999999998
0.193407
0.19414700000000001
0.19541
0.195374
0.196375
0.19608799999999998
0.198205
0.19867600000000002
0.199064
0.201113
0.200991
0.200589
0.201792
0.204398
0.205035
0.204737
0.203635
0.205705
0.20156
0.20519700000000002
0.202924
0.205775
0.208336
0.207546
0.20752400000000001
0.208551
0.208362
0.20948399999999998
0.20951
0.207536
0.210361
0.210895
0.21242
0.21298
0.21294200000000002
0.213289
0.212818
0.213367
0.215564
0.21573900000000001
0.216884
0.217385
0.218244
0.219613
0.219891
0.221025
0.221936
0.22221400000000002
0.223666
0.224226
0.225556
0.228235
0.23011299999999998
0.22897
0.23180900000000002

Vgs: 3.0
-8.51538e-07
0.018753699999999998
0.036968100000000004
0.054645599999999996
0.0717944
0.0884518
0.104693
0.120337
0.13461800000000002
0.14895
0.162882
0.176307
0.189679
0.202265
0.212157
0.222474
0.23295100000000002
0.239565
0.247771
0.255175
0.264416
0.26529800000000003
0.270812
0.27334800000000004
0.27563099999999996
0.277709
0.27938399999999997
0.282194
0.282834
0.281841
0.284354
0.285788
0.286742
0.286864
0.29248
0.289377
0.290236
0.292225
0.292015
0.292038
0.292679
0.293518
0.29458700000000004
0.29601900000000003
0.295674
0.29747999999999997
0.29821600000000004
0.297994
0.298857
0.30033499999999996
0.301086
0.30172499999999997
0.300704
0.302439
0.302856
0.302506
0.306131
0.305198
0.307868
0.307021
0.306986
0.307037
0.308527
0.306894
0.30962
0.310914
0.312413
0.31495999999999996
0.314931
0.317144
0.317515
0.316196
0.32296
0.319426
0.318878
0.322689
0.324136
0.324271
0.32543900000000003
0.326808
0.328598

Vgs: 3.5
-8.106320000000001e-07
0.0208578
0.041081200000000005
0.0612109
0.080297
0.0995919
0.11826300000000001
0.136592
0.154217
0.171714
0.18879500000000002
0.20538199999999998
0.221482
0.23666
0.251047
0.264575
0.278404
0.291489
0.30368799999999996
0.31443600000000005
0.325876
0.333122
0.34557400000000005
0.350714
0.357406
0.361037
0.366622
0.37175199999999997
0.37453600000000004
0.381445
0.380858
0.384213
0.38189799999999996
0.388478
0.37895399999999996
0.390955
0.39207800000000004
0.393051
0.39832399999999996
0.392594
0.393224
0.395786
0.394824
0.396206
0.397271
0.398484
0.399431
0.399648
0.398935
0.401478
0.399257
0.40052499999999996
0.40022
0.402362
0.40514799999999995
0.407573
0.40309900000000004
0.40685899999999997
0.408432
0.412534
0.409518
0.410929
0.41311000000000003
0.411581
0.410787
0.415618
0.418843
0.41985900000000004
0.41324
0.416261
0.423461
0.420944
0.424043
0.424103
0.426402
0.430105
0.429986
0.430235
0.432099
0.434711
0.438625

Vgs: 4.0
-8.07885e-07
0.022612999999999998
0.044653
0.0663213
0.0880925
0.10890899999999999
0.13037300000000002
0.151223
0.17067
0.191349
0.211493
0.231678
0.25077900000000003
0.269469
0.287604
0.305122
0.322106
0.33837
0.353977
0.368948
0.383212
0.396524
0.409263
0.421197
0.43227899999999997
0.442481
0.45188900000000004
0.460463
0.46802699999999997
0.474746
0.480571
0.48558199999999996
0.492302
0.49665600000000004
0.49065000000000003
0.49656500000000003
0.49324199999999996
0.5075280000000001
0.498794
0.506011
0.504294
0.5112720000000001
0.512746
0.509836
0.512131
0.514872
0.514736
0.5155789999999999
0.509572
0.517246
0.518262
0.519705
0.52061
0.5207379999999999
0.519436
0.526126
0.521427
0.525972
0.525401
0.5253439999999999
0.5246759999999999
0.524694
0.524814
0.5225540000000001
0.527623
0.5235949999999999
0.533907
0.54008
0.541149
0.5380349999999999
0.537024
0.541149
0.532695
0.549825
0.553117
0.554933
0.546937
0.549142
0.550328
0.5535479999999999
0.553449

Vgs: 4.5
-8.64027e-07
0.024335600000000002
0.0475641
0.07166589999999999
0.0932182
0.11769600000000001
0.140252
0.163538
0.185316
0.209698
0.231372
0.253005
0.274655
0.295828
0.31648800000000005
0.336804
0.356986
0.375739
0.39485
0.413926
0.43206100000000003
0.448657
0.464111
0.477453
0.49332800000000004
0.50447
0.521128
0.534176
0.5473849999999999
0.5558489999999999
0.56767
0.5648610000000001
0.572951
0.587388
0.6009099999999999
0.604409
0.610412
0.618762
0.61709
0.620999
0.625206
0.6307440000000001
0.624985
0.629674
0.638309
0.633471
0.624289
0.620581
0.6327900000000001
0.6326879999999999
0.637422
0.63857
0.6394029999999999
0.638694
0.642725
0.6423960000000001
0.6450359999999999
0.6461509999999999
0.6463420000000001
0.644052
0.65148
0.64831
0.627671
0.6383559999999999
0.644604
0.655266
0.651493
0.655866
0.658195
0.658471
0.661086
0.6619170000000001
0.6587099999999999
0.658406
0.6602
0.664218
0.6661440000000001
0.666298
0.665698
0.669365
0.668583

Vgs: 5.0
-8.77462e-07
0.0254704
0.0505046
0.07527049999999999
0.0998333
0.12437400000000001
0.14899600000000002
0.173571
0.198495
0.22306499999999999
0.24749000000000002
0.271706
0.295603
0.319479
0.34234
0.365118
0.387607
0.409075
0.431045
0.45164800000000005
0.471728
0.49160800000000004
0.5105
0.529566
0.547256
0.565053
0.581937
0.598166
0.613285
0.626916
0.640214
0.652792
0.664799
0.67815
0.687093
0.6979249999999999
0.708429
0.715398
0.721245
0.7262879999999999
0.733941
0.736197
0.742432
0.743087
0.747238
0.749459
0.752131
0.75378
0.756518
0.7567929999999999
0.762567
0.763945
0.765717
0.7664650000000001
0.768839
0.7693599999999999
0.769318
0.7721600000000001
0.7727689999999999
0.77344
0.775098
0.778351
0.775856
0.777368
0.779952
0.780428
0.783369
0.788524
0.786338
0.785199
0.7842199999999999
0.784578
0.7928259999999999
0.792039
0.793774
0.799321
0.7922520000000001
0.793574
0.797867
0.797941
0.800591

Vgs: 5.5
-8.750410000000001e-07
0.0266233
0.052846500000000005
0.0788161
0.104727
0.130749
0.15689799999999998
0.183205
0.209534
0.235845
0.26211799999999996
0.288152
0.314065
0.339709
0.365045
0.39002
0.414617
0.43885
0.462557
0.48588
0.5087419999999999
0.530836
0.552746
0.573763
0.594625
0.614517
0.63407
0.652956
0.671509
0.688728
0.705793
0.721946
0.737263
0.7522
0.76612
0.779389
0.791768
0.803498
0.814697
0.82466
0.833985
0.8427009999999999
0.85016
0.857003
0.863226
0.868577
0.8729750000000001
0.8772829999999999
0.880503
0.883588
0.886347
0.8886379999999999
0.890514
0.892503
0.8946759999999999
0.896244
0.89788
0.899595
0.901119
0.902696
0.904359
0.905791
0.9072140000000001
0.908395
0.909703
0.910858
0.9121100000000001
0.913646
0.91496
0.915956
0.91714
0.918181
0.91947
0.9210750000000001
0.922044
0.923278
0.924193
0.9255059999999999
0.927154
0.928384
0.929668

Vgs: 6.0
-1.12628e-06
0.0274978
0.0546079
0.0815217
0.10846800000000001
0.135603
0.163017
0.190603
0.218348
0.246085
0.273867
0.301589
0.329101
0.356478
0.383539
0.41039899999999996
0.437018
0.46303300000000003
0.488815
0.5143380000000001
0.539131
0.563433
0.587549
0.6110720000000001
0.634367
0.656625
0.678613
0.700068
0.720934
0.74117
0.760774
0.779848
0.7981900000000001
0.8158660000000001
0.833018
0.849301
0.86516
0.8801749999999999
0.894274
0.907789
0.920809
0.9325479999999999
0.943797
0.9537410000000001
0.9643120000000001
0.9732729999999999
0.981265
0.988374
0.9954040000000001
1.00218
1.0074
1.01199
1.0163
1.01936
1.0221500000000001
1.02477
1.02729
1.0297800000000001
1.03196
1.0337
1.0354800000000002
1.03736
1.03882
1.04073
1.0424
1.04361
1.04517
1.04647
1.04794
1.04929
1.0508099999999998
1.05221
1.0535500000000002
1.05383
1.0561399999999999
1.0573299999999999
1.05884
1.05977
1.06115
1.06261
1.06356

Vgs: 6.5
-1.0518099999999999e-06
0.0282277
0.0560844
0.0838111
0.111646
0.13972
0.168103
0.196761
0.225658
0.254665
0.283707
0.312711
0.341653
0.37046799999999996
0.39916799999999997
0.427639
0.455805
0.483666
0.511175
0.538415
0.565195
0.5915630000000001
0.617669
0.643193
0.66836
0.693033
0.717361
0.740884
0.7639940000000001
0.786667
0.808696
0.8305520000000001
0.851356
0.871488
0.891121
0.910429
0.928947
0.94679
0.963874
0.9807870000000001
0.9965449999999999
1.01322
1.02763
1.04115
1.05399
1.06616
1.07707
1.0883500000000002
1.0982699999999999
1.1072
1.1156300000000001
1.1235600000000001
1.13043
1.13681
1.1421999999999999
1.14749
1.15153
1.1556
1.15892
1.16139
1.16395
1.1663000000000001
1.16858
1.17076
1.17267
1.1747100000000001
1.17636
1.1776200000000001
1.1790500000000002
1.1817799999999998
1.18321
1.18507
1.18609
1.18767
1.18893
1.19024
1.19167
1.19323
1.19422
1.19571
1.19681

Vgs: 7.0
-1.0267800000000001e-06
0.028908
0.0574562
0.0858578
0.114437
0.143344
0.172601
0.20223999999999998
0.232193
0.26219200000000004
0.292223
0.32240300000000005
0.352561
0.382631
0.412578
0.44227500000000003
0.47167200000000004
0.500904
0.530142
0.558639
0.587255
0.614821
0.642534
0.6698430000000001
0.697101
0.7235619999999999
0.7498
0.7753690000000001
0.80042
0.8253159999999999
0.849564
0.8731070000000001
0.8962100000000001
0.918928
0.941004
0.962347
0.983387
1.00526
1.02465
1.04364
1.06186
1.08026
1.09735
1.11408
1.1298899999999998
1.14507
1.15918
1.17273
1.18593
1.19823
1.20973
1.22088
1.23092
1.24016
1.24876
1.25739
1.26475
1.27125
1.27714
1.2826199999999999
1.287
1.2910199999999998
1.29427
1.2979999999999998
1.30105
1.30338
1.30589
1.30815
1.30923
1.3122500000000001
1.3142
1.31591
1.31766
1.31972
1.32145
1.3231499999999998
1.3247300000000002
1.3261
1.3275400000000002
1.3288900000000001
1.3303200000000002

Vgs: 7.5
-9.22482e-07
0.0295792
0.058794400000000004
0.087892
0.11722099999999999
0.146974
0.177125
0.207681
0.238575
0.269655
0.301244
0.332285
0.363483
0.39459299999999997
0.425384
0.456405
0.486759
0.517532
0.548349
0.577527
0.608031
0.6363690000000001
0.666068
0.694526
0.7233400000000001
0.751302
0.779779
0.806689
0.8333219999999999
0.858908
0.886591
0.911949
0.9354880000000001
0.961197
0.985449
1.00922
1.03228
1.0531
1.07577
1.09869
1.11917
1.13964
1.15945
1.17837
1.1969
1.2139600000000002
1.23157
1.2481499999999999
1.2635100000000001
1.2792299999999999
1.29318
1.30789
1.31936
1.33323
1.34364
1.35553
1.36549
1.37541
1.38383
1.39187
1.40171
1.4057
1.41323
1.41829
1.42368
1.42634
1.4312699999999998
1.43307
1.43815
1.44268
1.44543
1.44683
1.44924
1.4512399999999999
1.4531800000000001
1.45491
1.45754
1.4588800000000002
1.4622000000000002
1.4631699999999999
1.46378

Vgs: 8.0
-9.47101e-07
0.0301728
0.0599873
0.0897316
0.11975
0.150255
0.181226
0.21264100000000002
0.24442399999999997
0.276519
0.308545
0.341017
0.37305699999999997
0.405332
0.437461
0.469583
0.501409
0.533218
0.564622
0.595926
0.6268079999999999
0.657427
0.687846
0.717693
0.747518
0.7769320000000001
0.806011
0.834502
0.8627389999999999
0.890628
0.9182100000000001
0.9453280000000001
0.9719909999999999
0.9982840000000001
1.02519
1.0505600000000002
1.07551
1.09962
1.12327
1.1469200000000002
1.16955
1.1918499999999999
1.21312
1.23417
1.2547599999999999
1.27483
1.2938100000000001
1.3125
1.33101
1.3488
1.3657700000000002
1.3818599999999999
1.3974499999999999
1.41242
1.4271500000000001
1.44061
1.45396
1.46605
1.47746
1.4887
1.4990299999999999
1.50916
1.51761
1.5263900000000001
1.53345
1.5403
1.5466
1.5524600000000002
1.5569
1.5618100000000001
1.56558
1.5693199999999998
1.5731600000000001
1.57577
1.5783399999999999
1.58067
1.58365
1.58601
1.58775
1.5901800000000001
1.5919599999999998
