Vgs range: 0,8,0.1
Vds range: 0,8,0.5

Vgs: 0.0
-7.57761e-07
-7.372e-07
-7.54836e-07
-7.54169e-07
-7.352e-07
-7.283680000000001e-07
-7.48688e-07
-7.91846e-07
-7.405229999999999e-07
-7.52018e-07
-7.82564e-07
-7.88823e-07
-7.88209e-07
-7.95742e-07
-7.46997e-07
-8.013289999999999e-07
-8.06184e-07
-7.78418e-07
-7.73741e-07
-8.05151e-07
-8.43114e-07
-8.26488e-07
-8.16223e-07
-8.47425e-07
-8.48461e-07
-8.500830000000001e-07
-8.54246e-07
-8.74557e-07
-8.72304e-07
-8.71414e-07
-8.16476e-07
-8.63427e-07
-8.42174e-07
-9.02991e-07
-8.66432e-07
-8.65374e-07
-8.872679999999999e-07
-9.22152e-07
-9.37783e-07
-8.77345e-07
-8.834450000000001e-07
-9.37698e-07
-9.6229e-07
-9.099730000000001e-07
-8.99412e-07
-9.43133e-07
-9.497569999999999e-07
-9.25025e-07
-8.961950000000001e-07
-9.32655e-07
-9.498019999999999e-07
-9.285120000000001e-07
-9.54717e-07
-9.394420000000001e-07
-9.551310000000002e-07
-9.67493e-07
-9.446839999999999e-07
-9.30913e-07
-9.34376e-07
-9.530369999999999e-07
-9.57372e-07
-9.459769999999999e-07
-9.26492e-07
-9.20649e-07
-9.473269999999999e-07
-9.13963e-07
-9.5115e-07
-9.510920000000001e-07
-9.8109e-07
-9.580729999999999e-07
-9.382770000000001e-07
-9.412580000000001e-07
-9.30216e-07
-9.68863e-07
-9.39383e-07
-9.368940000000001e-07
-9.709139999999998e-07
-9.86804e-07
-1.12629e-06
-1.176e-06
-9.80978e-07

Vgs: 0.5
0.000708846
0.000707141
0.000710472
0.000719026
0.000754743
0.000911486
0.00148237
0.00236725
0.00417275
0.00609466
0.011522099999999999
0.0148575
0.0198249
0.0253209
0.0304438
0.0356232
0.040108200000000004
0.044536
0.0488844
0.052744400000000004
0.056989
0.060937399999999996
0.06369520000000001
0.0675327
0.07121219999999999
0.0741738
0.07705160000000001
0.0799549
0.0825785
0.085344
0.0878705
0.090328
0.0925421
0.09475220000000001
0.0972054
0.0993575
0.10165700000000001
0.103292
0.105134
0.106748
0.109034
0.110569
0.112294
0.113912
0.115611
0.11703
0.118618
0.120154
0.12150999999999999
0.12292600000000001
0.124253
0.125496
0.12662900000000002
0.127982
0.12920600000000002
0.130295
0.131235
0.132455
0.133392
0.134325
0.13520700000000002
0.136109
0.136908
0.137742
0.138517
0.13927699999999998
0.14006000000000002
0.140794
0.141519
0.142204
0.14294300000000001
0.143593
0.14428100000000002
0.144964
0.14563099999999998
0.14622
0.146869
0.147538
0.148024
0.148673
0.149245

Vgs: 1.0
0.00111963
0.00112184
0.00112429
0.0011335100000000001
0.0011649499999999999
0.0013027400000000001
0.00178286
0.00277419
0.0046981900000000005
0.00797783
0.0127893
0.0166118
0.0228588
0.0291667
0.0370546
0.0454224
0.0551644
0.0643467
0.0735425
0.08170190000000001
0.0921743
0.101882
0.108832
0.116262
0.123642
0.130746
0.137429
0.14411400000000002
0.150186
0.156539
0.16199000000000002
0.16799299999999998
0.17346399999999998
0.17851299999999998
0.184504
0.188773
0.19344
0.19764
0.202464
0.206906
0.211103
0.21466000000000002
0.21882
0.222401
0.22607899999999997
0.230037
0.233623
0.236859
0.240071
0.24321600000000002
0.24649200000000002
0.24698599999999998
0.24692799999999998
0.246949
0.24722699999999997
0.247053
0.247425
0.24729199999999998
0.258747
0.27030499999999996
0.272723
0.2746
0.277052
0.278624
0.280656
0.282646
0.284196
0.28609
0.287665
0.289572
0.291277
0.292692
0.294407
0.29593600000000003
0.29729700000000003
0.29880199999999996
0.300511
0.30180799999999997
0.303249
0.304699
0.306066

Vgs: 1.5
0.00153306
0.00153356
0.00154126
0.00154889
0.00158921
0.00173485
0.00226561
0.00346344
0.0056513200000000005
0.008969010000000001
0.0144268
0.0186691
0.0241119
0.031875400000000005
0.0398729
0.0482714
0.058035100000000006
0.0689594
0.079672
0.0913185
0.10688600000000001
0.11749899999999999
0.12982400000000002
0.1422
0.15493
0.16649899999999998
0.17835099999999998
0.189673
0.199978
0.209352
0.220658
0.22931500000000002
0.238788
0.247933
0.25637099999999996
0.26424899999999996
0.272978
0.28022600000000003
0.288379
0.294915
0.30151100000000003
0.309016
0.315551
0.322304
0.328892
0.334688
0.34115399999999996
0.346367
0.352132
0.357378
0.363026
0.367914
0.372581
0.378115
0.382235
0.38698600000000005
0.391339
0.39580699999999996
0.399579
0.40384200000000003
0.407782
0.411295
0.415204
0.418578
0.421945
0.424813
0.427828
0.431339
0.43436199999999997
0.435864
0.44015299999999996
0.44183100000000003
0.44514000000000004
0.447554
0.450931
0.452342
0.455737
0.45772199999999996
0.460216
0.462778
0.465191

Vgs: 2.0
0.00199127
0.00199051
0.00199856
0.0020153999999999997
0.0020661399999999997
0.0022959400000000002
0.00281643
0.0040283
0.0064112200000000005
0.009642669999999999
0.014322099999999999
0.0188261
0.0250034
0.03245339999999999
0.0405299
0.0497689
0.0602887
0.0708436
0.0836621
0.0955178
0.110017
0.121005
0.135664
0.15079
0.16506600000000002
0.181585
0.19392800000000002
0.210734
0.227003
0.241491
0.255873
0.27091000000000004
0.285312
0.297174
0.31027000000000005
0.322632
0.334436
0.34608700000000003
0.357459
0.36817300000000003
0.37817999999999996
0.38894599999999996
0.398785
0.40850800000000004
0.417445
0.42617499999999997
0.43566900000000003
0.444182
0.452211
0.46071300000000004
0.46768
0.474707
0.483933
0.49006099999999997
0.497068
0.504771
0.5103599999999999
0.517325
0.523052
0.529409
0.5351509999999999
0.540641
0.5459529999999999
0.551124
0.5560069999999999
0.561083
0.565531
0.569925
0.574325
0.5788399999999999
0.5829
0.586859
0.590975
0.594681
0.598611
0.602601
0.606173
0.609899
0.61361
0.617051
0.620274

Vgs: 2.5
0.00248035
0.0024827
0.00248803
0.0024981499999999998
0.00255388
0.00278308
0.0033958300000000003
0.00464854
0.00705115
0.0109763
0.0147055
0.020168400000000003
0.0264588
0.0338839
0.0423346
0.0524835
0.062138399999999996
0.0729715
0.0857512
0.0973497
0.113311
0.125449
0.139001
0.153788
0.169662
0.18616100000000002
0.20279799999999998
0.219563
0.235641
0.25457399999999997
0.272745
0.290717
0.308604
0.325366
0.34326700000000004
0.36052399999999996
0.375912
0.39161
0.408365
0.42242100000000005
0.436515
0.451631
0.463978
0.477365
0.490422
0.503338
0.514183
0.526931
0.537961
0.548812
0.55945
0.5700040000000001
0.580366
0.589934
0.599969
0.609044
0.617452
0.626571
0.6350359999999999
0.643131
0.651153
0.659277
0.666422
0.673538
0.6810740000000001
0.687527
0.6951769999999999
0.700188
0.706022
0.7122689999999999
0.717747
0.723178
0.72873
0.733788
0.7389910000000001
0.7441070000000001
0.749095
0.753791
0.755205
0.755258
0.755344

Vgs: 3.0
0.00297534
0.00297448
0.00298703
0.00300476
0.0030664299999999998
0.0033428399999999997
0.003911039999999999
0.0052924800000000004
0.00792694
0.0119318
0.0156809
0.0214883
0.0279145
0.0355031
0.0444332
0.053981799999999996
0.0645793
0.0756311
0.0871761
0.0997576
0.11649899999999999
0.12776300000000002
0.1408
0.156896
0.174591
0.189741
0.206177
0.223847
0.242925
0.260476
0.279406
0.298497
0.31705999999999995
0.336707
0.357628
0.377534
0.39456
0.41769
0.436564
0.455535
0.474577
0.49251000000000006
0.510769
0.527441
0.544421
0.5615950000000001
0.575898
0.5919169999999999
0.606531
0.6202300000000001
0.634363
0.6487080000000001
0.661586
0.674121
0.686844
0.698701
0.7101339999999999
0.721713
0.73295
0.744337
0.75416
0.764669
0.77421
0.7838769999999999
0.792862
0.802323
0.81043
0.819471
0.827385
0.835278
0.842599
0.849567
0.856514
0.862887
0.870406
0.876903
0.8830450000000001
0.88947
0.8954460000000001
0.9015829999999999
0.907699

Vgs: 3.5
0.00351286
0.0035191
0.0035377200000000003
0.00355668
0.00362926
0.0038773899999999997
0.0045363
0.00612618
0.00847771
0.012902
0.0167752
0.022643700000000003
0.028644199999999998
0.0372424
0.045713800000000006
0.0555863
0.06600660000000001
0.07725059999999999
0.0894379
0.104894
0.11633600000000001
0.130023
0.144628
0.16068000000000002
0.17682799999999999
0.192842
0.20975
0.22935
0.246133
0.265378
0.284293
0.302935
0.32273399999999997
0.342945
0.363589
0.383377
0.403932
0.428439
0.447349
0.469566
0.49156700000000003
0.512489
0.5355540000000001
0.555825
0.57734
0.592589
0.615996
0.6361140000000001
0.6546390000000001
0.672261
0.6909029999999999
0.707262
0.723733
0.7407400000000001
0.7561650000000001
0.771335
0.7863460000000001
0.801311
0.814071
0.829145
0.841478
0.85395
0.867149
0.879203
0.890502
0.902204
0.913114
0.92401
0.9339459999999999
0.9441970000000001
0.9540730000000001
0.963152
0.973081
0.981338
0.989805
0.9982030000000001
1.0086
1.0151400000000002
1.02259
1.0303
1.03801

Vgs: 4.0
0.00405416
0.00405223
0.0040719300000000005
0.0040983
0.0041859900000000005
0.00444758
0.005268790000000001
0.00669679
0.00914778
0.0134911
0.017634
0.0233654
0.0302517
0.0381337
0.047064699999999994
0.0572806
0.06801309999999999
0.0789791
0.0914552
0.10693599999999999
0.11783
0.13219499999999998
0.148063
0.16272899999999998
0.178897
0.196414
0.213494
0.231146
0.248946
0.26836699999999997
0.287078
0.306807
0.326416
0.348517
0.367943
0.389827
0.41095299999999996
0.43273
0.454028
0.477585
0.499517
0.52196
0.545384
0.567601
0.5912740000000001
0.61308
0.637184
0.658952
0.6815429999999999
0.704296
0.725392
0.7465259999999999
0.767787
0.786739
0.805624
0.825503
0.843303
0.860705
0.8782570000000001
0.895445
0.911094
0.928172
0.9434079999999999
0.9577859999999999
0.97264
0.986684
1.00457
1.01501
1.0279099999999999
1.04016
1.05259
1.06426
1.07543
1.08562
1.09677
1.1075300000000001
1.11717
1.12692
1.1349
1.14557
1.15452

Vgs: 4.5
0.00461603
0.00461829
0.0046387
0.00465938
0.0047442000000000005
0.00505303
0.00583501
0.0072962700000000005
0.010529499999999999
0.013674400000000001
0.018221599999999998
0.0243953
0.0314359
0.0392944
0.0478393
0.0584724
0.06890790000000001
0.0804805
0.0928074
0.108444
0.119824
0.13411099999999998
0.149305
0.165537
0.179947
0.199058
0.215871
0.233963
0.25187400000000004
0.271839
0.291181
0.31046300000000004
0.330464
0.351148
0.37122499999999997
0.39312
0.41508
0.43734999999999996
0.45844
0.481825
0.50524
0.528118
0.551369
0.5758169999999999
0.598882
0.622802
0.646389
0.670701
0.695586
0.719585
0.742533
0.7659480000000001
0.790759
0.813766
0.83586
0.859073
0.880377
0.8984559999999999
0.921855
0.9432969999999999
0.962237
0.9819749999999999
1.00622
1.02069
1.03751
1.05545
1.07135
1.08756
1.10263
1.11881
1.13379
1.14772
1.16145
1.17465
1.18768
1.2003300000000001
1.21258
1.2241199999999999
1.23553
1.2471999999999999
1.2580799999999999

Vgs: 5.0
0.00520006
0.00520117
0.00522318
0.00525905
0.00534249
0.00568252
0.00648797
0.008051230000000001
0.0112714
0.0145194
0.0194684
0.025045099999999997
0.0323826
0.040540700000000006
0.0492632
0.0597991
0.0707494
0.0816117
0.09569069999999999
0.110599
0.121572
0.13658499999999998
0.152222
0.16780899999999999
0.183112
0.20102799999999998
0.218843
0.236633
0.25455900000000004
0.274322
0.292923
0.31307399999999996
0.33494
0.353119
0.375132
0.397496
0.41951700000000003
0.441325
0.46378199999999997
0.48714500000000005
0.509449
0.533028
0.5575289999999999
0.580125
0.603531
0.6289359999999999
0.652695
0.677553
0.7019329999999999
0.7277619999999999
0.751064
0.776114
0.8015599999999999
0.825113
0.85152
0.8763179999999999
0.900695
0.925062
0.9492189999999999
0.973994
0.9954289999999999
1.02424
1.04229
1.06295
1.08431
1.10507
1.12387
1.14331
1.16191
1.18167
1.19849
1.21606
1.2325700000000002
1.24701
1.26303
1.2796999999999998
1.29331
1.30771
1.32203
1.33395
1.34792

Vgs: 5.5
0.00576033
0.00575931
0.00578861
0.005821
0.00593425
0.00631083
0.0071446
0.00878558
0.0121047
0.015418599999999998
0.0203842
0.0267641
0.0341807
0.0426911
0.0519215
0.0617816
0.07141449999999999
0.0846206
0.09733750000000001
0.113464
0.12496
0.140453
0.154778
0.170444
0.18781
0.204847
0.223224
0.240854
0.25879
0.277795
0.298042
0.31893900000000003
0.339205
0.359135
0.380797
0.402223
0.424319
0.44676299999999997
0.469579
0.49107
0.515243
0.54009
0.562349
0.588235
0.6118
0.6357999999999999
0.660709
0.686001
0.7099489999999999
0.73549
0.76154
0.7856160000000001
0.810894
0.837683
0.863363
0.887797
0.912736
0.937527
0.963805
0.989918
1.02105
1.02204
1.02149
1.02185
1.02209
1.02194
1.02264
1.0215
1.12223
1.2244599999999999
1.24651
1.26591
1.2858800000000001
1.30509
1.32383
1.34145
1.35843
1.37588
1.39187
1.4082700000000001
1.42375

Vgs: 6.0
0.0063567499999999996
0.0063558899999999995
0.00638447
0.00642198
0.006572
0.00687461
0.00781032
0.00957651
0.0130916
0.0162186
0.0221258
0.0275665
0.035642
0.0433269
0.054074199999999996
0.0628621
0.0749408
0.08526750000000001
0.102485
0.11217
0.127221
0.140795
0.155105
0.173005
0.188744
0.206935
0.222929
0.245372
0.262246
0.28134200000000004
0.30110899999999996
0.322972
0.342281
0.3631
0.38530200000000003
0.40428699999999995
0.42626699999999995
0.451125
0.47247100000000003
0.49510799999999994
0.52105
0.541512
0.5655779999999999
0.591229
0.611861
0.638558
0.663597
0.69205
0.7155199999999999
0.738814
0.766804
0.791604
0.815084
0.84342
0.869058
0.8945420000000001
0.919095
0.9472480000000001
0.9706170000000001
0.99818
1.02905
1.0517400000000001
1.07792
1.10083
1.1294600000000001
1.1527
1.17814
1.20422
1.22729
1.2524000000000002
1.27473
1.2989600000000001
1.3221100000000001
1.3426099999999999
1.3669
1.3859000000000001
1.40737
1.42604
1.44587
1.46306
1.48295

Vgs: 6.5
0.0069877
0.00698551
0.0069989299999999996
0.00704893
0.007181959999999999
0.007583390000000001
0.00866005
0.011042900000000001
0.013712
0.0180303
0.023499700000000002
0.0301556
0.0373475
0.0467614
0.0549192
0.066967
0.0783604
0.090652
0.10614900000000001
0.117464
0.13217299999999998
0.147147
0.162938
0.179136
0.196439
0.221876
0.226887
0.250179
0.269075
0.28842100000000004
0.31052199999999996
0.329011
0.350293
0.370218
0.393436
0.406155
0.436992
0.459048
0.48395900000000003
0.50484
0.527288
0.552329
0.571371
0.601596
0.6201450000000001
0.651889
0.673496
0.70023
0.719577
0.7509389999999999
0.776686
0.801885
0.828404
0.837796
0.878118
0.9070400000000001
0.931747
0.959231
0.9848140000000001
1.02213
1.03938
1.06372
1.0842200000000002
1.11934
1.1384699999999999
1.16973
1.17689
1.22173
1.24684
1.27189
1.2973100000000002
1.32189
1.3471799999999998
1.37159
1.39485
1.4119899999999999
1.4464700000000001
1.4572800000000001
1.48604
1.50311
1.5292299999999999

Vgs: 7.0
0.00760829
0.00760946
0.00766095
0.00770008
0.00786485
0.008353840000000001
0.009364560000000001
0.0118361
0.0145419
0.018779399999999998
0.0238653
0.030855500000000004
0.0385386
0.0474889
0.056684200000000004
0.0678656
0.0791389
0.0909246
0.107638
0.118396
0.133075
0.148564
0.16470800000000002
0.180147
0.197586
0.215633
0.233482
0.250925
0.27075299999999997
0.290206
0.310453
0.330987
0.351704
0.371516
0.394536
0.41632
0.43795
0.461084
0.485167
0.5063850000000001
0.530421
0.552697
0.577662
0.602539
0.6276240000000001
0.652596
0.676436
0.7025980000000001
0.72775
0.753221
0.778301
0.804462
0.829855
0.855314
0.883489
0.9067689999999999
0.93422
0.962808
0.9882420000000001
1.0216100000000001
1.0413899999999998
1.0689199999999999
1.0957700000000001
1.1215000000000002
1.14963
1.17465
1.2
1.22712
1.25348
1.27884
1.30546
1.33137
1.3583200000000002
1.38075
1.4072
1.43181
1.4567700000000001
1.48215
1.50654
1.52937
1.55326

Vgs: 7.5
0.00826503
0.00827019
0.008322099999999999
0.00838668
0.008549639999999999
0.009000909999999999
0.0103468
0.012112399999999999
0.0154071
0.0199047
0.0257485
0.032604999999999995
0.0406591
0.0495387
0.0592111
0.06994149999999999
0.0823586
0.09558470000000001
0.11130599999999999
0.123308
0.13802899999999999
0.15371300000000002
0.169422
0.185437
0.20357599999999998
0.221741
0.24015199999999998
0.259065
0.277812
0.297744
0.318115
0.33884600000000004
0.359614
0.381003
0.40249300000000005
0.42443
0.44734
0.46938399999999997
0.491856
0.515259
0.538977
0.562584
0.5839270000000001
0.609969
0.6336620000000001
0.659919
0.682999
0.70837
0.7340289999999999
0.760453
0.7847540000000001
0.809986
0.836014
0.8623320000000001
0.890593
0.917961
0.9400580000000001
0.969499
0.996766
1.02922
1.05017
1.07745
1.1058000000000001
1.1314899999999999
1.15867
1.18345
1.20879
1.2368100000000002
1.2627899999999999
1.29047
1.31617
1.34315
1.3683400000000001
1.39285
1.39734
1.39883
1.3993499999999999
1.3983999999999999
1.39996
1.3989099999999999
1.39926

Vgs: 8.0
0.00885489
0.00885351
0.00889671
0.008963829999999999
0.009119589999999999
0.00960204
0.0110389
0.012959199999999999
0.0163223
0.0207759
0.0265087
0.0335634
0.041567099999999996
0.050877700000000005
0.061515900000000005
0.0730337
0.0844468
0.0975148
0.11384
0.125084
0.140326
0.156967
0.172658
0.190828
0.20767
0.225194
0.24329199999999998
0.26263000000000003
0.281902
0.302554
0.323473
0.343703
0.36500699999999997
0.386766
0.407897
0.429477
0.452682
0.476295
0.498988
0.5221709999999999
0.545826
0.569429
0.592139
0.617688
0.642843
0.666925
0.691399
0.716078
0.740897
0.766348
0.7932899999999999
0.819596
0.845627
0.870894
0.8968160000000001
0.923038
0.947863
0.976783
1.00953
1.0325499999999999
1.05588
1.08442
1.11039
1.13851
1.16391
1.1907
1.2188299999999999
1.24351
1.27087
1.29653
1.32412
1.34918
1.37747
1.40192
1.4290699999999998
1.4546999999999999
1.4807100000000002
1.50665
1.53261
1.5581399999999999
1.5831899999999999
