Vgs range: 0,8,0.1
Vds range: 0,8,0.5

Vgs: 0.0
-7.67652e-07
-7.39225e-07
-7.41381e-07
-7.8469e-07
-7.65819e-07
-7.44571e-07
-7.05948e-07
-7.33407e-07
-7.504740000000001e-07
-7.839119999999999e-07
-7.73347e-07
-7.58945e-07
-7.478730000000001e-07
-7.38324e-07
-7.5993e-07
-7.95036e-07
-7.54972e-07
-7.75799e-07
-8.072869999999999e-07
-8.19885e-07
-7.89349e-07
-7.7828e-07
-7.94142e-07
-7.85138e-07
-8.22111e-07
-8.26841e-07
-8.50548e-07
-8.352920000000001e-07
-7.93574e-07
-7.9737e-07
-8.24353e-07
-8.3412e-07
-8.019300000000001e-07
-8.27457e-07
-8.33237e-07
-8.45564e-07
-8.50028e-07
-8.15675e-07
-8.10775e-07
-8.15568e-07
-8.36037e-07
-8.34741e-07
-8.546750000000001e-07
-8.81578e-07
-8.900000000000001e-07
-8.79444e-07
-8.26441e-07
-8.071570000000001e-07
-8.51088e-07
-8.36145e-07
-8.47487e-07
-8.6369e-07
-8.62312e-07
-8.56569e-07
-8.26675e-07
-8.25001e-07
-8.23457e-07
-8.51342e-07
-8.52028e-07
-8.27445e-07
-8.37759e-07
-8.53547e-07
-8.748409999999999e-07
-9.18948e-07
-8.79556e-07
-9.089389999999999e-07
-9.22058e-07
-9.03447e-07
-8.93121e-07
-8.88768e-07
-9.01762e-07
-9.26748e-07
-9.27301e-07
-9.23211e-07
-9.124090000000001e-07
-9.056719999999999e-07
-9.113139999999999e-07
-8.88713e-07
-8.8628e-07
-8.84037e-07
-8.9129e-07

Vgs: 0.5
0.000699024
0.0006988109999999999
0.0007041630000000001
0.000712767
0.000735054
0.0008639559999999999
0.00133518
0.00222039
0.00415892
0.00627832
0.0113858
0.015344300000000002
0.0203026
0.025713800000000002
0.0308788
0.0360679
0.0408271
0.0454213
0.0497515
0.0538518
0.057746900000000004
0.061505000000000004
0.0645587
0.0683598
0.0715758
0.0747517
0.0776945
0.08050099999999999
0.08321300000000001
0.0859097
0.08841310000000001
0.09083480000000001
0.09323709999999999
0.0955212
0.0977098
0.09981480000000001
0.102229
0.10388399999999999
0.105784
0.107655
0.10947899999999999
0.11124
0.112946
0.114635
0.11628000000000001
0.11779500000000001
0.119357
0.12078699999999999
0.122207
0.123557
0.12490099999999998
0.126228
0.12747
0.128665
0.129806
0.130956
0.132057
0.13314199999999998
0.134139
0.13509500000000002
0.135985
0.13691699999999998
0.13772700000000002
0.138577
0.13935999999999998
0.14011
0.14088
0.14163599999999998
0.141742
0.141751
0.141793
0.14180500000000001
0.141821
0.14184000000000002
0.141843
0.14417100000000002
0.147646
0.148393
0.14902
0.14962499999999998
0.15024200000000001

Vgs: 1.0
0.00112333
0.0011180900000000002
0.0011245299999999999
0.00113634
0.00116861
0.00130888
0.00174505
0.00287495
0.00429597
0.00790216
0.0127785
0.0171656
0.023240399999999998
0.0307409
0.038458599999999996
0.0472616
0.0566972
0.0652947
0.075629
0.0845453
0.0935301
0.103448
0.110133
0.117732
0.12522100000000003
0.1323
0.139069
0.145561
0.151853
0.15775
0.16373700000000002
0.169202
0.174574
0.17979199999999998
0.18478599999999998
0.189548
0.194427
0.199048
0.203565
0.207787
0.211957
0.216019
0.220102
0.224015
0.227569
0.23119800000000001
0.234737
0.238197
0.241426
0.24435
0.247893
0.250963
0.253884
0.25648400000000005
0.25939300000000004
0.262029
0.264576
0.26721900000000004
0.269642
0.27201
0.27424699999999996
0.276495
0.278514
0.280445
0.282451
0.284293
0.28615
0.28786300000000004
0.28954799999999997
0.29136500000000004
0.29292199999999996
0.294496
0.29613
0.29777
0.29939499999999997
0.30089899999999997
0.302379
0.303855
0.30538899999999997
0.306875
0.308296

Vgs: 1.5
0.0015443199999999999
0.00154206
0.0015490200000000001
0.00156255
0.00160219
0.00176363
0.00228529
0.0034966000000000003
0.00564157
0.00896859
0.013984100000000001
0.0185651
0.0250027
0.0323986
0.0405932
0.0501443
0.0599724
0.0706729
0.0820607
0.0926468
0.108851
0.11949599999999999
0.132328
0.14496299999999998
0.157175
0.169411
0.180746
0.191754
0.202203
0.212448
0.22249300000000002
0.232089
0.241288
0.2498
0.258645
0.266742
0.274866
0.282782
0.29002
0.29757
0.304503
0.311328
0.31825499999999995
0.32471099999999997
0.330992
0.337254
0.342481
0.34892
0.354356
0.359914
0.36630799999999997
0.370436
0.37549000000000005
0.380291
0.385108
0.389894
0.394208
0.398621
0.402723
0.406827
0.410739
0.41441999999999996
0.418082
0.421021
0.424842
0.427896
0.431066
0.43418999999999996
0.436888
0.440044
0.442778
0.445521
0.448353
0.450984
0.453602
0.456115
0.458701
0.461155
0.46359
0.46618000000000004
0.468501

Vgs: 2.0
0.0019895900000000003
0.0019882100000000002
0.00199578
0.0020101200000000002
0.0020559500000000004
0.0022423800000000004
0.00283219
0.00412134
0.00648989
0.00963693
0.015110799999999999
0.0198176
0.026384400000000002
0.0339119
0.0424357
0.052133599999999995
0.0624756
0.0732234
0.0849809
0.0974062
0.112816
0.124263
0.138672
0.153091
0.168477
0.18406
0.20000199999999999
0.21531299999999998
0.230438
0.24563500000000002
0.26021099999999997
0.27390200000000003
0.287647
0.300974
0.31340799999999996
0.326237
0.337779
0.34935
0.36035
0.371155
0.38178
0.391835
0.40189
0.411474
0.420727
0.428706
0.43853400000000003
0.447231
0.455341
0.463552
0.471272
0.478905
0.48629700000000003
0.49353400000000003
0.5004989999999999
0.507247
0.513744
0.520426
0.5264230000000001
0.532493
0.538311
0.543892
0.5493709999999999
0.554969
0.559996
0.564914
0.569451
0.573892
0.578236
0.582817
0.5868540000000001
0.5908690000000001
0.595084
0.598966
0.6028140000000001
0.606618
0.610098
0.613783
0.617377
0.621174
0.62464

Vgs: 2.5
0.00247656
0.00248335
0.00249077
0.0025038
0.00255755
0.00276722
0.00341348
0.00477541
0.00726249
0.0114014
0.015336899999999999
0.021077099999999998
0.027733400000000002
0.0355957
0.04409
0.0537981
0.0642665
0.07543319999999999
0.0874099
0.102304
0.113497
0.12739899999999998
0.141926
0.15706699999999998
0.17271499999999998
0.188999
0.20569300000000001
0.222839
0.23888800000000002
0.258384
0.276596
0.294235
0.312171
0.329481
0.34687599999999996
0.363562
0.380193
0.39555999999999997
0.410662
0.425676
0.44020000000000004
0.454092
0.46763499999999997
0.480875
0.49372299999999997
0.506026
0.517991
0.529397
0.5411590000000001
0.552154
0.562833
0.573525
0.583638
0.593148
0.602722
0.61216
0.6209479999999999
0.630089
0.638392
0.646478
0.654823
0.662484
0.670233
0.677435
0.684739
0.691609
0.6979850000000001
0.704176
0.710256
0.715911
0.721757
0.7273130000000001
0.7328
0.738189
0.7433080000000001
0.7478199999999999
0.7534689999999999
0.7585390000000001
0.7633209999999999
0.768112
0.7727930000000001

Vgs: 3.0
0.00299381
0.00298533
0.00299844
0.00302562
0.0030746000000000002
0.00331043
0.00400617
0.00545313
0.0080475
0.0122819
0.0162787
0.0221364
0.0290158
0.0369152
0.0457107
0.0557403
0.0660044
0.07714
0.0895456
0.104582
0.11594700000000001
0.130026
0.14508500000000002
0.159985
0.176138
0.192644
0.20761
0.227314
0.245279
0.26313
0.28203
0.30111299999999996
0.321063
0.339988
0.359908
0.38046800000000003
0.40005900000000005
0.42012
0.439473
0.45890200000000003
0.47744
0.49608499999999994
0.513235
0.530463
0.547125
0.56343
0.579195
0.5945809999999999
0.609204
0.6221380000000001
0.637613
0.6509820000000001
0.664328
0.6772119999999999
0.689739
0.702136
0.7136560000000001
0.725383
0.736695
0.747778
0.758182
0.7681629999999999
0.778304
0.787059
0.797072
0.805976
0.814572
0.823059
0.83117
0.8390770000000001
0.846588
0.8540960000000001
0.861244
0.868111
0.874996
0.881815
0.88818
0.894625
0.900523
0.9067339999999999
0.912862

Vgs: 3.5
0.00352454
0.00352651
0.00354134
0.00356295
0.00363787
0.0038942699999999996
0.00462026
0.00617271
0.008822980000000001
0.0131895
0.0172974
0.0232889
0.0301091
0.0382082
0.047059699999999996
0.0571418
0.0677222
0.079119
0.0916337
0.106791
0.118176
0.132612
0.14751
0.162946
0.17893900000000001
0.195785
0.210545
0.23119699999999999
0.24877999999999997
0.267453
0.287016
0.30614800000000003
0.326052
0.345852
0.36639
0.38752600000000004
0.408559
0.43009899999999995
0.451112
0.473017
0.49326600000000004
0.516236
0.5381900000000001
0.5591590000000001
0.5799839999999999
0.6003000000000001
0.619809
0.639299
0.657941
0.6761729999999999
0.693832
0.710964
0.7277269999999999
0.7439060000000001
0.7596029999999999
0.774994
0.7897120000000001
0.8043100000000001
0.818123
0.831935
0.845244
0.858057
0.8709450000000001
0.8831829999999999
0.8948429999999999
0.906053
0.917361
0.928437
0.9385479999999999
0.948761
0.958267
0.9678
0.9766779999999999
0.98492
0.9940979999999999
1.00483
1.01237
1.01995
1.02762
1.0356
1.04311

Vgs: 4.0
0.0040738200000000006
0.0040725100000000005
0.00408557
0.004117470000000001
0.00419722
0.0044799
0.00525846
0.00689408
0.00958378
0.0141214
0.0182977
0.0243841
0.0314966
0.0396743
0.0486817
0.0587606
0.0695621
0.0810608
0.0936717
0.10897699999999999
0.12044
0.134887
0.150097
0.16573200000000002
0.181928
0.199015
0.216371
0.234181
0.250232
0.27120999999999995
0.29085
0.310311
0.330987
0.350659
0.37175100000000005
0.39347200000000004
0.41440200000000005
0.436763
0.45772599999999997
0.480231
0.50299
0.525595
0.546984
0.5725870000000001
0.594658
0.61748
0.6400969999999999
0.663219
0.685349
0.707726
0.729664
0.750231
0.770999
0.791107
0.8104539999999999
0.8294100000000001
0.847673
0.865521
0.882912
0.9003420000000001
0.916172
0.931827
0.947445
0.962245
0.9767860000000002
0.991303
1.0085199999999999
1.01951
1.03209
1.04464
1.05684
1.0685099999999998
1.0798299999999998
1.09066
1.10154
1.11184
1.12181
1.13138
1.1407800000000001
1.1507500000000002
1.16008

Vgs: 4.5
0.0046352500000000005
0.00461907
0.00464087
0.0046402299999999995
0.00464261
0.00464009
0.00463778
0.004645010000000001
0.0046415499999999995
0.00463267
0.0060093
0.0266496
0.0329563
0.041161
0.050074
0.0604686
0.0712171
0.082963
0.09544989999999999
0.11107500000000001
0.12265600000000002
0.13723500000000002
0.15285400000000002
0.168135
0.184719
0.201774
0.21958
0.222477
0.222473
0.222495
0.222485
0.222513
0.22247799999999998
0.283324
0.374183
0.39725
0.418802
0.441126
0.463065
0.485873
0.508876
0.531887
0.556274
0.57927
0.6026239999999999
0.626439
0.650135
0.6744760000000001
0.6985399999999999
0.722889
0.7466470000000001
0.77037
0.7941969999999999
0.817364
0.840466
0.863403
0.881514
0.906685
0.926867
0.947559
0.967586
0.987091
1.01024
1.02542
1.0426199999999999
1.05949
1.07642
1.09235
1.10761
1.1232900000000001
1.13784
1.15184
1.1665899999999998
1.17994
1.19175
1.2055900000000002
1.21771
1.22959
1.24077
1.2523300000000002
1.26334

Vgs: 5.0
0.00519015
0.0051838100000000005
0.00521027
0.00524786
0.005334
0.0056605399999999995
0.006542269999999999
0.0083246
0.011748399999999999
0.015188799999999999
0.0203844
0.026820499999999997
0.0339441
0.042290299999999996
0.051455900000000006
0.061318899999999996
0.0731175
0.0846296
0.0973085
0.11304399999999999
0.12462199999999998
0.139345
0.154717
0.170439
0.187032
0.20441900000000002
0.22208699999999998
0.24079
0.258586
0.278075
0.298132
0.31753
0.337951
0.35816899999999996
0.379712
0.401629
0.424001
0.446368
0.467856
0.49069
0.513973
0.537858
0.561712
0.584717
0.6088330000000001
0.632957
0.657102
0.6828850000000001
0.707251
0.731702
0.756077
0.7810010000000001
0.80606
0.831484
0.85601
0.8809290000000001
0.903183
0.929542
0.952988
0.976782
0.999927
1.0283200000000001
1.0464300000000002
1.06729
1.08852
1.10856
1.12814
1.14802
1.1661899999999998
1.18491
1.20289
1.22003
1.23656
1.25234
1.26402
1.28304
1.29806
1.31256
1.32642
1.34002
1.3528399999999998

Vgs: 5.5
0.00579057
0.0057950499999999995
0.00581283
0.005860880000000001
0.00597135
0.00632536
0.00723888
0.00907881
0.012577
0.016095599999999998
0.0213666
0.0277507
0.0351065
0.043680300000000005
0.052960600000000004
0.06339550000000001
0.0747862
0.08647640000000001
0.0992918
0.11513799999999999
0.126902
0.14191099999999998
0.157377
0.173063
0.189894
0.207183
0.225107
0.24310600000000002
0.26192099999999996
0.265264
0.26527799999999996
0.26529800000000003
0.265314
0.265297
0.265341
0.265342
0.333057
0.445704
0.472968
0.49514600000000003
0.5188900000000001
0.542328
0.566216
0.590427
0.6144959999999999
0.638879
0.663657
0.688385
0.713174
0.739105
0.764983
0.789461
0.8148569999999999
0.84063
0.866943
0.892332
0.916368
0.9421390000000001
0.9675419999999999
0.992941
1.0239500000000001
1.04443
1.07014
1.0934
1.1172199999999999
1.1407100000000001
1.16338
1.1862000000000001
1.2083300000000001
1.22945
1.2507
1.26987
1.2899
1.30906
1.32787
1.34607
1.36222
1.37947
1.3959300000000001
1.41205
1.4276200000000001

Vgs: 6.0
0.0063986799999999995
0.00639871
0.00640901
0.00647612
0.00661291
0.00696853
0.00793719
0.009894610000000002
0.0134571
0.017167500000000002
0.0224339
0.028967299999999998
0.036514599999999994
0.0451301
0.0545436
0.0652039
0.07646599999999999
0.08858039999999999
0.10374799999999999
0.115002
0.129748
0.14478000000000002
0.16006599999999999
0.175877
0.19276300000000002
0.210234
0.228671
0.244388
0.265094
0.28428600000000004
0.304568
0.325143
0.345045
0.36594
0.387197
0.409324
0.431315
0.45393799999999995
0.477111
0.49965199999999993
0.52335
0.547025
0.570754
0.595701
0.619601
0.644115
0.668441
0.693731
0.719251
0.744057
0.766972
0.7952429999999999
0.820679
0.846395
0.872391
0.897868
0.923571
0.949661
0.9753000000000001
1.00742
1.02863
1.0542399999999998
1.08004
1.10575
1.13109
1.1557600000000001
1.1808299999999998
1.20491
1.22791
1.2542499999999999
1.27809
1.2999699999999998
1.32249
1.34379
1.36549
1.38558
1.40526
1.4252
1.44313
1.46198
1.4796500000000001

Vgs: 6.5
0.00701451
0.00700688
0.00702234
0.00706723
0.0071991600000000005
0.007603189999999999
0.0086502
0.0110543
0.0137313
0.018127200000000003
0.0235194
0.0302707
0.0377738
0.045465
0.0562883
0.06686929999999999
0.0783687
0.0905332
0.10604
0.11730600000000001
0.132001
0.14704099999999998
0.162974
0.178856
0.19571
0.213468
0.226712
0.25018700000000005
0.26848
0.28790899999999997
0.308449
0.328709
0.349194
0.369879
0.391226
0.413325
0.435458
0.45807200000000003
0.48113300000000003
0.504138
0.52752
0.5510390000000001
0.575295
0.5994079999999999
0.6246729999999999
0.6478980000000001
0.673208
0.698905
0.72384
0.750171
0.7751509999999999
0.8003129999999999
0.826376
0.852002
0.878019
0.90439
0.929997
0.957056
0.983626
1.0156
1.0375
1.06307
1.08919
1.11492
1.1412600000000002
1.1673499999999999
1.19289
1.2187400000000002
1.24386
1.26993
1.29549
1.31979
1.34454
1.3686099999999999
1.39314
1.41472
1.4380199999999999
1.4589699999999999
1.48145
1.5023
1.5225600000000001

Vgs: 7.0
0.00760114
0.00759965
0.00762396
0.007688930000000001
0.00783057
0.00826362
0.00935911
0.0118131
0.0145936
0.0189654
0.0245316
0.0313304
0.0389852
0.048018
0.0577987
0.0687099
0.0802882
0.09258169999999999
0.108299
0.12023299999999999
0.13455499999999998
0.14991900000000002
0.16580899999999998
0.18202
0.199183
0.216882
0.235049
0.253618
0.272462
0.29242599999999996
0.31216499999999997
0.33252
0.35354800000000003
0.37422099999999997
0.395621
0.417763
0.439938
0.46099900000000005
0.485131
0.508368
0.53224
0.5556639999999999
0.5798589999999999
0.604845
0.628575
0.6538339999999999
0.6780510000000001
0.704107
0.7288250000000001
0.754103
0.779768
0.7844040000000001
0.784682
0.784659
0.78463
0.784875
0.784991
0.784949
0.893606
1.02155
1.04302
1.06941
1.09629
1.12151
1.1483299999999999
1.1753
1.2013
1.2278600000000002
1.2537500000000001
1.28024
1.3066099999999998
1.33133
1.3572199999999999
1.3831099999999998
1.40797
1.43292
1.4696399999999998
1.4821199999999999
1.50528
1.5287
1.55274

Vgs: 7.5
0.00823582
0.008241799999999999
0.00828024
0.0083426
0.00847606
0.00896318
0.0103366
0.0121972
0.015471599999999999
0.0200029
0.025724300000000002
0.0327139
0.0403716
0.0495719
0.0595882
0.0707562
0.08276689999999999
0.0948986
0.11092800000000001
0.12250799999999999
0.137692
0.15313100000000002
0.169301
0.185714
0.20303000000000002
0.22120199999999998
0.239406
0.258222
0.2771
0.296839
0.31732
0.33690400000000004
0.358432
0.37955
0.401387
0.423416
0.445627
0.468155
0.49091300000000004
0.514138
0.537513
0.561065
0.5854280000000001
0.6099779999999999
0.63475
0.6587729999999999
0.6833009999999999
0.709319
0.734215
0.7598560000000001
0.785274
0.8109270000000001
0.837754
0.863059
0.88663
0.915831
0.942156
0.968746
0.995173
1.02786
1.04965
1.07612
1.10287
1.12907
1.1563
1.18279
1.20885
1.23583
1.26142
1.28807
1.31491
1.3411199999999999
1.36389
1.39204
1.41878
1.44472
1.4701600000000001
1.4943300000000002
1.51943
1.5447600000000001
1.56864

Vgs: 8.0
0.00889064
0.00888388
0.008909829999999999
0.0089326
0.00915319
0.00966053
0.0111187
0.0129857
0.0163846
0.0209956
0.0268271
0.0339904
0.0419956
0.0513042
0.061420800000000005
0.0726935
0.0845961
0.097647
0.113763
0.125596
0.140969
0.15679800000000002
0.17308199999999999
0.18997
0.208185
0.226069
0.244467
0.263488
0.28281
0.302105
0.323327
0.343937
0.36490999999999996
0.386227
0.40777
0.430005
0.45209
0.474846
0.49788199999999994
0.520591
0.544496
0.567824
0.5918829999999999
0.6159
0.640106
0.664954
0.68965
0.7146490000000001
0.739497
0.765838
0.7909959999999999
0.815977
0.8429719999999999
0.868676
0.894884
0.920323
0.946322
0.973477
0.9995419999999999
1.0326300000000002
1.05484
1.08188
1.1083399999999999
1.1350900000000002
1.16223
1.18889
1.21554
1.24291
1.26859
1.295
1.3211
1.34755
1.37426
1.4002999999999999
1.42718
1.45262
1.47821
1.50399
1.52951
1.55474
1.5799699999999999
