Vgs range: 0,8,0.1
Vds range: 0,8,0.5

Vgs: 0.0
-1.5009100000000002e-05
-1.52939e-05
-1.52145e-05
-1.48266e-05
-1.5477099999999998e-05
-1.5443600000000002e-05
-1.73955e-05
-1.83177e-05
-1.90623e-05
-2.0957699999999998e-05
-2.2723999999999998e-05
-2.30697e-05
-2.4071199999999997e-05
-2.47856e-05
-2.5812899999999998e-05
-2.66074e-05
-2.69926e-05
-2.8514e-05
-2.83187e-05
-2.9407e-05
-2.95852e-05
-3.10765e-05
-3.2190800000000004e-05
-3.28959e-05
-3.5298499999999994e-05
-3.59091e-05
-3.65012e-05
-3.7233e-05
-3.92782e-05
-3.8575e-05
-3.9885e-05
-4.01833e-05
-4.06114e-05
-4.13708e-05
-4.32012e-05
-4.53571e-05
-4.43925e-05
-4.71458e-05
-4.7849e-05
-4.76779e-05
-4.88466e-05
-4.8918799999999997e-05
-5.10295e-05
-4.99413e-05
-4.97832e-05
-5.08956e-05
-4.97607e-05
-4.89149e-05
-5.01344e-05
-5.23628e-05
-5.26588e-05
-5.36653e-05
-5.46435e-05
-5.3975200000000005e-05
-5.39801e-05
-5.48422e-05
-5.51816e-05
-5.52528e-05
-5.56504e-05
-5.54389e-05
-5.6119e-05
-5.63706e-05
-5.6541999999999995e-05
-5.7116799999999995e-05
-5.62843e-05
-5.6825e-05
-5.8257399999999996e-05
-5.7578500000000004e-05
-5.8376300000000006e-05
-5.79581e-05
-5.86746e-05
-5.92918e-05
-5.94823e-05
-5.9299099999999996e-05
-6.0262399999999994e-05
-6.01371e-05
-6.16189e-05
-6.0282900000000005e-05
-6.13115e-05
-6.25896e-05
-6.22956e-05

Vgs: 0.5
0.0164518
0.0164542
0.0165119
0.0165989
0.0171055
0.0191886
0.0237081
0.0310858
0.0402077
0.053567699999999996
0.0665412
0.0780356
0.0885654
0.0981342
0.107901
0.11407400000000001
0.120895
0.12708
0.13286
0.13810299999999998
0.142966
0.146901
0.151793
0.155766
0.15945099999999998
0.163075
0.166398
0.169565
0.17252399999999998
0.175495
0.178246
0.180868
0.183375
0.1858
0.188108
0.190061
0.192581
0.19466
0.196607
0.198594
0.20044299999999998
0.202258
0.203995
0.20573799999999998
0.207401
0.209064
0.21054799999999999
0.21207299999999998
0.213565
0.214879
0.216428
0.217728
0.219044
0.22032000000000002
0.221608
0.222814
0.223983
0.225158
0.226271
0.227374
0.22847699999999999
0.229469
0.230537
0.23152
0.232515
0.23349699999999998
0.23441900000000002
0.23533500000000002
0.236209
0.23708
0.23791900000000002
0.238764
0.23959599999999998
0.24038099999999998
0.24117
0.241933
0.242661
0.243398
0.244133
0.244831
0.2455

Vgs: 1.0
0.0348999
0.0349097
0.0350075
0.0351447
0.035840300000000005
0.0383051
0.0432692
0.0512035
0.0619881
0.0753983
0.0910877
0.11219
0.12912099999999999
0.149724
0.169379
0.188013
0.203537
0.21720299999999998
0.230219
0.24126799999999998
0.25176499999999996
0.26123599999999997
0.269959
0.278081
0.284916
0.29310600000000003
0.299707
0.305918
0.311819
0.31744500000000003
0.32287
0.327932
0.332782
0.337695
0.341918
0.346297
0.350168
0.35423699999999997
0.35777
0.36149400000000004
0.364954
0.368352
0.371739
0.374628
0.378037
0.381033
0.383843
0.38637
0.38890600000000003
0.391062
0.39344500000000004
0.39587599999999995
0.398593
0.400677
0.402957
0.406195
0.407258
0.410303
0.41261200000000003
0.41451699999999997
0.41590699999999997
0.418044
0.420149
0.421681
0.423834
0.426007
0.426721
0.42851100000000003
0.43009800000000004
0.431604
0.433081
0.434577
0.436203
0.43752800000000003
0.438987
0.44027
0.441475
0.442629
0.443916
0.44576099999999996
0.446965

Vgs: 1.5
0.0561211
0.0561271
0.0562698
0.0564602
0.0574299
0.0603536
0.065911
0.0744673
0.0858531
0.09990700000000001
0.119425
0.13533699999999999
0.15612399999999999
0.179471
0.204084
0.230854
0.258472
0.285741
0.31184399999999995
0.335467
0.355792
0.37451500000000004
0.392161
0.407807
0.42270399999999997
0.43628500000000003
0.449177
0.460563
0.471222
0.482007
0.492089
0.501177
0.510141
0.518266
0.526374
0.533926
0.541983
0.54909
0.556018
0.562989
0.569576
0.575824
0.5813240000000001
0.587542
0.592724
0.598854
0.604693
0.610129
0.615289
0.6198469999999999
0.624063
0.628969
0.6334510000000001
0.637609
0.6417569999999999
0.645142
0.64916
0.6528579999999999
0.656572
0.660037
0.663739
0.667271
0.671316
0.674764
0.6773750000000001
0.680543
0.683697
0.6873889999999999
0.690532
0.693446
0.6953400000000001
0.6982750000000001
0.700931
0.704752
0.70805
0.710074
0.712287
0.7143740000000001
0.716726
0.718937
0.722002

Vgs: 2.0
0.07905960000000001
0.0790679
0.0792561
0.0795673
0.08087939999999999
0.0843792
0.0905725
0.099783
0.114218
0.12687700000000002
0.144014
0.163828
0.186169
0.21007299999999998
0.23508
0.26393500000000003
0.292987
0.324266
0.357137
0.389154
0.42383699999999996
0.456059
0.486517
0.513553
0.539255
0.5625009999999999
0.5834199999999999
0.6032639999999999
0.620611
0.638598
0.6547630000000001
0.670244
0.684675
0.697397
0.7110350000000001
0.722841
0.734666
0.745988
0.756707
0.7673209999999999
0.77749
0.787135
0.7959700000000001
0.808603
0.820842
0.830222
0.838426
0.844822
0.85109
0.859317
0.8662799999999999
0.874944
0.881795
0.888714
0.8956930000000001
0.9008539999999999
0.907767
0.915393
0.9213859999999999
0.928037
0.9379609999999999
0.944071
0.9494870000000001
0.955035
0.960692
0.966002
0.971692
0.976504
0.980257
0.984713
0.989031
0.99274
0.9973460000000001
1.00484
1.00689
1.01227
1.0177100000000001
1.02176
1.0271499999999998
1.03096
1.03273

Vgs: 2.5
0.1034
0.10341800000000001
0.10368
0.10417900000000001
0.105944
0.110096
0.116969
0.12693200000000002
0.139973
0.15546000000000001
0.173608
0.19415
0.213576
0.242091
0.26867800000000003
0.297805
0.328206
0.359993
0.39395199999999997
0.42872899999999997
0.465059
0.503279
0.5413319999999999
0.5805250000000001
0.6186889999999999
0.656779
0.691263
0.723703
0.75294
0.780572
0.807044
0.8308719999999999
0.853061
0.874534
0.894724
0.913549
0.931867
0.9490460000000001
0.96597
0.982076
0.9956730000000001
1.01586
1.02701
1.04132
1.05427
1.06552
1.07675
1.09058
1.09838
1.10752
1.12039
1.13208
1.14157
1.1535
1.16517
1.17482
1.18184
1.18943
1.19915
1.20909
1.21615
1.22481
1.2328700000000001
1.24067
1.24784
1.25576
1.26498
1.27264
1.28011
1.2870100000000002
1.2951300000000001
1.3027
1.3114
1.31979
1.32551
1.33206
1.33704
1.3426600000000002
1.34868
1.35491
1.35905

Vgs: 3.0
0.129576
0.129603
0.13007000000000002
0.130864
0.133118
0.137876
0.145406
0.156005
0.16980599999999998
0.185341
0.204992
0.226311
0.249603
0.275443
0.302854
0.332761
0.363589
0.39746
0.43134
0.467827
0.5043460000000001
0.542922
0.582737
0.621192
0.6649320000000001
0.708974
0.752147
0.795851
0.838239
0.8802690000000001
0.919255
0.9541769999999999
0.9882280000000001
1.02705
1.0504799999999999
1.07878
1.10505
1.13006
1.15382
1.17686
1.1990399999999999
1.21688
1.24058
1.25884
1.2764600000000002
1.29364
1.30957
1.3268799999999998
1.34276
1.35889
1.3742299999999998
1.3881
1.40051
1.41313
1.42709
1.43727
1.45433
1.4656
1.47936
1.48942
1.50224
1.51446
1.52375
1.53189
1.54379
1.55735
1.56623
1.57397
1.5882100000000001
1.5979500000000002
1.6083
1.61653
1.62443
1.6228799999999999
1.62723
1.6250900000000001
1.62663
1.63107
1.6359700000000001
1.6399
1.64088

Vgs: 3.5
0.158443
0.15847499999999998
0.15921500000000002
0.16033599999999998
0.162996
0.168053
0.17588900000000002
0.186917
0.200896
0.217542
0.23680700000000002
0.25856
0.28224
0.309062
0.33665700000000004
0.366877
0.39859900000000004
0.431494
0.466834
0.5029490000000001
0.5410210000000001
0.580312
0.6208509999999999
0.662262
0.704809
0.747463
0.793644
0.839432
0.884143
0.9311579999999999
0.9781169999999999
1.03387
1.0706
1.11258
1.1525800000000002
1.19063
1.2258200000000001
1.26422
1.2899
1.31989
1.34829
1.3742800000000002
1.40021
1.4242599999999999
1.44887
1.47042
1.49034
1.50675
1.52324
1.53824
1.5553
1.57199
1.59007
1.6072
1.62248
1.6374499999999999
1.6578700000000002
1.67424
1.68991
1.703
1.71631
1.7341900000000001
1.7414100000000001
1.75395
1.76722
1.77706
1.7844600000000002
1.80073
1.80873
1.8195100000000002
1.82562
1.83322
1.84265
1.8539800000000002
1.8615000000000002
1.8652
1.8747900000000002
1.88387
1.88835
1.8979400000000002
1.90238

Vgs: 4.0
0.190862
0.190907
0.191899
0.193286
0.19609200000000002
0.201338
0.209294
0.220438
0.23449699999999998
0.237183
0.23719600000000002
0.2372
0.23719600000000002
0.23719600000000002
0.23719400000000002
0.23719200000000001
0.307917
0.461051
0.503568
0.539983
0.578517
0.618448
0.6610849999999999
0.702991
0.7447079999999999
0.7892819999999999
0.8345889999999999
0.880888
0.926149
0.9742270000000001
1.03273
1.07314
1.12218
1.17077
1.21944
1.26827
1.31456
1.3592199999999999
1.4002400000000002
1.4381599999999999
1.4757399999999998
1.50943
1.5433599999999998
1.56825
1.60362
1.6304500000000002
1.6543599999999998
1.6791200000000002
1.70236
1.72693
1.7475100000000001
1.77134
1.7863499999999999
1.80942
1.83612
1.85757
1.88062
1.89517
1.91238
1.93696
1.94915
1.96523
1.9812900000000002
1.99673
2.00111
2.01342
2.02389
2.04245
2.07505
2.08347
2.13678
2.17728
2.1871899999999997
2.1965600000000003
2.2029300000000003
2.2207500000000002
2.22927
2.2385099999999998
2.24532
2.25709
2.25958

Vgs: 4.5
0.227588
0.227636
0.228829
0.230374
0.233372
0.23869700000000002
0.246623
0.257764
0.27202
0.288827
0.308461
0.330785
0.35304599999999997
0.382033
0.41086
0.441602
0.47429699999999997
0.50803
0.5445190000000001
0.581964
0.6208480000000001
0.661561
0.703628
0.7455670000000001
0.789649
0.8355189999999999
0.8815700000000001
0.928032
0.974919
1.0341
1.07413
1.1237300000000001
1.17584
1.22563
1.2763200000000001
1.32917
1.3819
1.4346999999999999
1.48712
1.53785
1.58858
1.63649
1.68105
1.7244899999999999
1.76468
1.8028199999999999
1.83904
1.87242
1.90461
1.9384599999999998
1.9684899999999999
1.9957
2.02216
2.04475
2.07329
2.0952100000000002
2.1186
2.14403
2.1628
2.18301
2.21202
2.22527
2.25105
2.27042
2.2874700000000003
2.29888
2.3158499999999997
2.3701600000000003
2.41601
2.44271
2.47094
2.48562
2.4932600000000003
2.47752
2.52422
2.5918400000000004
2.61233
2.6164199999999997
2.63428
2.62935
2.66824

Vgs: 5.0
0.26955399999999996
0.26963
0.271057
0.27278399999999997
0.27590299999999995
0.28123200000000004
0.289238
0.300372
0.31467399999999995
0.33146800000000004
0.35135700000000003
0.373571
0.398237
0.425591
0.45553
0.482016
0.519887
0.5540430000000001
0.591597
0.629151
0.669694
0.7111879999999999
0.754172
0.797071
0.841916
0.888593
0.9352889999999999
0.9827080000000001
1.04097
1.08121
1.13144
1.1823700000000001
1.2371400000000001
1.28545
1.33854
1.39359
1.4472
1.5021399999999998
1.55969
1.6208399999999998
1.67647
1.72737
1.78379
1.84028
1.8955899999999999
1.95009
2.00151
2.05145
2.09859
2.14453
2.18752
2.2283899999999996
2.26758
2.30488
2.3402700000000003
2.37461
2.3824699999999996
2.38228
2.3800000000000003
2.38146
2.37988
2.37885
2.37971
2.51541
2.63652
2.7264199999999996
2.75541
2.7804499999999996
2.8048499999999996
2.82565
2.84346
2.86265
2.87851
2.87848
2.94205
2.96145
2.9941400000000002
3.01214
3.02295
3.05611
3.0802400000000003

Vgs: 5.5
0.315258
0.31534
0.31693
0.318794
0.322028
0.327501
0.335313
0.346214
0.360332
0.377171
0.39708
0.41966200000000004
0.44406300000000004
0.471901
0.501061
0.533393
0.566794
0.602109
0.639791
0.678047
0.719062
0.761181
0.803287
0.8483670000000001
0.89384
0.941012
0.9884139999999999
1.04634
1.08572
1.13561
1.18669
1.23916
1.2903
1.34252
1.3962700000000001
1.44219
1.50635
1.56258
1.6199000000000001
1.6757
1.73533
1.79251
1.85263
1.91176
1.9714200000000002
2.0320199999999997
2.09122
2.15451
2.2121799999999996
2.26812
2.32883
2.3836
2.43723
2.48787
2.53745
2.5849699999999998
2.62861
2.67265
2.71397
2.75363
2.7932099999999997
2.82816
2.86489
2.8964
2.92849
2.95274
2.98025
3.02359
3.05247
3.0850299999999997
3.11544
3.1321399999999997
3.17416
3.1947799999999997
3.2303800000000003
3.26288
3.28473
3.3126100000000003
3.35989
3.38976
3.41324

Vgs: 6.0
0.364821
0.364921
0.36666200000000004
0.368695
0.371948
0.377254
0.385108
0.395931
0.40986700000000004
0.42525
0.446113
0.46840899999999996
0.493125
0.520999
0.5501199999999999
0.582738
0.6163730000000001
0.652168
0.6901430000000001
0.728861
0.770284
0.813473
0.856903
0.9007489999999999
0.946569
0.9934320000000001
1.0508600000000001
1.09044
1.1393900000000001
1.18887
1.2403600000000001
1.29196
1.34397
1.39861
1.4513099999999999
1.50621
1.5614400000000002
1.6180299999999999
1.6745
1.73333
1.79149
1.85056
1.91144
1.97327
2.03212
2.0939
2.1547799999999997
2.21862
2.28036
2.34438
2.40052
2.4696499999999997
2.53337
2.5953600000000003
2.65627
2.7156
2.77175
2.82702
2.87897
2.93078
2.97897
3.02613
3.0716900000000003
3.115
3.15729
3.19769
3.2361500000000003
3.27355
3.30922
3.34491
3.3797699999999997
3.4116400000000002
3.44465
3.4814999999999996
3.50811
3.5507400000000002
3.59219
3.62486
3.65447
3.68284
3.70935

Vgs: 6.5
0.418993
0.419118
0.42104
0.42316800000000004
0.426534
0.431827
0.439533
0.4502
0.463941
0.480403
0.49944400000000005
0.521934
0.54695
0.573952
0.603477
0.635756
0.666017
0.705625
0.743948
0.784105
0.832023
0.867557
0.9110630000000001
0.955227
1.0109
1.04955
1.0965799999999999
1.1449500000000001
1.1536199999999999
1.15373
1.15375
1.15378
1.15379
1.1538
1.3141699999999998
1.5555
1.61609
1.67451
1.72936
1.7874500000000002
1.8471799999999998
1.90608
1.96685
2.02731
2.08889
2.1507
2.2128400000000004
2.27827
2.33945
2.40582
2.46881
2.5327599999999997
2.59876
2.66385
2.73069
2.7966100000000003
2.86142
2.92667
2.98917
3.05129
3.11055
3.16924
3.21905
3.27674
3.32723
3.37711
3.4224300000000003
3.46707
3.5084299999999997
3.55225
3.58303
3.65266
3.69283
3.73332
3.7726499999999996
3.80953
3.84031
3.87712
3.90974
3.942
3.96241

Vgs: 7.0
0.478191
0.47828699999999996
0.48032800000000003
0.482524
0.486069
0.49128900000000003
0.49893
0.509308
0.5226719999999999
0.538845
0.554942
0.579775
0.6039100000000001
0.6317649999999999
0.661212
0.693472
0.727623
0.7636919999999999
0.8024669999999999
0.841312
0.88286
0.9251710000000001
0.969572
1.02254
1.0591599999999999
1.10573
1.15284
1.20086
1.24902
1.29824
1.3491600000000001
1.40078
1.45304
1.49968
1.56038
1.61432
1.67029
1.72735
1.7839500000000001
1.8419
1.90043
1.95924
2.02025
2.08201
2.14259
2.2059100000000003
2.26727
2.3268400000000002
2.39427
2.4592899999999998
2.5261799999999996
2.59001
2.6558100000000002
2.7221900000000003
2.7897999999999996
2.85763
2.92492
2.993
3.06106
3.12859
3.19522
3.26107
3.3258699999999997
3.38646
3.44786
3.5062
3.56262
3.61461
3.67042
3.7252
3.76721
3.7692300000000003
3.7749699999999997
3.78662
3.78992
3.78977
3.7885
3.7892
3.9835599999999998
4.19088
4.235110000000001

Vgs: 7.5
0.546644
0.54677
0.548897
0.5513049999999999
0.5547409999999999
0.559095
0.567662
0.5784269999999999
0.591632
0.607041
0.626157
0.648266
0.671662
0.699431
0.728714
0.7612289999999999
0.795652
0.831677
0.8703219999999999
0.905979
0.951173
0.9937469999999999
1.04552
1.0808300000000002
1.12588
1.17198
1.21851
1.26642
1.31434
1.3629200000000001
1.41376
1.46561
1.51719
1.57025
1.6227
1.67786
1.73322
1.7901900000000002
1.84731
1.9045500000000002
1.96345
2.02243
2.08371
2.14472
2.20638
2.2689199999999996
2.33193
2.39676
2.4601699999999997
2.52597
2.5930400000000002
2.65261
2.72397
2.79051
2.85847
2.92649
2.99406
3.06454
3.1349400000000003
3.2047600000000003
3.2756600000000002
3.34629
3.41533
3.48549
3.55576
3.6258000000000004
3.69197
3.75899
3.8219
3.88498
3.9446999999999997
4.00193
4.05613
4.10995
4.1720999999999995
4.2277499999999995
4.27986
4.32721
4.36987
4.40752
4.45893

Vgs: 8.0
0.621895
0.622023
0.6243620000000001
0.6267790000000001
0.630449
0.6358400000000001
0.64344
0.653776
0.666763
0.682389
0.700894
0.7225079999999999
0.746441
0.774853
0.802965
0.835729
0.8699549999999999
0.9069870000000001
0.943898
0.983537
1.03247
1.06694
1.10906
1.1518599999999999
1.19594
1.24163
1.2877800000000001
1.33435
1.38269
1.43001
1.48023
1.5308599999999999
1.5820400000000001
1.63365
1.6871399999999999
1.74134
1.7974700000000001
1.85227
1.91001
1.966
2.02482
2.08456
2.14437
2.2050799999999997
2.26837
2.32581
2.39107
2.45677
2.5199
2.58699
2.65097
2.7164699999999997
2.78383
2.85029
2.91915
2.98999
3.05636
3.12641
3.19812
3.26792
3.34027
3.40976
3.4817899999999997
3.55576
3.62584
3.6987500000000004
3.76993
3.8441899999999998
3.9083
3.9881200000000003
4.05744
4.1213500000000005
4.18722
4.24408
4.32501
4.39206
4.45019
4.50779
4.56155
4.61754
4.671279999999999
