Vgs range: 0,8,0.5
Vds range: 0,8,0.1

Vgs: 0.0
-1.5133200000000001e-05
0.00330987
0.00646486
0.009558899999999999
0.0127432
0.0160483
0.0194971
0.023088
0.0268181
0.030666900000000004
0.0346274
0.0386923
0.0428517
0.047092999999999996
0.0514129
0.0558058
0.0602648
0.06478550000000001
0.06936479999999999
0.0739992
0.0786906
0.08338680000000001
0.0881942
0.0930334
0.0979478
0.102897
0.10794
0.11304299999999999
0.11824799999999999
0.12358399999999999
0.12902200000000003
0.134629
0.140364
0.14626799999999998
0.152313
0.158532
0.164877
0.171404
0.17805100000000001
0.184854
0.191789
0.19889800000000002
0.206116
0.213479
0.22101600000000002
0.228684
0.236509
0.244469
0.252594
0.260849
0.269283
0.277867
0.286635
0.29554400000000003
0.304656
0.313905
0.323341
0.333006
0.34281999999999996
0.352844
0.363048
0.373496
0.38412
0.394996
0.406057
0.417399
0.428923
0.44074199999999997
0.45278199999999996
0.465094
0.47766699999999995
0.490545
0.503702
0.5171250000000001
0.5309069999999999
0.5449419999999999
0.559323
0.574159
0.589289
0.604758
0.62068

Vgs: 0.5
-1.56049e-05
0.00549719
0.00923339
0.0125123
0.015846799999999998
0.0193051
0.022900399999999998
0.0266363
0.0305149
0.0345194
0.0386431
0.0428754
0.047210499999999996
0.051639
0.056151099999999995
0.060745799999999996
0.0654234
0.0701698
0.0749836
0.079867
0.0848168
0.0897895
0.09488379999999999
0.10002599999999999
0.105257
0.110537
0.11592200000000001
0.12137300000000001
0.126928
0.132612
0.138381
0.14430500000000002
0.150338
0.156526
0.16282
0.169275
0.17583400000000002
0.18255100000000002
0.18938
0.19637100000000002
0.203459
0.210711
0.21807900000000002
0.225539
0.23320200000000002
0.24096299999999998
0.24890099999999998
0.25694500000000003
0.265179
0.273544
0.282059
0.29071400000000003
0.29956900000000003
0.308554
0.317749
0.32708200000000004
0.33657400000000004
0.346328
0.356202
0.36631199999999997
0.376575
0.3871
0.39776999999999996
0.408715
0.419849
0.43128099999999997
0.44286800000000004
0.454783
0.466873
0.479277
0.491936
0.504903
0.5181600000000001
0.5316799999999999
0.545584
0.559729
0.574246
0.589108
0.604389
0.6200220000000001
0.6360969999999999

Vgs: 1.0
-2.62568e-05
0.0177213
0.0335128
0.0471553
0.0586326
0.06781290000000001
0.074774
0.0801476
0.0849488
0.0897063
0.09454789999999999
0.0994886
0.104528
0.109672
0.114893
0.120212
0.125618
0.1311
0.136668
0.142303
0.148011
0.153741
0.159612
0.165519
0.17152399999999998
0.177565
0.183693
0.189867
0.196105
0.202409
0.208766
0.21522
0.221733
0.228341
0.235002
0.24178
0.248609
0.255564
0.262582
0.269729
0.276951
0.284305
0.291746
0.299289
0.30696500000000004
0.314728
0.322658
0.330661
0.338824
0.34709900000000005
0.355536
0.36411499999999997
0.37284599999999996
0.381716
0.39078
0.39993199999999995
0.40928600000000004
0.418822
0.428518
0.438415
0.44849300000000003
0.458826
0.469306
0.480049
0.490984
0.502178
0.5135759999999999
0.5252819999999999
0.537193
0.5494509999999999
0.561886
0.5746119999999999
0.587683
0.601087
0.6148669999999999
0.628956
0.643387
0.6581980000000001
0.673446
0.689052
0.705148

Vgs: 1.5
-0.00010030199999999999
0.0251365
0.0490939
0.0718161
0.09349149999999999
0.114153
0.133716
0.15202400000000002
0.168908
0.184132
0.197481
0.208788
0.21807
0.225737
0.23255199999999998
0.239113
0.24563599999999997
0.252158
0.258734
0.265342
0.272014
0.278679
0.28545699999999996
0.292242
0.299093
0.305946
0.31284599999999996
0.31973599999999996
0.326659
0.333624
0.340578
0.34761200000000003
0.354645
0.361752
0.3689
0.37612399999999996
0.38339599999999996
0.390758
0.398175
0.405676
0.413247
0.42092799999999997
0.428676
0.43649299999999996
0.444461
0.452493
0.460616
0.468855
0.477245
0.48569500000000004
0.494303
0.503014
0.511893
0.520866
0.5300279999999999
0.539302
0.548707
0.5583250000000001
0.5680769999999999
0.578026
0.588147
0.598495
0.608987
0.619693
0.6306280000000001
0.6418440000000001
0.653216
0.6648729999999999
0.676774
0.6891189999999999
0.701599
0.714354
0.727388
0.7407429999999999
0.754557
0.768592
0.783076
0.797792
0.8130029999999999
0.828564
0.844633

Vgs: 2.0
-0.000124606
0.029978
0.0590559
0.0872392
0.114895
0.142178
0.169139
0.195748
0.22189799999999998
0.24742999999999998
0.272134
0.295865
0.318433
0.339646
0.359303
0.377224
0.39320499999999997
0.407138
0.419028
0.429178
0.438103
0.446373
0.45449
0.462441
0.470349
0.478166
0.48595099999999997
0.49366299999999996
0.501357
0.5090579999999999
0.516744
0.5244800000000001
0.532172
0.5399619999999999
0.547736
0.5555920000000001
0.563504
0.571446
0.579438
0.587541
0.5956410000000001
0.603864
0.612155
0.620474
0.62894
0.637451
0.646061
0.654783
0.663623
0.672504
0.681586
0.690698
0.6999639999999999
0.709324
0.7188329999999999
0.728489
0.738264
0.748182
0.7582589999999999
0.7685040000000001
0.778911
0.789518
0.8002760000000001
0.811264
0.822432
0.833879
0.845455
0.85726
0.869371
0.881753
0.894293
0.9071170000000001
0.920272
0.933713
0.947431
0.96146
0.975831
0.990456
1.0069000000000001
1.0222499999999999
1.03797

Vgs: 2.5
-0.000136445
0.033462
0.0661204
0.0980702
0.129816
0.16162300000000002
0.193605
0.225808
0.25809
0.290293
0.32226299999999997
0.353887
0.38498699999999997
0.415464
0.44512799999999997
0.473858
0.501539
0.5280499999999999
0.553222
0.576894
0.5989329999999999
0.6189439999999999
0.637212
0.65332
0.667321
0.679349
0.689968
0.699594
0.708785
0.717738
0.726517
0.7352390000000001
0.743905
0.752564
0.7611840000000001
0.769846
0.778462
0.7871739999999999
0.795873
0.804619
0.813376
0.8222550000000001
0.83114
0.8400690000000001
0.849077
0.858135
0.8672989999999999
0.876503
0.885821
0.8951509999999999
0.9046679999999999
0.9142049999999999
0.923882
0.933616
0.9435030000000001
0.9534790000000001
0.9634809999999999
0.973682
0.983923
0.99435
1.00634
1.0170400000000002
1.0278500000000002
1.0389
1.04996
1.06135
1.07278
1.08442
1.0962299999999998
1.10829
1.12058
1.13307
1.1458
1.1587800000000001
1.17202
1.18545
1.19923
1.2132399999999999
1.2276500000000001
1.2423600000000001
1.25728

Vgs: 3.0
-0.000141552
0.0361811
0.0716042
0.106414
0.141262
0.17650000000000002
0.212363
0.24879600000000002
0.285692
0.322849
0.36016899999999996
0.397493
0.434667
0.47163499999999997
0.508246
0.544401
0.579987
0.6149
0.6490699999999999
0.6823750000000001
0.7145819999999999
0.745483
0.7754920000000001
0.803855
0.830769
0.855889
0.879219
0.9005000000000001
0.919674
0.936733
0.951744
0.964847
0.976498
0.987178
0.9973420000000001
1.00866
1.01834
1.02798
1.03751
1.04704
1.05649
1.06596
1.07545
1.08493
1.0944800000000001
1.1039999999999999
1.11358
1.12322
1.13291
1.14265
1.15243
1.16227
1.17217
1.18215
1.19217
1.20228
1.21251
1.2228
1.23318
1.24358
1.25413
1.2648
1.2754999999999999
1.2864300000000002
1.2973999999999999
1.30853
1.31974
1.33113
1.3426600000000002
1.35442
1.36631
1.37835
1.39067
1.40315
1.4159000000000002
1.42888
1.44214
1.45562
1.46942
1.4834500000000002
1.49797

Vgs: 3.5
-0.000160973
0.038387899999999996
0.0760132
0.113134
0.150495
0.188595
0.227586
0.267486
0.308085
0.349271
0.39080099999999995
0.432663
0.474634
0.5166609999999999
0.5587030000000001
0.600544
0.642085
0.6833880000000001
0.7242639999999999
0.764614
0.8042900000000001
0.8429610000000001
0.88123
0.918234
0.9544119999999999
0.9891559999999999
1.0242
1.05651
1.0871
1.11629
1.1436199999999999
1.1692799999999999
1.19291
1.21458
1.2342
1.25183
1.2673599999999998
1.28125
1.29371
1.3052700000000002
1.3162
1.3269
1.3374000000000001
1.34767
1.358
1.36825
1.37845
1.38862
1.39883
1.40894
1.41916
1.4295
1.4397399999999998
1.45007
1.46046
1.47085
1.48129
1.4918500000000001
1.5023199999999999
1.5129
1.5235699999999999
1.5343900000000001
1.5452000000000001
1.55611
1.56713
1.57818
1.5893700000000002
1.6006900000000002
1.61206
1.62361
1.6352
1.64703
1.6591
1.67121
1.68355
1.69607
1.7087700000000001
1.72173
1.73501
1.7485199999999999
1.76229

Vgs: 4.0
-0.000152259
0.0402567
0.0797213
0.118742
0.15823
0.198703
0.240351
0.283114
0.326861
0.371314
0.41644400000000004
0.46201899999999996
0.507974
0.554163
0.600604
0.647076
0.693596
0.739972
0.78628
0.8322419999999999
0.877736
0.922404
0.966897
1.01208
1.05529
1.09741
1.13872
1.1789
1.2178600000000002
1.25592
1.2925499999999999
1.3279699999999999
1.3619400000000002
1.39448
1.4253600000000002
1.45472
1.48229
1.50805
1.5319
1.5538699999999999
1.5736700000000001
1.5916700000000001
1.6077299999999999
1.62214
1.63531
1.64757
1.65934
1.67071
1.6819199999999999
1.6929
1.7039
1.71475
1.72556
1.7363700000000002
1.7471800000000002
1.75797
1.7687899999999999
1.77966
1.7905099999999998
1.8013700000000001
1.8122399999999999
1.8232700000000002
1.83418
1.8453300000000001
1.85646
1.86762
1.8788
1.8901700000000001
1.9014900000000001
1.9129500000000002
1.92449
1.93607
1.9479
1.9597400000000003
1.97181
1.98393
1.9962500000000003
2.0087099999999998
2.02135
2.03427
2.04742

Vgs: 4.5
-0.000170435
0.0418611
0.08291910000000001
0.123616
0.16496
0.207527
0.251519
0.296819
0.343314
0.390751
0.438955
0.487872
0.537277
0.5871799999999999
0.637548
0.688136
0.738789
0.789666
0.840505
0.8912110000000001
0.941855
0.991565
1.0431
1.09226
1.1411900000000001
1.18929
1.23658
1.28321
1.3288799999999998
1.37378
1.41762
1.46049
1.5022099999999998
1.5429
1.5823
1.62058
1.6573600000000002
1.69289
1.7268999999999999
1.75944
1.7904
1.8197599999999998
1.84728
1.87299
1.89682
1.91872
1.93882
1.9569100000000001
1.9732
1.9880000000000002
2.0018100000000003
2.01471
2.02709
2.03916
2.05099
2.06262
2.07407
2.0856
2.09699
2.10837
2.11971
2.1310700000000002
2.1424600000000003
2.15382
2.16521
2.17666
2.18811
2.19962
2.21106
2.22266
2.23421
2.2459
2.2575999999999996
2.2694
2.28131
2.29325
2.3054
2.31753
2.3299499999999997
2.34228
2.3549

Vgs: 5.0
-0.000166995
0.0432368
0.085657
0.127787
0.170712
0.215087
0.261054
0.308568
0.357416
0.407346
0.45823
0.509964
0.5623549999999999
0.615363
0.6689499999999999
0.722895
0.777297
0.831876
0.8866689999999999
0.9414129999999999
0.9961530000000001
1.05161
1.10618
1.15994
1.2136
1.26666
1.3194000000000001
1.37115
1.4224
1.47304
1.52248
1.57165
1.61967
1.66697
1.71302
1.7584
1.8024600000000002
1.84549
1.88736
1.92807
1.9677700000000002
2.00595
2.0429
2.0782399999999996
2.1123600000000002
2.1447599999999998
2.1755400000000003
2.20479
2.2324100000000002
2.25807
2.282
2.3040000000000003
2.3240700000000003
2.34239
2.3592600000000004
2.3746
2.38882
2.40237
2.41533
2.4279900000000003
2.4403200000000003
2.4525200000000003
2.46454
2.47661
2.48854
2.50045
2.51235
2.52419
2.5361
2.54799
2.5598199999999998
2.57172
2.58365
2.5955399999999997
2.60757
2.61951
2.6317
2.64377
2.65595
2.6682300000000003
2.6805700000000003

Vgs: 5.5
-0.000172968
0.044529900000000004
0.0882116
0.13164399999999998
0.176064
0.222146
0.270076
0.319647
0.370755
0.423037
0.476504
0.5308449999999999
0.586025
0.6420319999999999
0.698726
0.755895
0.813781
0.871948
0.9304060000000001
0.988916
1.049
1.1070900000000001
1.16556
1.2236099999999999
1.28163
1.3390900000000001
1.39621
1.45279
1.5085899999999999
1.5641500000000002
1.61891
1.67334
1.72671
1.77945
1.83128
1.8823500000000002
1.93255
1.98204
2.03025
2.0777
2.1238300000000003
2.1693900000000004
2.21347
2.25646
2.29839
2.33892
2.37833
2.41637
2.45326
2.48847
2.52233
2.55439
2.5851200000000003
2.61412
2.64133
2.66678
2.69032
2.7122100000000002
2.7321899999999997
2.75068
2.76762
2.7832500000000002
2.79788
2.8118000000000003
2.82525
2.8383800000000003
2.85119
2.86394
2.87647
2.88905
2.9014100000000003
2.9137299999999997
2.92612
2.9383999999999997
2.95073
2.963
2.97524
2.98758
2.99988
3.01227
3.02475

Vgs: 6.0
-0.000181554
0.0455522
0.0902199
0.13471
0.180364
0.22784500000000002
0.27730499999999997
0.32861799999999997
0.381566
0.435851
0.49135900000000005
0.547949
0.6054879999999999
0.6639630000000001
0.723298
0.78325
0.843961
0.9051130000000001
0.9667830000000001
1.03091
1.09269
1.15424
1.2163199999999998
1.2782799999999999
1.3402699999999999
1.40262
1.46496
1.52549
1.58552
1.6458
1.70502
1.76383
1.82204
1.88013
1.92827
1.94672
2.00918
2.06534
2.1195
2.1710000000000003
2.22451
2.27558
2.3280000000000003
2.37684
2.4251099999999997
2.47227
2.52019
2.56712
2.61207
2.65431
2.69883
2.73825
2.77861
2.81722
2.85425
2.88964
2.9235900000000004
2.95627
2.9877
3.01801
3.04584
3.07222
3.09707
3.1200099999999997
3.14155
3.16153
3.1792700000000003
3.1961
3.2116800000000003
3.22717
3.24114
3.25475
3.26832
3.28163
3.2947100000000002
3.3078
3.32058
3.33317
3.3459000000000003
3.35852
3.37142

Vgs: 6.5
-0.00017415699999999998
0.046159599999999995
0.0914362
0.136578
0.182938
0.231237
0.281632
0.334003
0.388096
0.44357100000000005
0.500388
0.558331
0.617452
0.677483
0.738658
0.800631
0.863199
0.9265570000000001
0.9901669999999999
1.05556
1.12002
1.18365
1.24829
1.3122800000000001
1.37663
1.4407599999999998
1.50498
1.56838
1.63154
1.69459
1.75782
1.81996
1.8821
1.94309
2.00411
2.06455
2.1237399999999997
2.18271
2.2408200000000003
2.29827
2.3558199999999996
2.4120600000000003
2.4671
2.52162
2.5756099999999997
2.62833
2.68073
2.73193
2.78247
2.83179
2.88063
2.92821
2.97427
3.01942
3.06359
3.10649
3.1483399999999997
3.1888900000000002
3.22803
3.26666
3.30334
3.3385
3.3723199999999998
3.4050700000000003
3.43585
3.46502
3.49277
3.51851
3.54281
3.56546
3.58655
3.60619
3.62423
3.6412
3.65688
3.67192
3.68649
3.70064
3.7144600000000003
3.72815
3.74164

Vgs: 7.0
-0.000191167
0.0469702
0.0930496
0.139029
0.18639
0.235856
0.28758100000000003
0.341365
0.396946
0.45409299999999997
0.512644
0.57243
0.633414
0.69555
0.758682
0.822846
0.887829
0.953317
1.02083
1.0874700000000002
1.15454
1.22086
1.28811
1.35513
1.42259
1.48929
1.5565200000000001
1.6232900000000001
1.68995
1.75644
1.82209
1.88798
1.95284
2.0180100000000003
2.0821799999999997
2.1461200000000002
2.20898
2.2721899999999997
2.33452
2.39624
2.4573199999999997
2.5177099999999997
2.57783
2.63685
2.6954700000000003
2.75285
2.81041
2.86644
2.92242
2.9768
3.03073
3.0837600000000003
3.13598
3.1872
3.23762
3.2866700000000004
3.33488
3.38216
3.4280999999999997
3.47337
3.5171799999999998
3.5604299999999998
3.60222
3.6427199999999997
3.68193
3.71964
3.75607
3.79124
3.82458
3.8572900000000003
3.8883199999999998
3.9173899999999997
3.9451699999999996
3.9711700000000003
3.9952900000000002
4.01781
4.039230000000001
4.05894
4.07745
4.09466
4.11091

Vgs: 7.5
-0.000182958
0.0477091
0.094473
0.141232
0.189425
0.239895
0.29266699999999995
0.347615
0.4045
0.463023
0.523004
0.584392
0.6470739999999999
0.711046
0.776094
0.842037
0.909018
0.976712
1.04641
1.11516
1.1843400000000002
1.25311
1.32274
1.39248
1.46224
1.53185
1.60158
1.67109
1.74021
1.80956
1.87844
1.94727
2.01537
2.08331
2.15092
2.21815
2.28471
2.35095
2.41696
2.48248
2.5474
2.6116
2.67564
2.73865
2.8014799999999997
2.86348
2.92491
2.98528
3.0457
3.10501
3.16371
3.2212199999999998
3.2788399999999998
3.33507
3.3901600000000003
3.44537
3.49926
3.55256
3.6043
3.65553
3.70556
3.75493
3.80301
3.84992
3.89594
3.9411899999999997
3.98482
4.02767
4.06874
4.1092
4.14827
4.18626
4.2226
4.257720000000001
4.29125
4.32356
4.35449
4.3836200000000005
4.41106
4.43706
4.4612

Vgs: 8.0
-0.00019493899999999998
0.0483248
0.0957018
0.14308300000000002
0.192036
0.243365
0.297172
0.353175
0.411279
0.470977
0.532263
0.5950350000000001
0.659102
0.72456
0.791296
0.859122
0.927983
0.9975019999999999
1.06934
1.14
1.21103
1.28201
1.35383
1.42565
1.49798
1.5698400000000001
1.6421599999999998
1.7139499999999999
1.7857800000000001
1.8576300000000001
1.92903
2.00056
2.07147
2.1422
2.21244
2.28294
2.35277
2.42199
2.4910900000000002
2.55993
2.6285000000000003
2.69596
2.76305
2.8296200000000002
2.89636
2.9626
3.02783
3.0924899999999997
3.15686
3.22004
3.2830899999999996
3.34544
3.40712
3.4678
3.52856
3.58817
3.6460500000000002
3.70425
3.76191
3.81778
3.8732900000000003
3.92815
3.9817400000000003
4.034140000000001
4.08612
4.13752
4.18749
4.236219999999999
4.283989999999999
4.33073
4.37649
4.42129
4.46497
4.5069300000000005
4.54913
4.58959
4.628369999999999
4.6657
4.70181
4.73656
4.77004
