Vgs range: 0,8,0.1
Vds range: 0,8,0.5

Vgs: 0.0
-0.000131286
-0.000128626
-0.000129608
-0.00012924199999999998
-0.000131702
-0.00013414
-0.000141412
-0.00014423099999999998
-0.000150152
-0.00015102399999999998
-0.00015735399999999998
-0.000158652
-0.000161516
-0.00016471900000000002
-0.000168729
-0.00017095699999999998
-0.000168844
-0.000171457
-0.00017402
-0.000176609
-0.00017747799999999998
-0.000179935
-0.00018203500000000001
-0.000182203
-0.000184013
-0.000186775
-0.00018823100000000002
-0.000185517
-0.00019026699999999999
-0.000188378
-0.000190587
-0.00018984299999999998
-0.000192187
-0.00019379599999999999
-0.00019235900000000002
-0.000192998
-0.000199044
-0.000196078
-0.00020101
-0.00019969499999999998
-0.000204589
-0.000201463
-0.000206301
-0.00020322
-0.000204294
-0.000205402
-0.000206929
-0.000208208
-0.00020689
-0.000209854
-0.00020613400000000002
-0.000209219
-0.000212599
-0.000209462
-0.00021106100000000002
-0.000211762
-0.00021173
-0.00021264
-0.000213973
-0.00021568599999999998
-0.00021220400000000002
-0.000213871
-0.000213909
-0.000215297
-0.000218261
-0.00021838
-0.000218785
-0.000216245
-0.000222322
-0.000220062
-0.000223627
-0.000222438
-0.00022544299999999998
-0.00022245499999999998
-0.00022241199999999998
-0.000222363
-0.000220583
-0.000223713
-0.000224052
-0.000225401
-0.000225758

Vgs: 0.5
0.0418985
0.041902800000000004
0.041954
0.042005
0.0422584
0.0437799
0.0484252
0.0577467
0.0721374
0.0902656
0.11607
0.13502
0.15599400000000002
0.175937
0.19417800000000002
0.21073
0.22592900000000002
0.239524
0.252422
0.263926
0.27477799999999997
0.284958
0.294543
0.303249
0.31198899999999996
0.319627
0.32698
0.33407800000000004
0.34075700000000003
0.347114
0.353248
0.359076
0.364714
0.370118
0.375089
0.38000300000000004
0.384905
0.38865599999999995
0.393689
0.397909
0.402131
0.40602900000000003
0.409864
0.413619
0.417163
0.420659
0.423968
0.427345
0.43048400000000003
0.433609
0.43663399999999997
0.439487
0.44241
0.445123
0.447832
0.450461
0.452978
0.45549
0.457905
0.46034
0.462664
0.464777
0.467026
0.469118
0.47125500000000003
0.47332500000000005
0.47522
0.477169
0.47909999999999997
0.480929
0.482743
0.484498
0.48621200000000003
0.487882
0.48960400000000004
0.491177
0.492722
0.494305
0.49579799999999996
0.49726000000000004
0.49851300000000004

Vgs: 1.0
0.08319349999999999
0.0831984
0.0832931
0.0833682
0.0836233
0.0849802
0.0894204
0.0985754
0.115407
0.131118
0.153921
0.18127900000000002
0.2117
0.246175
0.28272600000000003
0.321461
0.35938000000000003
0.39430299999999996
0.42739299999999997
0.458575
0.486628
0.5107510000000001
0.5356920000000001
0.557808
0.578345
0.598959
0.61686
0.6348
0.650426
0.6662
0.681387
0.695585
0.7093849999999999
0.722185
0.734787
0.746985
0.758428
0.769354
0.7799159999999999
0.790456
0.8004950000000001
0.809987
0.819415
0.828297
0.837139
0.845579
0.853662
0.861707
0.869437
0.8771760000000001
0.884486
0.891551
0.898454
0.9051130000000001
0.9117609999999999
0.917385
0.924457
0.930581
0.9366310000000001
0.942309
0.947936
0.9534279999999999
0.958893
0.96418
0.969286
0.974398
0.9791400000000001
0.984015
0.9886199999999999
0.9933369999999999
0.9977779999999999
1.00444
1.00793
1.01209
1.01614
1.0202
1.02403
1.02796
1.0314
1.03531
1.03893

Vgs: 1.5
0.123955
0.12395900000000001
0.124092
0.124188
0.12444299999999998
0.125744
0.130061
0.138949
0.15318400000000001
0.171127
0.194492
0.22154400000000002
0.252259
0.28785099999999997
0.324474
0.36696500000000004
0.411225
0.45645
0.506053
0.557118
0.607065
0.655709
0.701189
0.742309
0.781819
0.820499
0.854414
0.886575
0.9171440000000001
0.9454990000000001
0.973234
0.999993
1.03029
1.04898
1.07131
1.09335
1.11445
1.1342100000000002
1.1531
1.1716199999999999
1.18971
1.20696
1.2237
1.23952
1.25517
1.27058
1.2848499999999998
1.29906
1.31284
1.32633
1.33946
1.35172
1.36413
1.37594
1.38811
1.39914
1.41044
1.42134
1.43158
1.4419899999999999
1.45204
1.46153
1.47126
1.48046
1.48964
1.4986000000000002
1.50713
1.51603
1.5238999999999998
1.5320799999999999
1.5401900000000002
1.54769
1.55547
1.56274
1.57029
1.57708
1.58392
1.59081
1.59741
1.60397
1.61029

Vgs: 2.0
0.164194
0.164195
0.164363
0.16448
0.164744
0.165779
0.17012400000000003
0.178808
0.192752
0.21108300000000002
0.233846
0.26129
0.291689
0.327216
0.364697
0.407694
0.452238
0.49992700000000007
0.549123
0.602132
0.6571170000000001
0.7151419999999999
0.7748670000000001
0.8342379999999999
0.895202
0.9552109999999999
1.02347
1.06664
1.11521
1.16438
1.20787
1.24971
1.2901399999999998
1.32727
1.36302
1.3982700000000001
1.43034
1.4612399999999999
1.49081
1.51995
1.5484
1.57448
1.60065
1.62668
1.64948
1.67291
1.69554
1.71775
1.73807
1.75965
1.7788599999999999
1.79835
1.81776
1.83558
1.85306
1.87082
1.88744
1.90407
1.9202299999999999
1.93548
1.95061
1.9655200000000002
1.98002
1.9939900000000002
2.00788
2.02145
2.03466
2.04775
2.05987
2.0728600000000004
2.08471
2.09613
2.1078799999999998
2.1188000000000002
2.1298100000000004
2.14073
2.15115
2.16176
2.17153
2.1813700000000003
2.19122

Vgs: 2.5
0.203811
0.203816
0.20401
0.20414700000000002
0.204429
0.205601
0.20958000000000002
0.21807400000000002
0.231559
0.250264
0.27335800000000005
0.30028200000000005
0.331847
0.366131
0.404662
0.44653
0.49297100000000005
0.539196
0.590112
0.643414
0.699139
0.758015
0.8181799999999999
0.880777
0.945191
1.02722
1.08284
1.15446
1.2216799999999999
1.29078
1.3571499999999999
1.42017
1.4796099999999999
1.5358699999999998
1.58884
1.64007
1.68857
1.73474
1.77811
1.8203
1.86081
1.89872
1.9364700000000001
1.9719799999999998
2.00656
2.03994
2.07141
2.1031600000000004
2.13273
2.16202
2.1907799999999997
2.21743
2.2444100000000002
2.2694400000000003
2.2948399999999998
2.3196499999999998
2.34295
2.36606
2.3881699999999997
2.4108300000000003
2.43236
2.45326
2.47284
2.4931300000000003
2.5120400000000003
2.53125
2.5491200000000003
2.5671399999999998
2.58479
2.60219
2.61895
2.63474
2.6509799999999997
2.6664700000000003
2.6821599999999997
2.69731
2.71137
2.72604
2.73975
2.75356
2.76698

Vgs: 3.0
0.242965
0.242973
0.243209
0.24335900000000002
0.243632
0.244873
0.248712
0.257
0.270456
0.288858
0.311508
0.339098
0.36948200000000003
0.40633899999999995
0.44276899999999997
0.48550600000000005
0.530609
0.57875
0.630171
0.683341
0.7401620000000001
0.801145
0.862244
0.923248
0.9882160000000001
1.07202
1.1282
1.20104
1.2726199999999999
1.34886
1.4266400000000001
1.5024700000000002
1.58045
1.6566599999999998
1.7309
1.8069099999999998
1.87254
1.94001
1.9977699999999998
2.0587600000000004
2.11423
2.16691
2.21947
2.26812
2.31522
2.36075
2.4046499999999997
2.44682
2.48704
2.5277
2.5648899999999997
2.60121
2.6379699999999997
2.67177
2.7056099999999996
2.73808
2.76967
2.80113
2.83013
2.85961
2.88809
2.9156199999999997
2.94256
2.9684999999999997
2.9953
3.01938
3.04339
3.06763
3.0907999999999998
3.11395
3.13642
3.1569800000000003
3.17583
3.19889
3.22032
3.2390399999999997
3.25807
3.2776799999999997
3.2957300000000003
3.31385
3.33156

Vgs: 3.5
0.281626
0.281634
0.281898
0.282067
0.28237100000000004
0.28351
0.287435
0.295613
0.309291
0.326876
0.349904
0.376914
0.40838
0.443778
0.48208700000000004
0.5251159999999999
0.571463
0.617149
0.6692659999999999
0.7222689999999999
0.780664
0.8393470000000001
0.900918
0.963898
1.0453299999999999
1.10088
1.17085
1.24416
1.31821
1.39377
1.47573
1.55498
1.63321
1.71519
1.79794
1.88476
1.9685800000000002
2.0547
2.13496
2.21427
2.2939599999999998
2.36278
2.43388
2.50214
2.56393
2.62437
2.68105
2.73792
2.79147
2.8439799999999997
2.89288
2.9405
2.98808
3.0340100000000003
3.0709600000000004
3.1205
3.1587899999999998
3.19984
3.2378799999999996
3.2757099999999997
3.31288
3.3476500000000002
3.38219
3.4157800000000003
3.44893
3.4820900000000004
3.51272
3.5424800000000003
3.57136
3.60108
3.62892
3.65647
3.68379
3.71065
3.73578
3.76106
3.78543
3.80957
3.8327
3.85657
3.87878

Vgs: 4.0
0.319674
0.31966500000000003
0.319976
0.320181
0.32049
0.321666
0.32539500000000005
0.333372
0.34664
0.36469300000000004
0.387525
0.414616
0.445361
0.48136
0.519364
0.562428
0.607857
0.656337
0.707766
0.762058
0.820081
0.878666
0.9419759999999999
1.01871
1.0712899999999999
1.14183
1.2124
1.2856
1.3591499999999999
1.43611
1.5160099999999999
1.59654
1.67863
1.76099
1.84713
1.93377
2.0216499999999997
2.11086
2.2001
2.2915
2.3838399999999997
2.47481
2.56369
2.65227
2.7338699999999996
2.81304
2.88822
2.9620200000000003
3.0310900000000003
3.09595
3.16568
3.2249000000000003
3.287
3.34285
3.3979399999999997
3.4515499999999997
3.50393
3.55424
3.60255
3.65124
3.69688
3.74078
3.7847000000000004
3.8267499999999997
3.86991
3.90848
3.94686
3.985
4.02124
4.05778
4.09262
4.12701
4.16147
4.19339
4.22564
4.25715
4.28671
4.31727
4.34656
4.374280000000001
4.40222

Vgs: 4.5
0.35721400000000003
0.357205
0.357533
0.357739
0.358066
0.359184
0.362925
0.371188
0.384225
0.402404
0.425381
0.451944
0.480748
0.518807
0.557864
0.600066
0.645593
0.693678
0.746965
0.799853
0.859456
0.917276
0.979595
1.05788
1.113
1.18234
1.25391
1.32686
1.40087
1.48051
1.55787
1.64047
1.72183
1.80503
1.89049
1.97984
2.06836
2.16039
2.24886
2.34244
2.43275
2.53247
2.63042
2.7281
2.8243500000000004
2.92178
3.01295
3.1084099999999997
3.19666
3.28194
3.36677
3.44333
3.51913
3.59225
3.66404
3.73008
3.79487
3.8595499999999996
3.91861
3.9784599999999997
4.03594
4.09026
4.1453999999999995
4.19587
4.24685
4.297160000000001
4.34343
4.39064
4.4355
4.48124
4.52319
4.56584
4.6062899999999996
4.64585
4.68538
4.72248
4.75903
4.79694
4.83105
4.8665899999999995
4.899360000000001

Vgs: 5.0
0.394092
0.394094
0.394445
0.394661
0.394995
0.396106
0.39980400000000005
0.40777100000000005
0.4211
0.438743
0.461603
0.489745
0.5208250000000001
0.555915
0.594642
0.63713
0.68305
0.731364
0.786064
0.8393769999999999
0.894857
0.955207
1.0312299999999999
1.08366
1.15083
1.22187
1.29215
1.30587
1.30613
1.3062900000000002
1.30635
1.30636
1.3065399999999998
1.5499800000000001
1.92445
2.02469
2.11182
2.2040900000000003
2.29672
2.38851
2.48525
2.57968
2.67963
2.78026
2.87781
2.9806899999999996
3.07978
3.1827199999999998
3.2827699999999997
3.3853899999999997
3.4879
3.5841
3.6781800000000002
3.77101
3.86105
3.9433100000000003
4.02312
4.10412
4.17707
4.25069
4.32203
4.39074
4.454750000000001
4.518000000000001
4.58017
4.6401
4.69799
4.756340000000001
4.809080000000001
4.863659999999999
4.91531
4.96514
5.014550000000001
5.06206
5.10952
5.1554
5.20031
5.23759
5.28597
5.3277
5.36876

Vgs: 5.5
0.430352
0.43035700000000005
0.430724
0.430964
0.431307
0.43242200000000003
0.436121
0.44396
0.457427
0.47516
0.497907
0.525219
0.5564790000000001
0.592256
0.631561
0.674117
0.719848
0.76873
0.821612
0.875688
0.9344750000000001
0.9932190000000001
1.06959
1.12222
1.18907
1.25898
1.33109
1.40498
1.48216
1.55694
1.63859
1.72228
1.8026900000000001
1.88838
1.9747100000000002
2.06332
2.15469
2.24632
2.3367
2.4319699999999997
2.53222
2.629
2.72537
2.82454
2.92671
3.02992
3.12864
3.23787
3.34251
3.44649
3.55041
3.65595
3.7646300000000004
3.86931
3.9764600000000003
4.07815
4.1770499999999995
4.27468
4.37189
4.4589
4.5463700000000005
4.62671
4.70788
4.7808
4.86189
4.93325
5.00415
5.07107
5.13706
5.20268
5.26358
5.32385
5.38385
5.43976
5.49672
5.550420000000001
5.60271
5.65534
5.70503
5.75483
5.80299

Vgs: 6.0
0.465954
0.465968
0.466362
0.46660799999999997
0.46696200000000004
0.46809100000000003
0.47163499999999997
0.479628
0.492501
0.510625
0.5337109999999999
0.561117
0.593361
0.628261
0.667271
0.712271
0.757244
0.805813
0.8587790000000001
0.912876
0.97157
1.04503
1.09559
1.16002
1.2271
1.3008799999999998
1.36936
1.44567
1.5214
1.59606
1.67864
1.76084
1.8420299999999998
1.92685
2.01396
2.1039000000000003
2.19427
2.28593
2.37778
2.47415
2.5548900000000003
2.66863
2.76868
2.86989
2.9696700000000003
3.07196
3.17549
3.28139
3.38712
3.49579
3.60168
3.71184
3.8199699999999996
3.92903
4.04105
4.15133
4.2634300000000005
4.37339
4.4809
4.589700000000001
4.69473
4.79575
4.89261
4.98625
5.07798
5.1693
5.24902
5.33361
5.41166
5.48888
5.5629800000000005
5.63356
5.70446
5.77208
5.84025
5.905460000000001
5.96744
6.02822
6.08512
6.1420900000000005
6.20014

Vgs: 6.5
0.500644
0.50065
0.501143
0.501421
0.501782
0.502905
0.506594
0.5143730000000001
0.527295
0.54597
0.56846
0.595988
0.627459
0.66385
0.7033299999999999
0.746831
0.793673
0.843669
0.896274
0.952141
1.02155
1.07304
1.13344
1.20075
1.26592
1.33672
1.41129
1.48539
1.55723
1.63635
1.71739
1.79847
1.882
1.96752
2.0532
2.14477
2.23448
2.32551
2.41928
2.5139099999999996
2.61065
2.70915
2.8106199999999997
2.90938
3.01167
3.1158599999999996
3.21984
3.32373
3.42948
3.53994
3.64958
3.76035
3.8673599999999997
3.97811
4.0964599999999995
4.20883
4.22757
4.22805
4.22821
4.22859
4.22884
4.22908
4.22917
4.69943
5.21186
5.32727
5.43053
5.531969999999999
5.62236
5.71522
5.80561
5.8893699999999995
5.97331
6.07072
6.13321
6.2087699999999995
6.28113
6.35408
6.42431
6.49251
6.55733

Vgs: 7.0
0.5343680000000001
0.53438
0.534912
0.535223
0.535673
0.536858
0.540397
0.5482389999999999
0.561358
0.579562
0.60241
0.628402
0.662924
0.699826
0.738176
0.783381
0.829148
0.878754
0.932123
0.9868830000000001
1.0587199999999999
1.10851
1.17184
1.23684
1.30774
1.3781100000000002
1.4475
1.52126
1.59935
1.6749
1.75619
1.8382699999999998
1.92248
2.0058
2.0928
2.183
2.27283
2.36564
2.4575500000000003
2.55326
2.65246
2.7492300000000003
2.84805
2.94923
3.05138
3.1567700000000003
3.2588299999999997
3.36785
3.47272
3.58336
3.69427
3.79898
3.91023
4.022279999999999
4.12435
4.25401
4.36566
4.48438
4.5981499999999995
4.7159699999999996
4.8339300000000005
4.95058
5.06881
5.185849999999999
5.30471
5.422459999999999
5.53936
5.653919999999999
5.763929999999999
5.87637
5.9824600000000006
6.08179
6.1826
6.27862
6.3684199999999995
6.45871
6.54421
6.63071
6.71144
6.79215
6.868499999999999

Vgs: 7.5
0.5669200000000001
0.5669390000000001
0.567508
0.5678709999999999
0.56836
0.5695840000000001
0.573334
0.581224
0.5944919999999999
0.612647
0.6355510000000001
0.663612
0.695448
0.7324649999999999
0.772282
0.817955
0.8643270000000001
0.907803
0.9685699999999999
1.0362
1.08439
1.13911
1.20918
1.27371
1.34339
1.41372
1.4819200000000001
1.56131
1.6365699999999999
1.71441
1.79657
1.81208
1.8123099999999999
1.81245
1.8126399999999998
1.8127499999999999
1.81287
1.81301
2.1691499999999997
2.5829500000000003
2.69012
2.7870500000000002
2.88704
2.9883599999999997
3.0897799999999997
3.196
3.3004100000000003
3.40614
3.5123200000000003
3.62087
3.7314000000000003
3.83901
3.95254
4.06548
4.18012
4.29647
4.408460000000001
4.52592
4.64177
4.76192
4.8802200000000004
4.99911
5.11905
5.239599999999999
5.36374
5.48292
5.60273
5.72514
5.84564
5.96915
6.08772
6.203130000000001
6.3036200000000004
6.43148
6.54241
6.64767
6.7482999999999995
6.84965
6.940980000000001
7.03611
7.1260200000000005

Vgs: 8.0
0.5987819999999999
0.5987819999999999
0.599343
0.5997119999999999
0.600198
0.601484
0.605152
0.613244
0.626652
0.645098
0.669131
0.696654
0.729161
0.7663070000000001
0.8065950000000001
0.851289
0.8987539999999999
0.950794
1.0156
1.0626
1.12079
1.18233
1.24949
1.31237
1.38184
1.4527800000000002
1.52624
1.6009200000000001
1.67821
1.75548
1.83848
1.9214
2.00341
2.0888999999999998
2.1741
2.2656899999999998
2.35499
2.4478199999999997
2.54033
2.6365999999999996
2.73332
2.82876
2.9293600000000004
3.02935
3.13108
3.23467
3.3384199999999997
3.4457
3.55585
3.66168
3.77323
3.88031
3.9941999999999998
4.10553
4.2198899999999995
4.3352
4.44955
4.57126
4.685779999999999
4.80671
4.924300000000001
5.043
5.16486
5.28529
5.41082
5.5331399999999995
5.65393
5.780290000000001
5.90268
6.0292200000000005
6.151870000000001
6.27597
6.400119999999999
6.5219700000000005
6.64655
6.76798
6.88291
6.99971
7.110939999999999
7.21905
7.32484
