Vgs range: 0,8,0.5
Vds range: 0,8,0.1

Vgs: 0.0
-0.000135064
0.00856351
0.0170488
0.0254672
0.0338542
0.042209
0.050534
0.0588324
0.067107
0.0753532
0.0835727
0.0917676
0.09994059999999999
0.108076
0.11620799999999999
0.12431700000000001
0.132409
0.140476
0.148531
0.156565
0.164586
0.172516
0.180524
0.188474
0.196451
0.204381
0.21232099999999998
0.220221
0.22811199999999998
0.236015
0.243863
0.251736
0.259567
0.26740400000000003
0.27520399999999995
0.283026
0.290798
0.298594
0.30635
0.314106
0.321833
0.32957400000000003
0.337284
0.344974
0.352678
0.360356
0.368024
0.375671
0.383327
0.390942
0.398575
0.406167
0.413774
0.42134099999999997
0.428914
0.43646199999999996
0.44398899999999997
0.451545
0.45904300000000003
0.466557
0.47403
0.481501
0.488935
0.49639300000000003
0.5038109999999999
0.511236
0.518614
0.526005
0.5333640000000001
0.5407050000000001
0.548026
0.555326
0.562618
0.5699000000000001
0.5771660000000001
0.584387
0.591632
0.598832
0.606043
0.613206
0.6203810000000001

Vgs: 0.5
-0.00016057099999999998
0.0104829
0.019094899999999998
0.027399899999999998
0.035662
0.0439041
0.052118199999999996
0.0603026
0.0684694
0.0766047
0.0847084
0.0927994
0.10087
0.10892099999999999
0.116952
0.12496499999999999
0.132968
0.140947
0.148916
0.156866
0.164802
0.172652
0.180585
0.18847699999999998
0.19637300000000002
0.204227
0.212112
0.219943
0.227776
0.23562100000000002
0.243416
0.251247
0.25902800000000004
0.266826
0.274582
0.282366
0.29010199999999997
0.297848
0.305564
0.313299
0.32098899999999997
0.328703
0.336378
0.34404599999999996
0.351736
0.359373
0.36702799999999997
0.37465000000000004
0.382292
0.389887
0.39748700000000003
0.405075
0.41264999999999996
0.420213
0.427781
0.43531000000000003
0.442827
0.45036099999999996
0.457871
0.46537199999999995
0.472838
0.480315
0.487756
0.49519500000000005
0.5026079999999999
0.51003
0.517404
0.524664
0.53204
0.53939
0.5467169999999999
0.55404
0.56136
0.5686260000000001
0.575893
0.58314
0.5903660000000001
0.5975670000000001
0.604773
0.611932
0.619105

Vgs: 1.0
-0.00020590200000000002
0.0332955
0.06175130000000001
0.0849445
0.102783
0.115715
0.125311
0.13373000000000002
0.14186200000000002
0.149918
0.15787500000000002
0.16581100000000001
0.173746
0.181633
0.189517
0.197335
0.20519
0.21301
0.22082
0.22862
0.236399
0.24409799999999998
0.251868
0.259619
0.26740800000000003
0.275082
0.282833
0.29052100000000003
0.298234
0.30595500000000003
0.313617
0.321314
0.328935
0.33667400000000003
0.344288
0.35199800000000003
0.35958399999999996
0.367227
0.374899
0.382542
0.39011599999999996
0.397766
0.405345
0.412971
0.420565
0.42810899999999996
0.43572700000000003
0.44333300000000003
0.450899
0.45846899999999996
0.46603900000000004
0.473601
0.481166
0.48870800000000003
0.49627899999999997
0.5037699999999999
0.511305
0.5188560000000001
0.526359
0.533885
0.541389
0.548889
0.556381
0.5639
0.571338
0.578862
0.5863109999999999
0.593799
0.601217
0.608641
0.6160939999999999
0.6234670000000001
0.6309370000000001
0.638304
0.645726
0.6530499999999999
0.660437
0.6678040000000001
0.675148
0.682455
0.689766

Vgs: 1.5
-0.000225317
0.0490728
0.09525109999999999
0.13817300000000002
0.17766200000000001
0.21345199999999998
0.24526399999999998
0.27277300000000004
0.295805
0.314183
0.328183
0.338893
0.347997
0.35656099999999996
0.36491799999999996
0.373108
0.381228
0.389268
0.39729000000000003
0.405235
0.41321100000000005
0.42104199999999997
0.42893400000000004
0.436758
0.444639
0.452438
0.460268
0.46806099999999995
0.475837
0.483628
0.4914
0.49914100000000006
0.50692
0.5146200000000001
0.522405
0.530075
0.537871
0.5456000000000001
0.553256
0.5609649999999999
0.568666
0.5763609999999999
0.5839639999999999
0.591713
0.599401
0.6070519999999999
0.614744
0.622393
0.630177
0.6377929999999999
0.645489
0.653189
0.660913
0.668644
0.6763640000000001
0.684091
0.691805
0.699555
0.707319
0.715054
0.722862
0.73067
0.7384130000000001
0.7462690000000001
0.754008
0.761873
0.769673
0.777523
0.785351
0.793164
0.8010390000000001
0.808833
0.816678
0.824492
0.8323649999999999
0.840211
0.848048
0.855844
0.863727
0.871529
0.8793540000000001

Vgs: 2.0
-0.000259782
0.059349
0.116893
0.172284
0.225486
0.27640899999999996
0.32480600000000004
0.37054600000000004
0.413481
0.45330000000000004
0.48989499999999997
0.5228849999999999
0.552033
0.57707
0.597908
0.614514
0.627462
0.638095
0.647526
0.656571
0.6653330000000001
0.673847
0.6823629999999999
0.690681
0.699035
0.707268
0.7155590000000001
0.723649
0.7317619999999999
0.739853
0.74791
0.75595
0.763966
0.771895
0.7798459999999999
0.787819
0.795687
0.8037489999999999
0.811551
0.8194950000000001
0.8273360000000001
0.8351689999999999
0.8431190000000001
0.8509639999999999
0.858805
0.866667
0.874586
0.882492
0.890293
0.898316
0.906169
0.9141400000000001
0.92212
0.930054
0.9380569999999999
0.946027
0.954083
0.9621270000000001
0.97016
0.9783109999999999
0.986488
0.9946670000000001
1.00437
1.01268
1.02094
1.0292999999999999
1.03769
1.046
1.0543799999999999
1.0627499999999999
1.07118
1.0796000000000001
1.08802
1.09645
1.10498
1.11348
1.12202
1.13055
1.13913
1.14772
1.15635

Vgs: 2.5
-0.00025238500000000004
0.0668241
0.132498
0.196704
0.25949
0.32070200000000004
0.380327
0.43830600000000003
0.49456100000000003
0.548945
0.601245
0.651342
0.69899
0.743966
0.786027
0.824977
0.860475
0.892413
0.920333
0.944335
0.96418
0.980019
0.992911
1.00547
1.0155699999999999
1.02509
1.03443
1.04338
1.0524
1.06121
1.0698299999999998
1.0785
1.0869499999999999
1.0954700000000002
1.10384
1.11217
1.1206
1.12877
1.13705
1.14519
1.15336
1.16153
1.1695900000000001
1.17775
1.1858199999999999
1.19385
1.2019000000000002
1.20989
1.21805
1.22606
1.23416
1.24232
1.25038
1.25854
1.2667
1.27482
1.2831
1.29135
1.2996800000000002
1.30794
1.31635
1.32483
1.3333799999999998
1.34193
1.3506
1.3593
1.36809
1.37689
1.38572
1.3946399999999999
1.4036000000000002
1.41256
1.42163
1.43075
1.43991
1.44916
1.45848
1.4677900000000002
1.47724
1.48665
1.49621

Vgs: 3.0
-0.000277947
0.0725423
0.144397
0.215241
0.28513
0.35400600000000004
0.42191199999999995
0.488871
0.55484
0.6197140000000001
0.6833539999999999
0.745595
0.806275
0.865193
0.922162
0.9770670000000001
1.0311700000000001
1.08121
1.12857
1.17296
1.21441
1.25215
1.2868700000000002
1.31777
1.34481
1.368
1.38719
1.40276
1.4158
1.42717
1.43771
1.4478799999999998
1.45761
1.46715
1.47636
1.4856699999999998
1.4947599999999999
1.50369
1.5125099999999998
1.5212299999999999
1.53002
1.53868
1.54721
1.55575
1.56428
1.57279
1.58114
1.58954
1.59801
1.60615
1.6145
1.62286
1.63109
1.6394300000000002
1.6476
1.65608
1.6643700000000001
1.67271
1.68115
1.68962
1.69821
1.70656
1.7153100000000001
1.72407
1.73282
1.74172
1.75059
1.75966
1.76876
1.77795
1.78722
1.79662
1.80606
1.8155599999999998
1.82521
1.83497
1.84483
1.8548
1.86491
1.8750900000000001
1.8855

Vgs: 3.5
-0.0002759
0.07717969999999999
0.15401600000000001
0.230163
0.305716
0.38067599999999996
0.45513299999999995
0.5291659999999999
0.602778
0.675871
0.748289
0.819905
0.890554
0.9601
1.02976
1.0964900000000002
1.16158
1.22495
1.28633
1.34561
1.4027
1.45692
1.50919
1.55867
1.60549
1.64908
1.6897
1.7268
1.7604700000000002
1.79061
1.81684
1.83933
1.85794
1.87348
1.8867099999999999
1.8985
1.90948
1.9200000000000002
1.93022
1.9402300000000001
1.94988
1.9594799999999999
1.9688800000000002
1.9781199999999999
1.9874200000000002
1.99637
2.0054600000000002
2.0142900000000004
2.0231899999999996
2.03198
2.04061
2.04942
2.05795
2.06655
2.07514
2.0836
2.09222
2.10056
2.10907
2.11761
2.12611
2.1348000000000003
2.14331
2.15196
2.16073
2.16949
2.1785200000000002
2.18749
2.19658
2.2057700000000002
2.21515
2.22454
2.2340799999999996
2.24378
2.25365
2.2636000000000003
2.27369
2.28388
2.29432
2.30484
2.3155900000000003

Vgs: 4.0
-0.00028878000000000004
0.08101689999999999
0.16196
0.24245899999999998
0.322657
0.40258299999999997
0.482425
0.562277
0.6422059999999999
0.721997
0.801599
0.880814
0.959497
1.03894
1.11603
1.19213
1.26714
1.3407799999999999
1.41299
1.48363
1.55264
1.6192900000000001
1.6847800000000002
1.74803
1.80919
1.86814
1.92475
1.97877
2.0302
2.07896
2.1247499999999997
2.16768
2.2073
2.24375
2.27652
2.30582
2.33135
2.3533500000000003
2.3718
2.38737
2.40085
2.4131
2.4246
2.43566
2.44629
2.45666
2.46678
2.47666
2.48644
2.49599
2.50545
2.5148599999999997
2.52427
2.53347
2.5425299999999997
2.55152
2.56041
2.56926
2.5781300000000003
2.58694
2.59569
2.60435
2.61312
2.62182
2.63054
2.63925
2.64803
2.6568899999999998
2.6658
2.6748000000000003
2.68361
2.6928400000000003
2.7021200000000003
2.7116100000000003
2.72127
2.73101
2.74092
2.751
2.76121
2.77161
2.7822099999999996

Vgs: 4.5
-0.00029145399999999996
0.084284
0.168715
0.25290799999999997
0.33702200000000004
0.42117
0.5056010000000001
0.590399
0.675645
0.76111
0.846773
0.932392
1.01921
1.10423
1.1887899999999998
1.27266
1.35571
1.43775
1.5188000000000001
1.5985699999999998
1.67716
1.75366
1.82955
1.9035300000000002
1.97613
2.0468
2.11579
2.18264
2.24748
2.3101599999999998
2.3706500000000004
2.4290000000000003
2.4847099999999998
2.5381299999999998
2.58873
2.63669
2.6815200000000003
2.72352
2.76227
2.79796
2.8300899999999998
2.8587000000000002
2.88382
2.90536
2.92374
2.93947
2.95344
2.96608
2.97797
2.9894499999999997
3.0004799999999996
3.0112
3.02162
3.0318799999999997
3.042
3.0518300000000003
3.06157
3.07126
3.08079
3.0902
3.09956
3.10872
3.11794
3.12699
3.1359600000000003
3.14503
3.15388
3.16286
3.17164
3.18061
3.18956
3.19857
3.20754
3.2167499999999998
3.2260600000000004
3.23536
3.24485
3.25456
3.26442
3.27435
3.28451

Vgs: 5.0
-0.000305005
0.0870966
0.17453
0.26189799999999996
0.349401
0.437215
0.525573
0.614657
0.704488
0.794908
0.885742
0.9768730000000001
1.06955
1.1605999999999999
1.25143
1.3419
1.43183
1.52099
1.60937
1.69688
1.78341
1.86808
1.9525700000000001
2.03544
2.11732
2.1974400000000003
2.27634
2.35352
2.42901
2.5031
2.57506
2.6454500000000003
2.7137900000000004
2.78005
2.84431
2.9064799999999997
2.96612
3.02376
3.0786
3.1312699999999998
3.18085
3.22803
3.27221
3.31322
3.3515200000000003
3.3862200000000002
3.4179000000000004
3.4459299999999997
3.47065
3.4919700000000002
3.51044
3.5264599999999997
3.54075
3.5538499999999997
3.56611
3.57797
3.5893
3.60033
3.61115
3.62174
3.6319999999999997
3.64218
3.65222
3.66197
3.6717299999999997
3.6812799999999997
3.69089
3.70025
3.70956
3.71877
3.72799
3.73706
3.74613
3.75519
3.7642499999999997
3.77326
3.7825100000000003
3.79169
3.80104
3.81038
3.81996

Vgs: 5.5
-0.000316053
0.0895396
0.179583
0.26969899999999997
0.36016200000000004
0.45113400000000003
0.542941
0.6357710000000001
0.7296349999999999
0.824337
0.919717
1.01708
1.1132600000000001
1.20957
1.30588
1.40201
1.4978
1.5931000000000002
1.68782
1.78184
1.8751499999999999
1.9667399999999997
2.0585199999999997
2.1489
2.23852
2.3267100000000003
2.41399
2.49958
2.58399
2.6672000000000002
2.7485999999999997
2.8288699999999998
2.90716
2.98414
3.05914
3.13264
3.2039999999999997
3.27375
3.3411999999999997
3.40676
3.47022
3.53156
3.59049
3.64701
3.70121
3.75272
3.80176
3.84792
3.8914
3.9317400000000005
3.9693
4.00354
4.03463
4.06223
4.08675
4.10806
4.12664
4.14287
4.15761
4.17106
4.18386
4.1959800000000005
4.20757
4.219040000000001
4.22999
4.24078
4.25145
4.26173
4.27194
4.28196
4.29193
4.30171
4.31145
4.32096
4.3304
4.33985
4.3491
4.35839
4.36775
4.37692
4.38603

Vgs: 6.0
-0.000310275
0.09170779999999999
0.184053
0.276604
0.369643
0.46342300000000003
0.558288
0.654431
0.7518549999999999
0.85035
0.949777
1.0513899999999998
1.15199
1.25295
1.35409
1.45519
1.55617
1.65683
1.7571100000000002
1.85689
1.9561000000000002
2.0537900000000002
2.15189
2.2487000000000004
2.3450200000000003
2.4401
2.53452
2.6275299999999997
2.71944
2.8104
2.8998399999999998
2.9883599999999997
3.07527
3.16099
3.24494
3.3278499999999998
3.40881
3.48849
3.56623
3.6425300000000003
3.71683
3.78958
3.86028
3.9288700000000003
3.9957700000000003
4.06045
4.1231599999999995
4.18339
4.24162
4.297300000000001
4.35067
4.40153
4.4497
4.4951799999999995
4.53793
4.57766
4.61447
4.64817
4.6786900000000005
4.70606
4.73032
4.75173
4.77043
4.78711
4.802029999999999
4.81591
4.82901
4.8414
4.85328
4.86493
4.87612
4.887169999999999
4.8977200000000005
4.90832
4.91868
4.92888
4.93892
4.94875
4.9586
4.96824
4.97782

Vgs: 6.5
-0.000325159
0.0936017
0.18795800000000001
0.28263499999999997
0.37795599999999996
0.474227
0.571802
0.670877
0.7714930000000001
0.87334
0.976305
1.0816999999999999
1.18625
1.29128
1.39666
1.5022
1.6077299999999999
1.7130800000000002
1.81825
1.92309
2.0275100000000004
2.13049
2.2341499999999996
2.3366200000000004
2.4388199999999998
2.53995
2.6405399999999997
2.73976
2.83818
2.93593
3.03226
3.1278799999999998
3.22202
3.31524
3.40705
3.49789
3.58708
3.67505
3.7614900000000002
3.8467800000000003
3.9302499999999996
4.012499999999999
4.09276
4.17147
4.24873
4.32413
4.39794
4.469609999999999
4.539739999999999
4.60755
4.6736
4.73746
4.79935
4.85881
4.9162
4.97122
5.023630000000001
5.07378
5.1213500000000005
5.1661
5.2081599999999995
5.24745
5.28376
5.31698
5.3472
5.3744
5.39875
5.42006
5.43905
5.45598
5.4714
5.48555
5.49879
5.51164
5.52377
5.5353900000000005
5.54695
5.5580300000000005
5.56904
5.57962
5.59015

Vgs: 7.0
-0.00030554400000000004
0.0953155
0.191482
0.28806699999999996
0.385455
0.483938
0.583966
0.685665
0.789145
0.894042
1.0017500000000001
1.10898
1.21704
1.32578
1.43497
1.54444
1.65408
1.7636500000000002
1.8732
1.9826000000000001
2.09158
2.1993
2.30785
2.41545
2.5227399999999998
2.6291
2.7351300000000003
2.8400600000000003
2.94416
3.0477600000000002
3.15014
3.2520000000000002
3.35251
3.45228
3.55066
3.6484199999999998
3.7444800000000003
3.8398999999999996
3.9336500000000005
4.02657
4.11784
4.208080000000001
4.29669
4.3837399999999995
4.46985
4.55415
4.63699
4.71811
4.7980100000000006
4.87587
4.9523600000000005
5.0267100000000005
5.09965
5.17045
5.23968
5.3067
5.37158
5.434740000000001
5.49572
5.55446
5.6108199999999995
5.66503
5.71685
5.76608
5.81275
5.85698
5.89836
5.93705
5.97266
6.005520000000001
6.03551
6.062320000000001
6.08645
6.107880000000001
6.1270999999999995
6.1442
6.15985
6.17427
6.18774
6.20062
6.2130600000000005

Vgs: 7.5
-0.000327323
0.0968146
0.194586
0.29288
0.39207000000000003
0.492554
0.594744
0.698858
0.804859
0.912503
1.0230899999999998
1.13334
1.2445799999999998
1.35657
1.46916
1.58216
1.69546
1.8088600000000001
1.92222
2.03558
2.14879
2.2607600000000003
2.3736400000000004
2.48566
2.59757
2.70863
2.81956
2.92938
3.0386699999999998
3.14748
3.2552000000000003
3.36251
3.4685900000000003
3.57415
3.67856
3.7822799999999996
3.88457
3.98635
4.086539999999999
4.18612
4.2841499999999995
4.38147
4.47724
4.571689999999999
4.66533
4.75719
4.84813
4.93751
5.02559
5.11204
5.197290000000001
5.2807699999999995
5.36293
5.44325
5.52217
5.599340000000001
5.67462
5.7485100000000005
5.82029
5.890409999999999
5.9585799999999995
6.02498
6.08906
6.15141
6.2114199999999995
6.26945
6.32497
6.37847
6.4295100000000005
6.47805
6.523980000000001
6.56743
6.608280000000001
6.64635
6.68177
6.713979999999999
6.74396
6.7706
6.79475
6.81627
6.83549

Vgs: 8.0
-0.000322465
0.09817799999999999
0.197394
0.29721000000000003
0.398049
0.500344
0.6045090000000001
0.7107669999999999
0.8191039999999999
0.929198
1.04233
1.15531
1.2693999999999999
1.38436
1.50007
1.61629
1.73289
1.8497
1.96662
2.08354
2.20038
2.31605
2.4328499999999997
2.54883
2.6649
2.78018
2.89542
3.0097
3.1233799999999996
3.2368599999999996
3.34933
3.46148
3.57259
3.6832100000000003
3.7926800000000003
3.90184
4.009600000000001
4.11691
4.2229399999999995
4.328410000000001
4.43236
4.535810000000001
4.63784
4.738639999999999
4.83893
4.9374400000000005
5.03526
5.1315800000000005
5.22693
5.32074
5.41357
5.50479
5.5949
5.68344
5.7707
5.85639
5.9404200000000005
6.02326
6.10423
6.18401
6.26172
6.33813
6.412529999999999
6.48546
6.55633
6.62563
6.69285
6.75826
6.82142
6.8828700000000005
6.94197
6.999029999999999
7.05345
7.10604
7.15633
7.204280000000001
7.24967
7.29256
7.3327599999999995
7.37025
7.405209999999999
