Vgs range: 0,8,0.5
Vds range: 0,8,0.1

Vgs: 0.0
-0.000137527
0.0087048
0.0173304
0.0258888
0.0344166
0.042912900000000004
0.051378799999999995
0.0598186
0.06823359999999999
0.07661950000000001
0.0849804
0.0933186
0.10162
0.10991
0.11818
0.12643100000000002
0.134665
0.142876
0.15107299999999999
0.159243
0.167398
0.17547200000000002
0.18362
0.191716
0.199828
0.20790199999999998
0.21598599999999998
0.224028
0.232053
0.240094
0.24809
0.256104
0.26407200000000003
0.272055
0.280003
0.28797300000000003
0.295894
0.303831
0.311727
0.319646
0.327521
0.33541499999999996
0.343266
0.35111000000000003
0.35896700000000004
0.366784
0.37461900000000004
0.382409
0.390224
0.397984
0.40578800000000004
0.413536
0.421291
0.42901700000000004
0.436746
0.444444
0.45211999999999997
0.459816
0.467484
0.475157
0.482784
0.49044599999999994
0.49804799999999994
0.5056579999999999
0.513227
0.520821
0.528361
0.535918
0.5434450000000001
0.5509729999999999
0.558454
0.565924
0.573392
0.58083
0.5882869999999999
0.595682
0.603083
0.610456
0.6178359999999999
0.625168
0.63251

Vgs: 0.5
-0.000152694
0.0106243
0.019371100000000002
0.0278111
0.036204900000000005
0.0445818
0.0529352
0.061258
0.06955829999999999
0.0778305
0.086075
0.0942978
0.102506
0.110692
0.118856
0.127009
0.135148
0.14327
0.151365
0.159454
0.167527
0.175513
0.183586
0.1916
0.199648
0.207649
0.21565700000000002
0.223632
0.231594
0.23958000000000002
0.24751900000000002
0.255475
0.26340199999999997
0.271332
0.279236
0.28716800000000003
0.29503999999999997
0.302935
0.31079300000000004
0.318676
0.326511
0.334368
0.342188
0.350002
0.357828
0.36561200000000005
0.37342099999999995
0.381193
0.38898900000000003
0.396737
0.40450600000000003
0.412238
0.419979
0.42767499999999997
0.435409
0.443087
0.450764
0.458462
0.466112
0.473771
0.48138800000000004
0.48903599999999997
0.49663500000000005
0.504236
0.511808
0.51939
0.526944
0.534498
0.542023
0.5495479999999999
0.55702
0.564483
0.571954
0.579397
0.586833
0.594226
0.601625
0.608995
0.6163679999999999
0.6236940000000001
0.631022

Vgs: 1.0
-0.000208013
0.0334037
0.0619645
0.0852751
0.10324799999999999
0.116278
0.126012
0.134552
0.14284
0.151004
0.159099
0.167168
0.175227
0.183255
0.191223
0.199244
0.207161
0.215126
0.223092
0.231015
0.23891400000000002
0.24674700000000002
0.254672
0.26254099999999997
0.270429
0.278299
0.286175
0.293969
0.301815
0.309652
0.317477
0.325326
0.33307600000000004
0.340893
0.348691
0.35648199999999997
0.364291
0.372078
0.37983
0.387595
0.395371
0.403153
0.410876
0.418592
0.42636399999999997
0.43409200000000003
0.441847
0.449569
0.457274
0.46497299999999997
0.47273699999999996
0.480423
0.488166
0.495819
0.503541
0.511197
0.518861
0.526547
0.534199
0.5419090000000001
0.549565
0.557276
0.564853
0.572506
0.580111
0.587757
0.595397
0.602996
0.610605
0.618237
0.6257879999999999
0.633368
0.640928
0.648494
0.656022
0.663582
0.6711170000000001
0.6786169999999999
0.686133
0.6936009999999999
0.7010799999999999

Vgs: 1.5
-0.000226284
0.049178400000000004
0.09546439999999999
0.138498
0.178087
0.214
0.24591400000000002
0.27356499999999995
0.29669100000000004
0.31522100000000003
0.329343
0.340204
0.34939200000000004
0.358084
0.366558
0.374863
0.383107
0.391295
0.39941
0.407451
0.41554599999999997
0.423512
0.431558
0.439498
0.447489
0.45542299999999997
0.463366
0.471316
0.47919
0.487132
0.495041
0.5029159999999999
0.510785
0.518639
0.526567
0.5343979999999999
0.542184
0.550141
0.5578780000000001
0.565751
0.5735669999999999
0.581393
0.589266
0.596987
0.604837
0.61262
0.6204850000000001
0.628313
0.636118
0.643965
0.65181
0.659619
0.667449
0.675343
0.683242
0.691071
0.698929
0.706868
0.714712
0.722613
0.7305429999999999
0.7385010000000001
0.746433
0.754379
0.762313
0.770305
0.77828
0.7862509999999999
0.794207
0.802248
0.810196
0.8181780000000001
0.8261580000000001
0.83417
0.842159
0.850136
0.858124
0.866109
0.874149
0.882085
0.8901049999999999

Vgs: 2.0
-0.000259297
0.0594481
0.117094
0.17260499999999998
0.22594499999999998
0.276932
0.325445
0.371286
0.414367
0.45435099999999995
0.49097500000000005
0.524144
0.553419
0.578642
0.5995590000000001
0.616344
0.629413
0.640044
0.649658
0.658884
0.667762
0.6763859999999999
0.685026
0.693551
0.7019930000000001
0.710342
0.718695
0.726893
0.7351150000000001
0.743403
0.751536
0.7597240000000001
0.767841
0.775925
0.784023
0.792161
0.8002210000000001
0.8082280000000001
0.816285
0.824279
0.83233
0.840337
0.8483539999999999
0.856275
0.864253
0.872329
0.880309
0.888387
0.8964179999999999
0.904337
0.912446
0.920493
0.9286519999999999
0.936658
0.944824
0.952968
0.961148
0.969305
0.9775389999999999
0.9858180000000001
0.9941240000000001
1.00397
1.01236
1.02076
1.0291899999999998
1.03761
1.04614
1.05461
1.06311
1.07158
1.08015
1.0887
1.0973000000000002
1.1058400000000002
1.11452
1.12311
1.13188
1.14053
1.14924
1.15803
1.16676

Vgs: 2.5
-0.000257766
0.0669155
0.13269399999999998
0.197014
0.259894
0.321234
0.38096
0.439044
0.49545000000000006
0.549944
0.6023759999999999
0.652585
0.700401
0.745517
0.787731
0.8267730000000001
0.862472
0.89449
0.92261
0.946731
0.966723
0.982628
0.9956909999999999
1.0084
1.01855
1.0282799999999999
1.03758
1.04683
1.05587
1.06474
1.07351
1.0823
1.09097
1.09949
1.108
1.1163399999999999
1.1247099999999999
1.13323
1.1415799999999998
1.14992
1.1581899999999998
1.16655
1.1747699999999999
1.18296
1.19123
1.19939
1.20762
1.21577
1.22394
1.23219
1.24041
1.24864
1.25682
1.26508
1.27345
1.28178
1.29006
1.29845
1.30692
1.3154
1.32385
1.33244
1.34118
1.34986
1.3586
1.36744
1.3763
1.38534
1.39431
1.40334
1.41242
1.42158
1.4308
1.43997
1.44933
1.45865
1.46813
1.4776
1.4871299999999998
1.49673
1.5063900000000001

Vgs: 3.0
-0.00028714999999999996
0.0726395
0.144603
0.215556
0.28557000000000005
0.354564
0.422577
0.489649
0.5557840000000001
0.620776
0.684526
0.7469100000000001
0.807744
0.866811
0.923921
0.9789270000000001
1.03317
1.08339
1.1308799999999999
1.1755
1.21696
1.25492
1.2897500000000002
1.3208199999999999
1.34808
1.3713499999999998
1.3906299999999998
1.40639
1.4195
1.43103
1.44174
1.45193
1.46185
1.47142
1.48088
1.49028
1.49942
1.50865
1.51746
1.52641
1.5352700000000001
1.54403
1.55274
1.56138
1.5700399999999999
1.57859
1.58724
1.5957000000000001
1.60416
1.61257
1.62101
1.6295000000000002
1.6378899999999998
1.6462700000000001
1.6547
1.66305
1.6716
1.6800700000000002
1.68851
1.6971399999999999
1.70579
1.7145400000000002
1.72325
1.7320300000000002
1.7409000000000001
1.74994
1.75895
1.76781
1.77706
1.7864
1.79583
1.8052700000000002
1.81495
1.8246600000000002
1.8344
1.84426
1.85422
1.8642999999999998
1.87455
1.88486
1.8953200000000001

Vgs: 3.5
-0.000280168
0.07727300000000001
0.15421400000000002
0.230464
0.306142
0.381187
0.455764
0.52994
0.603703
0.676934
0.7494799999999999
0.8212729999999999
0.892041
0.961691
1.03152
1.09839
1.16367
1.22717
1.28867
1.3481
1.40529
1.45966
1.5121900000000001
1.56177
1.60863
1.6523899999999998
1.69312
1.73051
1.76428
1.79452
1.8207799999999998
1.84341
1.86228
1.87794
1.8912499999999999
1.90322
1.9143400000000002
1.92509
1.93546
1.94553
1.95531
1.96496
1.97459
1.9839900000000001
1.9931699999999999
2.0024100000000002
2.0114199999999998
2.02059
2.0295500000000004
2.03842
2.0472699999999997
2.05608
2.06493
2.07355
2.0822800000000004
2.09087
2.09947
2.10809
2.11668
2.1253
2.13398
2.14269
2.15134
2.16014
2.16906
2.17801
2.18699
2.1962
2.20548
2.21472
2.22421
2.23365
2.24341
2.25315
2.26314
2.27319
2.2834000000000003
2.29375
2.30417
2.3148600000000004
2.3257299999999996

Vgs: 4.0
-0.00029253
0.0811243
0.162174
0.24279
0.323104
0.403164
0.483122
0.563129
0.643161
0.723136
0.802875
0.882279
0.961078
1.0407199999999999
1.11801
1.1942599999999999
1.2694500000000002
1.34323
1.41556
1.48644
1.5555700000000001
1.62228
1.68792
1.75136
1.81278
1.87178
1.9285999999999999
1.9827500000000002
2.03425
2.08324
2.12912
2.17223
2.21196
2.2485399999999998
2.28141
2.3110399999999998
2.3366
2.35867
2.37728
2.3930499999999997
2.40671
2.41905
2.4306900000000002
2.44177
2.4525900000000003
2.46307
2.4732399999999997
2.48333
2.49323
2.50295
2.51244
2.52193
2.5314
2.54064
2.54983
2.55904
2.56798
2.57701
2.58606
2.59492
2.6038900000000003
2.61259
2.62152
2.6303
2.63914
2.64804
2.65688
2.66596
2.6749199999999997
2.68397
2.69324
2.70253
2.71206
2.72159
2.73134
2.74117
2.75118
2.76131
2.77161
2.78215
2.79284

Vgs: 4.5
-0.0002979
0.0843886
0.168933
0.253245
0.337488
0.421782
0.506308
0.59126
0.67665
0.762297
0.8480850000000001
0.933847
1.02096
1.10617
1.19086
1.27486
1.35805
1.4403199999999998
1.52137
1.6014499999999998
1.6801400000000002
1.75677
1.83288
1.90701
1.9798200000000001
2.05056
2.1196800000000002
2.18674
2.2516200000000004
2.31468
2.37529
2.43379
2.48978
2.5431999999999997
2.59391
2.6420800000000004
2.68703
2.72925
2.7682100000000003
2.80395
2.83609
2.86489
2.89013
2.91175
2.9302400000000004
2.9462
2.9601900000000003
2.97311
2.9851199999999998
2.99652
3.0077900000000004
3.0187299999999997
3.0291900000000003
3.03951
3.0497300000000003
3.05974
3.06954
3.0793399999999997
3.08886
3.09855
3.1079499999999998
3.11734
3.1265799999999997
3.1357899999999996
3.14494
3.1541099999999997
3.1631099999999996
3.17211
3.1811399999999996
3.19015
3.19921
3.20828
3.2174899999999997
3.22662
3.2361299999999997
3.24552
3.25514
3.26488
3.27482
3.28493
3.2952

Vgs: 5.0
-0.000295551
0.08720259999999999
0.17474499999999998
0.26222
0.349847
0.437769
0.526257
0.615503
0.705465
0.796032
0.887033
0.9782919999999999
1.07112
1.16236
1.2533699999999999
1.34398
1.4340600000000001
1.5233700000000001
1.6119999999999999
1.69965
1.7863499999999999
1.8712
1.9558900000000001
2.03891
2.121
2.2012799999999997
2.28042
2.35772
2.43333
2.5075499999999997
2.57977
2.6504499999999998
2.71879
2.7852799999999998
2.84964
2.91207
2.97185
3.0294800000000004
3.08463
3.13729
3.18717
3.23441
3.27862
3.31991
3.3582199999999998
3.3931999999999998
3.42496
3.45309
3.4779199999999997
3.49931
3.51803
3.53422
3.54852
3.56173
3.57421
3.58611
3.5975400000000004
3.60878
3.61963
3.6302499999999998
3.64066
3.6509
3.66113
3.6709799999999997
3.68074
3.69053
3.7001999999999997
3.7096400000000003
3.71896
3.7283899999999996
3.73765
3.74691
3.75603
3.7653
3.77455
3.78364
3.79291
3.8022199999999997
3.81172
3.8211500000000003
3.8307200000000003

Vgs: 5.5
-0.000307648
0.0896488
0.179791
0.27001800000000004
0.360587
0.451673
0.543608
0.63658
0.7305929999999999
0.825438
0.920965
1.01858
1.11496
1.2114999999999998
1.30788
1.4042
1.50015
1.5956
1.69053
1.78468
1.87818
1.9699600000000002
2.06195
2.1525
2.24225
2.33058
2.41805
2.5038500000000004
2.58844
2.6717500000000003
2.7534199999999998
2.83381
2.91236
2.98949
3.06459
3.13815
3.2098
3.2796600000000002
3.3473100000000002
3.41314
3.47654
3.53813
3.5970899999999997
3.6538500000000003
3.70813
3.75994
3.80916
3.85546
3.89918
3.9396600000000004
3.97724
4.01157
4.04282
4.07067
4.09521
4.1165899999999995
4.13525
4.15172
4.16645
4.18013
4.1929799999999995
4.20526
4.21697
4.22845
4.2396400000000005
4.25051
4.2611799999999995
4.2716400000000005
4.28191
4.29216
4.30215
4.31198
4.32181
4.3314699999999995
4.34108
4.3505899999999995
4.3601
4.3694
4.37876
4.38806
4.39742

Vgs: 6.0
-0.000305719
0.0918071
0.18425
0.276914
0.37008199999999997
0.463979
0.558975
0.655258
0.7528600000000001
0.851485
0.951076
1.0528600000000001
1.15368
1.25481
1.35608
1.45739
1.55853
1.6594
1.75979
1.85979
1.95924
2.05713
2.15535
2.25237
2.34891
2.44413
2.5386599999999997
2.6318
2.72384
2.81505
2.9046100000000004
2.9933300000000003
3.0804
3.1662600000000003
3.25049
3.33358
3.41479
3.49455
3.57247
3.64891
3.72338
3.79636
3.86715
3.9358400000000002
4.00304
4.067880000000001
4.130660000000001
4.1911700000000005
4.24953
4.30546
4.35888
4.40979
4.45824
4.50381
4.546760000000001
4.586609999999999
4.62347
4.65741
4.68803
4.715590000000001
4.739990000000001
4.7615
4.780259999999999
4.79702
4.8120899999999995
4.82608
4.83908
4.85173
4.86376
4.8755
4.886749999999999
4.89789
4.90872
4.91932
4.92985
4.94012
4.95031
4.95986
4.9698199999999995
4.97956
4.98935

Vgs: 6.5
-0.000331246
0.093696
0.18815300000000001
0.282951
0.378407
0.474783
0.572494
0.6717
0.772468
0.874469
0.9776170000000001
1.0831
1.18784
1.2931
1.39867
1.50433
1.61006
1.71568
1.82098
1.92592
2.03061
2.13374
2.23763
2.34033
2.44272
2.54398
2.64474
2.74423
2.84292
2.94084
3.03735
3.13317
3.2275
3.3210100000000002
3.4128499999999997
3.50383
3.59314
3.68144
3.76798
3.85337
3.93703
4.0193900000000005
4.09997
4.178839999999999
4.25638
4.33189
4.4057699999999995
4.47768
4.5479199999999995
4.61587
4.6822
4.74605
4.80811
4.86784
4.92542
4.9804
5.03301
5.08348
5.13106
5.17608
5.2181
5.25759
5.29399
5.3274799999999995
5.35778
5.38532
5.409599999999999
5.4311300000000005
5.45026
5.46728
5.482640000000001
5.4969600000000005
5.510400000000001
5.523219999999999
5.53544
5.5473099999999995
5.55904
5.57019
5.581230000000001
5.592
5.60265

Vgs: 7.0
-0.00031907400000000003
0.09539500000000001
0.191663
0.288352
0.385846
0.48445699999999997
0.584615
0.686485
0.790104
0.895165
1.00303
1.11043
1.2186899999999998
1.3276
1.43696
1.5465
1.65639
1.76621
1.87587
1.98542
2.0946200000000004
2.20249
2.3111300000000004
2.41891
2.52648
2.63291
2.73916
2.84424
2.94861
3.05245
3.15504
3.25706
3.35776
3.45765
3.55631
3.6542499999999998
3.75062
3.84601
3.94005
4.03313
4.1246
4.2149600000000005
4.303730000000001
4.3911
4.47737
4.56171
4.64484
4.72616
4.80624
4.88424
4.96082
5.03544
5.10855
5.17943
5.248799999999999
5.31592
5.38105
5.44444
5.50532
5.5644800000000005
5.62101
5.67535
5.7272
5.7767
5.82351
5.86783
5.909389999999999
5.9482
5.983879999999999
6.01685
6.0469599999999994
6.07412
6.0983
6.11975
6.1391
6.156359999999999
6.1721900000000005
6.18666
6.20019
6.21331
6.225709999999999

Vgs: 7.5
-0.000335111
0.0969064
0.194775
0.29316200000000003
0.392478
0.49309600000000003
0.595416
0.699659
0.805825
0.913607
1.02426
1.1347399999999999
1.24617
1.3583399999999999
1.47106
1.58425
1.69777
1.81141
1.9249200000000002
2.0384700000000002
2.15183
2.26395
2.37703
2.4892299999999996
2.60128
2.71262
2.82368
2.93374
3.0431
3.1521600000000003
3.26011
3.36763
3.47396
3.57964
3.6841999999999997
3.78811
3.89061
3.99255
4.093
4.1927900000000005
4.290979999999999
4.38844
4.48438
4.57902
4.672820000000001
4.76489
4.8561000000000005
4.9455100000000005
5.03399
5.120480000000001
5.2058800000000005
5.2896
5.37189
5.45236
5.53144
5.60869
5.68426
5.75822
5.83016
5.9005
5.96882
6.03529
6.09961
6.16199
6.22212
6.28028
6.33602
6.389760000000001
6.44079
6.489520000000001
6.535690000000001
6.579330000000001
6.62019
6.65844
6.69395
6.7265
6.7562999999999995
6.78313
6.80743
6.82911
6.84843

Vgs: 8.0
-0.000322699
0.0982731
0.197585
0.297508
0.398472
0.500868
0.605167
0.7115640000000001
0.8200230000000001
0.9303039999999999
1.04361
1.1568100000000001
1.2710899999999998
1.3861800000000002
1.50197
1.6184100000000001
1.7351599999999998
1.8521
1.96921
2.08634
2.2033899999999997
2.31921
2.4362899999999996
2.55246
2.6687
2.78407
2.89952
3.01395
3.12792
3.24164
3.35422
3.46661
3.57796
3.68872
3.79839
3.90773
4.01565
4.1231599999999995
4.22931
4.334840000000001
4.43914
4.54269
4.64491
4.745970000000001
4.84635
4.94529
5.043200000000001
5.13966
5.23527
5.32928
5.422289999999999
5.51357
5.603870000000001
5.69238
5.77996
5.86571
5.94988
6.032970000000001
6.1141700000000005
6.19399
6.27193
6.34849
6.42314
6.49618
6.56726
6.63671
6.70399
6.76951
6.8329200000000005
6.89446
6.953749999999999
7.01086
7.06583
7.1186
7.16917
7.21693
7.26258
7.305490000000001
7.34587
7.38349
7.41858
