Vgs range: 0,8,0.5
Vds range: 0,8,0.1

Vgs: 0.0
-0.00013514200000000001
0.00834232
0.0166093
0.024810299999999997
0.0329811
0.0411203
0.049233
0.057317400000000004
0.06538189999999999
0.07341589999999999
0.0814295
0.0894191
0.0973839
0.105326
0.113249
0.12115799999999999
0.129051
0.13692000000000001
0.14477700000000002
0.152613
0.160438
0.16817700000000002
0.175989
0.183753
0.191532
0.199272
0.20702500000000001
0.214736
0.222437
0.23014800000000002
0.237816
0.245504
0.253147
0.26080800000000004
0.268428
0.276071
0.28367000000000003
0.29129
0.298871
0.306459
0.31400599999999995
0.32158000000000003
0.329115
0.33663
0.344169
0.351666
0.359172
0.36665
0.37415400000000004
0.381589
0.38906
0.39649
0.40393
0.411341
0.41876100000000005
0.426141
0.433499
0.440881
0.44822900000000004
0.455582
0.46290699999999996
0.470229
0.477516
0.48480399999999996
0.492058
0.499324
0.5065500000000001
0.513781
0.520977
0.5281819999999999
0.535342
0.5424880000000001
0.549636
0.55675
0.563877
0.570958
0.578052
0.5851040000000001
0.592176
0.599184
0.6062179999999999

Vgs: 0.5
-0.00016837299999999998
0.010323500000000001
0.0187875
0.0269456
0.0350615
0.0431544
0.0512153
0.0592547
0.0672691
0.0752513
0.0832097
0.091152
0.0990696
0.106971
0.11485999999999999
0.122724
0.13057
0.138401
0.146222
0.154028
0.16181600000000002
0.169524
0.177305
0.18504500000000002
0.192796
0.20050400000000002
0.20823599999999998
0.215919
0.2236
0.231296
0.23895
0.24662000000000003
0.254251
0.261895
0.26951200000000003
0.277138
0.284732
0.292336
0.299906
0.307496
0.31504200000000004
0.322608
0.33013200000000004
0.337649
0.345181
0.352678
0.36019300000000004
0.36766099999999996
0.37516900000000003
0.382602
0.390067
0.397512
0.40495400000000004
0.412362
0.419769
0.427165
0.43453200000000003
0.441913
0.449264
0.456617
0.46394399999999997
0.471257
0.47854100000000005
0.485859
0.49313000000000007
0.500397
0.507622
0.514859
0.5220739999999999
0.5292749999999999
0.5364490000000001
0.543601
0.550748
0.557874
0.564986
0.5720639999999999
0.5791649999999999
0.586208
0.593268
0.600266
0.607289

Vgs: 1.0
-0.000203754
0.033185
0.06152230000000001
0.0845892
0.102321
0.115103
0.12458400000000001
0.13288699999999998
0.14089500000000002
0.14882599999999999
0.15664
0.16447799999999999
0.17229499999999998
0.180039
0.18781
0.19550399999999998
0.203262
0.210952
0.218627
0.226304
0.233947
0.24152200000000001
0.24917899999999998
0.256793
0.264455
0.272034
0.279651
0.287201
0.294774
0.302363
0.309908
0.317486
0.325006
0.33255399999999996
0.340047
0.347617
0.355122
0.362622
0.37008800000000003
0.3776
0.385081
0.392594
0.40004199999999995
0.407504
0.41500899999999996
0.422464
0.429947
0.437361
0.444832
0.452257
0.459683
0.467115
0.474525
0.481928
0.489348
0.49674799999999997
0.5041279999999999
0.511523
0.5189
0.5262720000000001
0.5336839999999999
0.541017
0.548372
0.555737
0.5630729999999999
0.570413
0.5777249999999999
0.5850500000000001
0.592356
0.59965
0.6069479999999999
0.614203
0.621468
0.628699
0.635983
0.643192
0.6504220000000001
0.657597
0.6648160000000001
0.6719710000000001
0.679165

Vgs: 1.5
-0.000239448
0.0489439
0.09499690000000001
0.137775
0.177136
0.21279700000000001
0.244449
0.271805
0.294684
0.312921
0.326784
0.337414
0.346387
0.354814
0.363024
0.371119
0.379138
0.387111
0.394984
0.40283199999999997
0.410642
0.418407
0.426189
0.433947
0.441697
0.449324
0.45711
0.464785
0.472495
0.48014999999999997
0.487749
0.49549200000000004
0.503059
0.510731
0.51828
0.5259130000000001
0.533575
0.541148
0.5487569999999999
0.556328
0.563852
0.5714440000000001
0.578976
0.586562
0.59417
0.601705
0.6093099999999999
0.616841
0.624427
0.631994
0.639574
0.6471439999999999
0.6547379999999999
0.662299
0.669771
0.677408
0.6849379999999999
0.692591
0.7001740000000001
0.70789
0.715526
0.723219
0.730831
0.738533
0.746187
0.753902
0.761596
0.769028
