Vgs range: 0,8,0.1
Vds range: 0,8,0.5

Vgs: 0.0
-0.00014497999999999998
-0.00014499400000000001
-0.000142228
-0.000143168
-0.00014407099999999998
-0.00014697900000000002
-0.000149657
-0.00015353800000000002
-0.000156191
-0.00016183299999999998
-0.00016348699999999997
-0.00016766699999999998
-0.00016888799999999999
-0.00017077099999999998
-0.00017499699999999998
-0.000174903
-0.00017779799999999998
-0.000177637
-0.000182459
-0.00018069199999999998
-0.000185377
-0.00018232699999999998
-0.000184
-0.000183756
-0.00018629899999999999
-0.000187597
-0.000186201
-0.000188732
-0.000187631
-0.00018886899999999998
-0.000188422
-0.000193633
-0.00019252400000000002
-0.000192889
-0.000191772
-0.00019254800000000001
-0.000193217
-0.000193448
-0.00019357699999999998
-0.000193684
-0.000193165
-0.000192807
-0.00019423299999999998
-0.000192118
-0.000193806
-0.00019661399999999998
-0.00019491499999999999
-0.00019509100000000002
-0.000195699
-0.000196893
-0.00019886
-0.00019883099999999998
-0.000196001
-0.000196973
-0.00019941200000000002
-0.00019847000000000002
-0.00020062000000000001
-0.000198917
-0.00019909299999999999
-0.000198515
-0.000197471
-0.000199871
-0.000196045
-0.000196766
-0.000197625
-0.000195355
-0.00019840899999999998
-0.000200282
-0.00019947900000000002
-0.000198752
-0.000198092
-0.00019719899999999998
-0.000197833
-0.000195571
-0.000198425
-0.000198727
-0.000197798
-0.000199796
-0.000200784
-0.000201545
-0.00020017

Vgs: 0.5
0.0429057
0.0429069
0.0429601
0.0430117
0.0432179
0.0447946
0.049526
0.0584958
0.0727495
0.0914776
0.117033
0.13555699999999998
0.156873
0.177246
0.195177
0.212045
0.226598
0.24033600000000002
0.253346
0.264832
0.275815
0.28601800000000005
0.295521
0.304282
0.312662
0.320779
0.32826900000000003
0.33524200000000004
0.341899
0.348323
0.354551
0.360348
0.365922
0.371201
0.376321
0.381336
0.386044
0.390668
0.395202
0.399423
0.40349500000000005
0.407445
0.411311
0.41500899999999996
0.418661
0.422108
0.42546100000000003
0.42879
0.431947
0.435081
0.438156
0.44100500000000004
0.443885
0.446631
0.44935800000000004
0.451993
0.454541
0.45705399999999996
0.459467
0.461831
0.46414999999999995
0.466386
0.46866399999999997
0.470673
0.472809
0.47489899999999996
0.476829
0.47885799999999995
0.480698
0.48259
0.484378
0.48609800000000003
0.487879
0.48952200000000007
0.491177
0.492816
0.49436900000000006
0.495689
0.497406
0.49890799999999996
0.500364

Vgs: 1.0
0.084905
0.0849072
0.0849981
0.08507400000000001
0.0853226
0.0867089
0.0913338
0.10234
0.114423
0.132813
0.156635
0.183717
0.21313100000000001
0.248372
0.284225
0.291875
0.291942
0.2919
0.291952
0.291985
0.291983
0.29194
0.408557
0.5528
0.580768
0.599882
0.6185649999999999
0.6366609999999999
0.653002
0.668432
0.6835289999999999
0.697736
0.711411
0.724699
0.7366710000000001
0.74934
0.760595
0.771573
0.78221
0.792546
0.8026030000000001
0.812393
0.821764
0.8307
0.839565
0.848372
0.8561909999999999
0.8643299999999999
0.8720060000000001
0.879689
0.887092
0.8941049999999999
0.901183
0.9078769999999999
0.914662
0.920983
0.927286
0.9334290000000001
0.939396
0.945236
0.950917
0.956361
0.961775
0.967178
0.9723689999999999
0.9783719999999999
0.9824689999999999
0.987099
0.991764
0.9963730000000001
1.00313
1.00661
1.0109400000000002
1.0151299999999999
1.01935
1.0231599999999998
1.02706
1.03105
1.03475
1.03843
1.0420099999999999

Vgs: 1.5
0.12620099999999998
0.126205
0.126338
0.126439
0.12668600000000002
0.128
0.132249
0.14096799999999998
0.154844
0.173658
0.19710999999999998
0.223883
0.250343
0.28984
0.32698699999999997
0.368172
0.413023
0.45904700000000004
0.507742
0.557771
0.608344
0.657124
0.704304
0.7444
0.783809
0.821138
0.855677
0.88921
0.9197730000000001
0.947758
0.975705
0.998575
1.0325499999999999
1.0518100000000001
1.07425
1.09278
1.1167
1.13767
1.1557799999999998
1.17444
1.19255
1.20993
1.22657
1.24309
1.2583
1.27415
1.28826
1.30263
1.31625
1.33008
1.34288
1.35536
1.36775
1.37977
1.39144
1.40285
1.41403
1.4254
1.4356
1.4458900000000001
1.4559
1.46561
1.47545
1.48473
1.4937500000000001
1.5029100000000002
1.51134
1.52007
1.52819
1.5365199999999999
1.5443200000000001
1.55199
1.5598
1.56737
1.57453
1.58154
1.58837
1.59543
1.6018000000000001
1.60845
1.6149300000000002

Vgs: 2.0
0.166814
0.166822
0.166986
0.1671
0.167357
0.168609
0.172689
0.181302
0.19504400000000002
0.213587
0.23669199999999999
0.263293
0.294026
0.329498
0.366864
0.40874299999999997
0.449527
0.500425
0.551107
0.60382
0.658983
0.717642
0.7756500000000001
0.835749
0.896381
0.9569259999999999
1.02535
1.06905
1.1172
1.16424
1.21003
1.2519
1.2934
1.3298999999999999
1.3654400000000002
1.40102
1.43266
1.46455
1.4946300000000001
1.5243399999999998
1.55156
1.5779800000000002
1.60419
1.62934
1.65339
1.67681
1.6990900000000002
1.72133
1.74219
1.76355
1.78314
1.80247
1.82177
1.84049
1.85845
1.87537
1.89193
1.90886
1.92455
1.9406899999999998
1.9558000000000002
1.97058
1.98581
1.9999000000000002
2.01357
2.02711
2.0403000000000002
2.05344
2.0657
2.0781799999999997
2.09009
2.1019900000000002
2.11349
2.1248299999999998
2.13597
2.1465099999999997
2.15703
2.16767
2.1775599999999997
2.18754
2.19722

Vgs: 2.5
0.206774
0.206782
0.206984
0.20712
0.20738399999999999
0.208559
0.212617
0.22093500000000002
0.232904
0.252776
0.275764
0.302966
0.33362
0.370355
0.407138
0.449726
0.49417700000000003
0.5416369999999999
0.593593
0.645501
0.7014980000000001
0.760074
0.822338
0.8828199999999999
0.947497
1.0297699999999999
1.0858700000000001
1.1553
1.2246100000000002
1.29304
1.3615000000000002
1.41605
1.4838500000000001
1.53908
1.59301
1.64435
1.6917
1.73821
1.78185
1.82419
1.86584
1.9033900000000001
1.9413399999999998
1.9765400000000002
2.01081
2.04469
2.07621
2.10797
2.13806
2.16702
2.19551
2.22242
2.24901
2.27512
2.3006900000000003
2.3249299999999997
2.34848
2.37244
2.3943499999999998
2.4162
2.43779
2.45838
2.47932
2.49856
2.51867
2.5371099999999998
2.55534
2.5736399999999997
2.5911
2.60894
2.6252400000000002
2.6415599999999997
2.6577599999999997
2.67346
2.68923
2.70256
2.71859
2.7330900000000002
2.74669
2.7608099999999998
2.7741599999999997

Vgs: 3.0
0.24625200000000003
0.24625200000000003
0.246488
0.24664499999999998
0.24692799999999998
0.248117
0.251965
0.260355
0.273732
0.29198100000000005
0.314738
0.342883
0.37267399999999995
0.40952099999999997
0.44560900000000003
0.48879999999999996
0.533519
0.581089
0.632985
0.685851
0.744915
0.802179
0.863181
0.9261370000000001
0.991361
1.07487
1.13124
1.20438
1.2758699999999998
1.35073
1.4290100000000001
1.50756
1.58307
1.66026
1.7346300000000001
1.8081900000000002
1.87507
1.93065
2.00159
2.06145
2.11843
2.17134
2.2229099999999997
2.27244
2.31967
2.36502
2.40856
2.45122
2.49162
2.53326
2.5705
2.60637
2.6426499999999997
2.67692
2.71113
2.7442
2.7750399999999997
2.8071300000000003
2.8374300000000003
2.86665
2.89444
2.91815
2.94907
2.97499
3.00124
3.02615
3.0504
3.07485
3.09821
3.1208299999999998
3.14305
3.16402
3.18565
3.206
3.22651
3.24639
3.26584
3.28478
3.3031800000000002
3.32146
3.3390500000000003

Vgs: 3.5
0.28513900000000003
0.285145
0.285411
0.285586
0.28588399999999997
0.287053
0.29077600000000003
0.29912
0.30863199999999996
0.330364
0.353363
0.380078
0.41134800000000005
0.44714
0.484713
0.527169
0.573085
0.6206020000000001
0.672157
0.725213
0.7825799999999999
0.843677
0.90417
0.96321
1.04806
1.10434
1.1743000000000001
1.2390299999999999
1.3198
1.3966
1.47547
1.55472
1.63499
1.71882
1.80084
1.88616
1.97014
2.05597
2.1377800000000002
2.21669
2.2950000000000004
2.36611
2.43668
2.5039900000000004
2.56635
2.6275
2.6849600000000002
2.74192
2.79453
2.84774
2.8975199999999997
2.94597
2.99388
3.03833
3.08248
3.1244699999999996
3.16497
3.20546
3.24363
3.2830899999999996
3.31966
3.35479
3.38913
3.42351
3.45602
3.48816
3.51931
3.5501199999999997
3.58014
3.60963
3.6369100000000003
3.66518
3.69259
3.7179499999999996
3.7439
3.76925
3.79341
3.81802
3.8413700000000004
3.86457
3.88755

Vgs: 4.0
0.32339
0.323397
0.323687
0.32388
0.324173
0.325304
0.32905100000000004
0.337249
0.35028000000000004
0.368688
0.391011
0.418092
0.449226
0.485673
0.5231100000000001
0.553378
0.611073
0.6591159999999999
0.711835
0.764475
0.822336
0.8830290000000001
0.943712
1.0215400000000001
1.07521
1.14379
1.21587
1.28944
1.36212
1.43895
1.5187
1.59945
1.68064
1.76538
1.85
1.9371099999999999
2.02501
2.1138500000000002
2.20412
2.2971
2.38602
2.47816
2.56633
2.65373
2.73597
2.81665
2.8931199999999997
2.96617
3.03565
3.10328
3.16803
3.2294
3.29008
3.34711
3.4035699999999998
3.45744
3.5102800000000003
3.5611
3.60968
3.65757
3.7030000000000003
3.74744
3.79316
3.8349399999999996
3.87484
3.91695
3.9544999999999995
3.9930399999999997
4.0295000000000005
4.066389999999999
4.10153
4.1365300000000005
4.16965
4.201899999999999
4.23401
4.2653
4.2958
4.3261899999999995
4.3549299999999995
4.384329999999999
4.41219

Vgs: 4.5
0.361183
0.36119199999999996
0.361503
0.361716
0.362041
0.363156
0.366884
0.374956
0.388423
0.40563
0.428509
0.455857
0.486688
0.5223
0.5615070000000001
0.603296
0.650874
0.697654
0.749291
0.802854
0.86072
0.921314
0.9829610000000001
1.0612300000000001
1.1164
1.1853
1.25586
1.32405
1.40485
1.4805300000000001
1.5609899999999999
1.64424
1.72687
1.8079800000000001
1.89555
1.9825899999999999
2.07158
2.16249
2.25288
2.3461
2.44119
2.53453
2.63197
2.7305900000000003
2.82885
2.92256
3.0166500000000003
3.1125
3.19926
3.28694
3.36894
3.44841
3.5242400000000003
3.59731
3.66845
3.7354100000000003
3.79214
3.86513
3.92476
3.98389
4.042750000000001
4.09734
4.15269
4.203239999999999
4.25418
4.30401
4.35144
4.39833
4.44518
4.4899700000000005
4.5313300000000005
4.5747599999999995
4.61436
4.65442
4.69345
4.73293
4.76899
4.80605
4.840610000000001
4.875660000000001
4.90925

Vgs: 5.0
0.398411
0.39841
0.398754
0.39897499999999997
0.399307
0.400422
0.404068
0.41197100000000003
0.42497900000000005
0.44324199999999997
0.465744
0.493104
0.523886
0.559887
0.598299
0.6415540000000001
0.687882
0.735719
0.7888930000000001
0.84192
0.898953
0.960393
1.0353400000000001
1.08693
1.15471
1.22518
1.29576
1.3708
1.4442700000000002
1.52276
1.6033899999999999
1.68377
1.7669700000000002
1.85037
1.93637
2.02592
2.11867
2.20818
2.29759
2.39201
2.48832
2.58495
2.68246
2.78081
2.88286
2.98126
3.08568
3.18805
3.28645
3.38896
3.49145
3.58909
3.68355
3.77366
3.8625700000000003
3.9497400000000003
4.027819999999999
4.110670000000001
4.18352
4.25734
4.3265400000000005
4.395300000000001
4.4577100000000005
4.525569999999999
4.586480000000001
4.64926
4.70497
4.7622
4.816800000000001
4.8726
4.92341
4.9736
5.02291
5.07135
5.11905
5.16416
5.20805
5.2522
5.294359999999999
5.33639
5.37739

Vgs: 5.5
0.434875
0.43486199999999997
0.435233
0.43547399999999997
0.435817
0.436913
0.440569
0.44873999999999997
0.461509
0.479936
0.502218
0.529361
0.5611389999999999
0.597188
0.635533
0.679245
0.7248600000000001
0.773557
0.8257
0.879996
0.9380909999999999
0.998103
1.0736999999999999
1.12529
1.19213
1.2661499999999999
1.3354199999999998
1.40887
1.48311
1.5618800000000002
1.64194
1.72284
1.80582
1.89097
1.9775600000000002
2.06725
2.1579099999999998
2.25083
2.3404
2.43614
2.53365
2.62885
2.72815
2.82845
2.9284100000000004
3.03087
3.13205
3.24127
3.3284700000000003
3.44717
3.55638
3.6588
3.76672
3.87188
3.9799500000000005
4.08291
4.18151
4.279039999999999
4.3710700000000005
4.46352
4.54983
4.63201
4.71596
4.78914
4.86623
4.93794
5.00769
5.07728
5.14246
5.20744
5.26893
5.32962
5.39131
5.44768
5.505450000000001
5.55722
5.60978
5.65615
5.71304
5.76243
5.81059

Vgs: 6.0
0.470704
0.47069700000000003
0.47111400000000003
0.47136999999999996
0.47173099999999996
0.472845
0.476437
0.484322
0.497383
0.515073
0.5381
0.565717
0.59714
0.6342159999999999
0.674083
0.7156009999999999
0.761038
0.809863
0.862921
0.9168069999999999
0.9753160000000001
1.04907
1.09991
1.1634
1.23081
1.30456
1.3738000000000001
1.4479600000000001
1.52491
1.60116
1.68247
1.7644900000000001
1.84625
1.9315
2.0208600000000003
2.1069999999999998
2.19875
2.29179
2.3839099999999998
2.4762999999999997
2.57451
2.6715
2.77253
2.8737
2.97295
3.0758
3.17743
3.28384
3.3902300000000003
3.49954
3.60521
3.71596
3.82356
3.9327700000000005
4.04325
4.15485
4.26413
4.379110000000001
4.48399
4.59471
4.69761
4.79785
4.89708
4.9913300000000005
5.0819
5.17084
5.25467
5.33921
5.41508
5.494
5.56935
5.63867
5.71037
5.778250000000001
5.84577
5.9097
5.97124
6.03444
6.092420000000001
6.15178
6.2072899999999995

Vgs: 6.5
0.5054000000000001
0.505398
0.505846
0.506129
0.506507
0.507604
0.5112209999999999
0.519101
0.53201
0.549923
0.572893
0.60046
0.63188
0.668436
0.707104
0.751154
0.798638
0.847067
0.899939
0.955106
1.02582
1.0755599999999998
1.13887
1.20279
1.26954
1.34141
1.41479
1.48643
1.56163
1.6413300000000002
1.7209599999999998
1.80223
1.8855899999999999
1.97169
2.05878
2.15083
2.24054
2.32943
2.4240899999999996
2.51788
2.61551
2.7116800000000003
2.8127400000000002
2.91492
3.01555
3.11928
3.2247299999999997
3.3313
3.43329
3.54465
3.65277
3.7598599999999998
3.8713599999999997
3.98186
4.0987100000000005
4.21165
4.32331
4.436780000000001
4.554329999999999
4.66949
4.780600000000001
4.89546
5.00819
5.11685
5.22766
5.3328500000000005
5.434340000000001
5.53352
5.627
5.72117
5.80934
5.89432
5.979830000000001
6.06088
6.13835
6.2139999999999995
6.290150000000001
6.3561
6.4298
6.49774
6.56414

Vgs: 7.0
0.539311
0.539304
0.539859
0.540203
0.5406340000000001
0.5418200000000001
0.545337
0.55324
0.566461
0.584263
0.607645
0.6352410000000001
0.6670940000000001
0.703783
0.742969
0.787053
0.83467
0.885257
0.936698
0.991734
1.06369
1.1132600000000001
1.1797000000000002
1.24112
1.30952
1.3812799999999998
1.4525700000000001
1.5259
1.60227
1.68077
1.76333
1.84296
1.92599
2.0120899999999997
2.09829
2.19169
2.27741
2.37172
2.46331
2.54368
2.6566799999999997
2.75282
2.85208
2.95429
3.05546
3.1583
3.26318
3.37246
3.47534
3.58493
3.69595
3.8053000000000003
3.9181
4.02863
4.14127
4.2598899999999995
4.37298
4.485860000000001
4.6015500000000005
4.7199800000000005
4.83734
4.95331
5.07286
5.19055
5.30963
5.4283600000000005
5.541639999999999
5.65929
5.76825
5.88025
5.98773
6.08807
6.18667
6.2806
6.37408
6.46375
6.54908
6.634969999999999
6.71615
6.79523
6.87337

Vgs: 7.5
0.5721809999999999
0.572179
0.572718
0.573126
0.57359
0.5748679999999999
0.578633
0.586592
0.599921
0.617893
0.641027
0.668969
0.7008230000000001
0.739507
0.777667
0.8228989999999999
0.869192
0.919329
0.973899
1.04166
1.08904
1.15142
1.2142
1.28043
1.34774
1.4191099999999999
1.49266
1.5679100000000001
1.64427
1.7201300000000002
1.8011
1.8835
1.9684400000000002
2.05215
2.14126
2.22829
2.31956
2.41224
2.50365
2.59905
2.6976299999999998
2.7937499999999997
2.89494
2.9934
3.1001000000000003
3.2002699999999997
3.3019999999999996
3.4144
3.51565
3.62605
3.73549
3.8459700000000003
3.9575900000000006
4.06896
4.185580000000001
4.30129
4.41242
4.53347
4.64546
4.76557
4.88384
5.00288
5.1236500000000005
5.24536
5.3658
5.4871099999999995
5.60641
5.7339899999999995
5.8510100000000005
5.97754
6.09061
6.20703
6.32414
6.43443
6.54455
6.65098
6.75572
6.8517600000000005
6.94749
7.04115
7.131410000000001

Vgs: 8.0
0.603743
0.6037389999999999
0.604293
0.604688
0.605162
0.606452
0.610232
0.618355
0.6316149999999999
0.650372
0.6744439999999999
0.7015520000000001
0.733921
0.771882
0.812063
0.8572690000000001
0.904739
0.955033
1.02058
1.06566
1.12575
1.1879499999999998
1.25208
1.31724
1.38638
1.45801
1.53134
1.6060899999999998
1.68183
1.76055
1.84226
1.9236900000000001
2.00869
2.09411
2.1802599999999996
2.2719099999999997
2.36033
2.45309
2.54513
2.63914
2.7374199999999997
2.8336099999999997
2.93365
3.03396
3.13838
3.2391099999999997
3.34252
3.45044
3.5567900000000003
3.66785
3.77744
3.8834999999999997
3.99149
4.11177
4.22406
4.34232
4.45499
4.573729999999999
4.689279999999999
4.80803
4.92915
5.0467200000000005
5.16907
5.28916
5.41453
5.54102
5.65805
5.7825999999999995
5.90468
6.030930000000001
6.1804
6.27973
6.40467
6.5278599999999996
6.65517
6.7706800000000005
6.88726
7.0038
7.11837
7.22516
7.33059
