Vgs range: 0,8,0.1
Vds range: 0,8,0.5

Vgs: 0.0
-0.00014301
-0.000146947
-0.000144992
-0.000144001
-0.000144504
-0.000149629
-0.000152479
-0.00015865499999999998
-0.000158183
-0.000165816
-0.000164377
-0.000170511
-0.000169558
-0.000173542
-0.00017350000000000002
-0.000177801
-0.000176728
-0.000180185
-0.000182984
-0.00018599599999999999
-0.00018538799999999998
-0.000185199
-0.000186094
-0.000187813
-0.000188783
-0.000190963
-0.00019094699999999999
-0.00019263600000000002
-0.000191789
-0.000192768
-0.000196364
-0.000196756
-0.000196936
-0.00019864499999999998
-0.000198553
-0.00019745
-0.000200477
-0.000198767
-0.00019619899999999998
-0.00019757799999999998
-0.00019474599999999998
-0.000197432
-0.000194101
-0.000199354
-0.000194973
-0.000198767
-0.000199684
-0.000199062
-0.00020099200000000002
-0.000198656
-0.00020057700000000001
-0.000199159
-0.00019941299999999998
-0.00019826700000000002
-0.000197073
-0.00019846
-0.00020022600000000002
-0.000199779
-0.000197366
-0.000200288
-0.000199677
-0.000199754
-0.000200688
-0.000201067
-0.000197188
-0.00020015200000000002
-0.000202291
-0.000200821
-0.000202878
-0.000202013
-0.00020301
-0.000200936
-0.00020084199999999999
-0.000202105
-0.000201527
-0.000202994
-0.000200434
-0.000203073
-0.000202428
-0.000204673
-0.00020173900000000001

Vgs: 0.5
0.0414808
0.0414826
0.0415316
0.041589799999999996
0.0418454
0.0433148
0.0479005
0.0572214
0.0714054
0.0898118
0.115728
0.134194
0.15532400000000002
0.175908
0.19361
0.21044100000000002
0.22547999999999999
0.23912599999999998
0.252076
0.26350100000000004
0.274513
0.284942
0.294294
0.30295700000000003
0.311422
0.31929199999999996
0.32663800000000004
0.333887
0.340381
0.34676999999999997
0.352981
0.358783
0.364354
0.369595
0.37471
0.37970499999999996
0.384455
0.389036
0.393351
0.397596
0.40172800000000003
0.40568800000000005
0.40956
0.41324500000000003
0.41681599999999996
0.420301
0.423634
0.42696100000000003
0.430207
0.43323500000000004
0.436265
0.43919
0.441986
0.444739
0.447456
0.45007
0.45261599999999996
0.45517
0.457521
0.459917
0.462189
0.464424
0.466638
0.46876399999999996
0.470862
0.47289000000000003
0.474928
0.47688
0.478694
0.480568
0.482378
0.48410800000000004
0.485921
0.48751099999999997
0.48918599999999995
0.490808
0.492347
0.49390100000000003
0.495392
0.496873
0.49833600000000006

Vgs: 1.0
0.08242780000000001
0.0824316
0.08252780000000001
0.08260780000000001
0.0828578
0.0842482
0.0887479
0.0980584
0.11479700000000001
0.13070299999999999
0.15342599999999998
0.180786
0.211349
0.24578799999999998
0.282252
0.321137
0.358792
0.394002
0.42739900000000003
0.45666
0.485073
0.51098
0.534899
0.556889
0.5778800000000001
0.597849
0.616467
0.63383
0.650536
0.667173
0.681532
0.695091
0.708813
0.7219359999999999
0.734031
0.7460410000000001
0.757543
0.76864
0.779328
0.789587
0.799712
0.809076
0.8186340000000001
0.827613
0.836424
0.844848
0.852289
0.8610920000000001
0.869151
0.876328
0.8836080000000001
0.8906120000000001
0.898705
0.9047900000000001
0.9111009999999999
0.9174749999999999
0.923599
0.929898
0.93572
0.941529
0.9472280000000001
0.952871
0.958202
0.9633079999999999
0.96842
0.973907
0.978345
0.9832000000000001
0.9877849999999999
0.9924109999999999
0.9968159999999999
1.00356
1.00702
1.01109
1.01524
1.01925
1.0230700000000001
1.02701
1.0306600000000001
1.0343900000000001
1.03805

Vgs: 1.5
0.12286
0.12286600000000002
0.122999
0.123094
0.123343
0.12465100000000001
0.12892399999999998
0.13771
0.15148799999999998
0.170144
0.193194
0.22046
0.251091
0.286311
0.32348499999999997
0.365494
0.409725
0.455932
0.505123
0.554942
0.605864
0.654319
0.699679
0.741209
0.780803
0.818611
0.8531679999999999
0.8857119999999999
0.915455
0.944539
0.97222
0.998381
1.02906
1.0478399999999999
1.07021
1.09221
1.1129
1.13307
1.15185
1.17038
1.18836
1.20548
1.22224
1.23828
1.25389
1.269
1.28341
1.2982200000000002
1.3114299999999999
1.32496
1.33798
1.35035
1.36283
1.3748600000000002
1.3865399999999999
1.39781
1.40886
1.41968
1.43021
1.44059
1.45057
1.4602
1.46981
1.4790400000000001
1.48833
1.49716
1.50581
1.5143000000000002
1.52248
1.5307899999999999
1.53854
1.54626
1.5539
1.56125
1.56863
1.57567
1.58256
1.58947
1.59602
1.60262
1.60903

Vgs: 2.0
0.162731
0.16273500000000002
0.162901
0.163025
0.16328499999999999
0.164539
0.168626
0.17751999999999998
0.191366
0.209453
0.233043
0.260044
0.29077
0.325716
0.363581
0.406882
0.450365
0.497017
0.549963
0.599942
0.655765
0.71369
0.772639
0.83219
0.8935580000000001
0.95375
1.02198
1.0647600000000002
1.1139800000000002
1.16135
1.2072800000000001
1.2486599999999999
1.28768
1.3251700000000002
1.36104
1.39568
1.4285299999999999
1.46006
1.48945
1.51859
1.54642
1.57267
1.5987900000000002
1.6240700000000001
1.64788
1.6713500000000001
1.69353
1.71578
1.73648
1.75718
1.7773999999999999
1.79643
1.81528
1.83352
1.84869
1.86876
1.88549
1.9020000000000001
1.9180899999999999
1.93388
1.949
1.9636900000000002
1.97846
1.9925
2.00621
2.02017
2.03294
2.0461099999999997
2.05843
2.0708800000000003
2.0829400000000002
2.0945500000000004
2.10622
2.11721
2.12826
2.13927
2.14958
2.16012
2.1699599999999997
2.17993
2.18959

Vgs: 2.5
0.202028
0.20203500000000002
0.202235
0.202375
0.202643
0.203856
0.207894
0.216278
0.229764
0.24837299999999998
0.27124099999999995
0.298638
0.329356
0.36478
0.402843
0.44522300000000004
0.489782
0.537517
0.588353
0.640864
0.6974480000000001
0.755969
0.81694
0.8785470000000001
0.94392
1.02578
1.0811600000000001
1.1510699999999998
1.2194099999999999
1.28914
1.3562100000000001
1.4191200000000002
1.47849
1.5343200000000001
1.58786
1.6394300000000002
1.6871099999999999
1.73318
1.7765199999999999
1.8187200000000001
1.85924
1.89754
1.9350800000000001
1.971
2.00515
2.0389700000000004
2.07056
2.10164
2.1311899999999997
2.1606799999999997
2.18882
2.2155299999999998
2.24246
2.26784
2.29341
2.3176099999999997
2.34102
2.36439
2.3865000000000003
2.40867
2.4299500000000003
2.45072
2.47105
2.49055
2.51003
2.52915
2.5470599999999997
2.56523
2.58256
2.5999600000000003
2.61671
2.63296
2.64909
2.66457
2.68003
2.69498
2.70942
2.7238599999999997
2.7377700000000003
2.75164
2.76511

Vgs: 3.0
0.240878
0.240883
0.24112
0.24127400000000002
0.241557
0.242752
0.24664899999999998
0.25492499999999996
0.26845800000000003
0.287213
0.309749
0.336635
0.367381
0.40353900000000004
0.441784
0.48390500000000003
0.529175
0.5771959999999999
0.628348
0.680998
0.7381840000000001
0.797234
0.859007
0.921784
0.987131
1.07055
1.12793
1.19893
1.27157
1.34655
1.42439
1.48926
1.58015
1.65602
1.73072
1.80339
1.8705900000000002
1.93692
1.99722
2.05606
2.11289
2.16491
2.2173100000000003
2.2666600000000003
2.3139100000000004
2.35892
2.4022200000000002
2.4449799999999997
2.48549
2.52488
2.5633
2.59914
2.63536
2.6695
2.70341
2.73683
2.7672600000000003
2.79847
2.82845
2.85753
2.88595
2.91331
2.9405
2.96652
2.99235
3.01742
3.04162
3.06537
3.08818
3.11125
3.13321
3.1546600000000002
3.17617
3.1964799999999998
3.21678
3.23669
3.2557300000000002
3.2749900000000003
3.29306
3.31138
3.32908

Vgs: 3.5
0.279226
0.279229
0.279496
0.27967299999999995
0.279972
0.28111800000000003
0.284962
0.293171
0.306463
0.324643
0.346453
0.37481
0.40541299999999997
0.441675
0.479727
0.523323
0.567673
0.615435
0.667039
0.72068
0.777933
0.837147
0.8989309999999999
0.961948
1.04319
1.09895
1.16869
1.24169
1.3153800000000002
1.39151
1.4703400000000002
1.54994
1.63125
1.71469
1.79648
1.88156
1.9663699999999997
2.0513
2.13282
2.21397
2.29161
2.3618200000000003
2.43431
2.49824
2.56251
2.62129
2.67877
2.7353400000000003
2.78903
2.84073
2.8905
2.93794
2.9851500000000004
3.02966
3.07362
3.11595
3.15645
3.1965700000000004
3.23463
3.27257
3.30936
3.34511
3.3797900000000003
3.41268
3.4470199999999998
3.47784
3.50901
3.53987
3.56843
3.5982000000000003
3.62617
3.6532600000000004
3.6809
3.70676
3.73264
3.7578400000000003
3.78202
3.80661
3.8296099999999997
3.8526599999999998
3.87532

Vgs: 4.0
0.31725200000000003
0.317258
0.317545
0.317753
0.31805
0.31917399999999996
0.32295
0.33104100000000003
0.344357
0.36233400000000004
0.38528599999999996
0.412334
0.443324
0.479005
0.517357
0.5601440000000001
0.605211
0.653257
0.705445
0.758449
0.817535
0.876384
0.938236
1.01619
1.06945
1.13967
1.21129
1.28291
1.35733
1.43412
1.5139699999999998
1.59439
1.6761899999999998
1.75949
1.8440699999999999
1.9351500000000001
2.01964
2.1093
2.19843
2.2896599999999996
2.3808000000000002
2.47108
2.5615799999999997
2.64803
2.73084
2.8110600000000003
2.88612
2.9602500000000003
3.02916
3.09671
3.1612400000000003
3.22193
3.28307
3.3424
3.3961
3.44957
3.50138
3.5521
3.60254
3.6484400000000003
3.69442
3.73851
3.78225
3.82431
3.8665499999999997
3.9055600000000004
3.9440999999999997
3.9787299999999997
4.01943
4.05595
4.090179999999999
4.12462
4.15801
4.19071
4.22292
4.25431
4.2839599999999995
4.31404
4.343439999999999
4.37181
4.3994100000000005

Vgs: 4.5
0.35437100000000005
0.35436799999999996
0.354688
0.3549
0.355231
0.356176
0.35997999999999997
0.36812599999999995
0.381474
0.399776
0.42238
0.450077
0.480231
0.516611
0.5546369999999999
0.5971289999999999
0.642964
0.6911740000000001
0.743178
0.797205
0.854548
0.91499
0.978575
1.05514
1.10784
1.17829
1.2505000000000002
1.32354
1.3973
1.47571
1.55565
1.63633
1.71859
1.80496
1.88949
1.9771699999999999
2.0661400000000003
2.1568300000000002
2.2485500000000003
2.3401799999999997
2.4361
2.5328999999999997
2.6284899999999998
2.72421
2.82431
2.9172
3.01283
3.10725
3.19528
3.28023
3.36373
3.4415
3.51803
3.59018
3.66196
3.7279600000000004
3.79221
3.8561799999999997
3.9160899999999996
3.97695
4.03379
4.08762
4.1419
4.1932
4.24526
4.29392
4.34056
4.3886
4.43236
4.47793
4.5201199999999995
4.56162
4.6030999999999995
4.64255
4.68155
4.71967
4.7571699999999995
4.79322
4.82818
4.86334
4.89743

Vgs: 5.0
0.390998
0.391011
0.39133
0.391579
0.391929
0.393068
0.396703
0.404662
0.41784899999999997
0.435977
0.458525
0.48624300000000004
0.5172589999999999
0.553339
0.5914750000000001
0.634407
0.6802969999999999
0.728803
0.781968
0.835697
0.893174
0.952939
1.02857
1.0803200000000002
1.14676
1.2191100000000001
1.28942
1.3623999999999998
1.43754
1.51605
1.58399
1.67703
1.76008
1.8444
1.9314600000000002
2.01867
2.1095200000000003
2.20085
2.2926499999999996
2.38614
2.47627
2.57837
2.67686
2.7797400000000003
2.8764
2.97726
3.0788399999999996
3.17971
3.28087
3.3832
3.48509
3.5812399999999998
3.67596
3.7672
3.8564599999999998
3.94188
4.0206599999999995
4.0997
4.1746300000000005
4.24959
4.31834
4.385540000000001
4.4528099999999995
4.51484
4.57744
4.6375
4.6948
4.752079999999999
4.80566
4.85996
4.9122699999999995
4.96217
5.01198
5.05908
5.1064099999999994
5.15224
5.19697
5.23983
5.281949999999999
5.32402
5.36442

Vgs: 5.5
0.426849
0.42685500000000004
0.427208
0.42744499999999996
0.4278
0.428913
0.432533
0.44057599999999997
0.453614
0.472026
0.49465200000000004
0.5224519999999999
0.553415
0.589902
0.627753
0.670852
0.717174
0.7657849999999999
0.8180890000000001
0.872679
0.929989
0.9918570000000001
1.0664699999999998
1.1181699999999999
1.18555
1.2583900000000001
1.32759
1.4029800000000001
1.47686
1.554
1.63426
1.71678
1.79986
1.88506
1.9706099999999998
2.0632200000000003
2.1509300000000002
2.24316
2.33469
2.4303100000000004
2.52585
2.62291
2.72257
2.82429
2.9251
3.0252
3.12688
3.2321199999999997
3.33494
3.44261
3.53959
3.65398
3.76216
3.8666
3.9726300000000005
4.07596
4.17337
4.27217
4.36439
4.458209999999999
4.54085
4.6235800000000005
4.70675
4.7823400000000005
4.85749
4.92942
4.998950000000001
5.06824
5.13379
5.19721
5.26188
5.320519999999999
5.38004
5.43586
5.49199
5.5466500000000005
5.59834
5.65081
5.70029
5.75044
5.79908

Vgs: 6.0
0.46203500000000003
0.462031
0.46242
0.462662
0.463013
0.464134
0.46778800000000004
0.47574
0.48859900000000006
0.507166
0.529583
0.557263
0.588373
0.624562
0.663294
0.707543
0.752972
0.8017610000000001
0.850557
0.908633
0.967783
1.0409499999999998
1.08796
1.1560400000000002
1.22379
1.29408
1.36541
1.4413399999999998
1.51578
1.59418
1.67527
1.75682
1.83849
1.92334
2.01015
2.10079
2.19015
2.28193
2.3742199999999998
2.46984
2.5666700000000002
2.66762
2.76347
2.86403
2.96575
3.07165
3.1728199999999998
3.27745
3.38225
3.4912799999999997
3.59808
3.7057499999999997
3.8160999999999996
3.92491
4.03742
4.14738
4.24833
4.37084
4.47792
4.5858
4.6918999999999995
4.79089
4.89247
4.9820400000000005
5.07747
5.16179
5.24681
5.33124
5.40749
5.48414
5.558750000000001
5.62957
5.70204
5.76913
5.83462
5.89947
5.95998
6.02199
6.08109
6.13922
6.19541

Vgs: 6.5
0.49629
0.496277
0.49678000000000005
0.49707799999999996
0.49746999999999997
0.49853699999999995
0.50214
0.51009
0.5230360000000001
0.541098
0.563117
0.59149
0.623208
0.659959
0.698535
0.7410249999999999
0.788808
0.838269
0.8907020000000001
0.946024
1.017
1.0669600000000001
1.12888
1.19394
1.2636399999999999
1.3335700000000001
1.40397
1.47759
1.55346
1.63196
1.71229
1.79471
1.87762
1.9626700000000001
2.05213
2.13827
2.2309
2.32147
2.40025
2.5089
2.60829
2.7052199999999997
2.80756
2.90781
3.0101899999999997
3.1133100000000002
3.21659
3.32116
3.42619
3.53622
3.64445
3.7522699999999998
3.86367
3.8862900000000002
3.88698
3.88725
3.88759
3.88766
3.888
3.8881900000000003
4.2579899999999995
4.84289
4.998810000000001
5.114310000000001
5.2201
5.32982
5.4250799999999995
5.52534
5.6201799999999995
5.71116
5.8003
5.88619
5.97008
6.04984
6.1283900000000004
6.20393
6.2772499999999996
6.34995
6.41709
6.48667
6.552910000000001

Vgs: 7.0
0.52946
0.529462
0.529991
0.530381
0.530867
0.5320280000000001
0.5355880000000001
0.543478
0.556559
0.574762
0.597863
0.6256659999999999
0.631304
0.631382
0.6314110000000001
0.6314540000000001
0.6314299999999999
0.631463
0.63146
0.793021
1.0534999999999999
1.10465
1.1686999999999999
1.23113
1.2999800000000001
1.37013
1.4424800000000002
1.51687
1.59141
1.6710500000000001
1.75313
1.8355400000000002
1.91787
2.00497
2.08792
2.17893
2.27178
2.36058
2.45335
2.5508599999999997
2.64615
2.74436
2.84388
2.9443
3.04835
3.15117
3.25449
3.36118
3.46698
3.57679
3.68787
3.79449
3.90759
4.0191799999999995
4.13378
4.248810000000001
4.36075
4.46247
4.59227
4.71196
4.82974
4.94768
5.060560000000001
5.18653
5.305490000000001
5.421740000000001
5.53442
5.64393
5.761419999999999
5.87161
5.97614
6.078
6.16826
6.27183
6.36773
6.45414
6.54273
6.62466
6.70528
6.78583
6.8623199999999995

Vgs: 7.5
0.5614319999999999
0.56143
0.562042
0.562419
0.56294
0.564191
0.567925
0.575935
0.588933
0.607235
0.6304649999999999
0.658535
0.690292
0.727236
0.7671899999999999
0.8079149999999999
0.8592
0.910421
0.9644159999999999
1.03078
1.0788200000000001
1.13932
1.20335
1.2710899999999998
1.3377700000000001
1.40795
1.48087
1.5565900000000001
1.6334399999999998
1.71152
1.79312
1.87487
1.95714
2.0424100000000003
2.1273899999999997
2.21847
2.30828
2.40068
2.49494
2.58884
2.68799
2.7836
2.88298
2.98543
3.08708
3.19139
3.29262
3.40064
3.5082199999999997
3.61789
3.72641
3.83654
3.94978
4.06326
4.1782
4.2898
4.40774
4.52679
4.6375399999999996
4.75808
4.8788
4.996849999999999
5.11576
5.236809999999999
5.35858
5.48137
5.602580000000001
5.722119999999999
5.83469
5.965660000000001
6.08346
6.19934
6.31666
6.42786
6.53522
6.64063
6.74183
6.8421899999999996
6.939080000000001
7.03049
7.1218

Vgs: 8.0
0.592249
0.592246
0.592835
0.593242
0.5937549999999999
0.595051
0.598863
0.607013
0.620484
0.638786
0.6620499999999999
0.6905830000000001
0.722515
0.760605
0.801298
0.844679
0.887414
0.942271
0.99742
1.06581
1.11065
1.17581
1.23937
1.30585
1.37375
1.4459
1.51881
1.5954700000000002
1.66989
1.74917
1.83141
1.9137600000000001
1.99635
2.0803100000000003
2.1690799999999997
2.25741
2.34829
2.44179
2.5329200000000003
2.62773
2.7256
2.82345
2.92249
3.02419
3.12783
3.23253
3.33272
3.4406
3.54689
3.64667
3.76489
3.87987
3.9869299999999996
4.10357
4.21444
4.32995
4.4437299999999995
4.5622
4.67899
4.79924
4.91851
5.03985
5.16488
5.28082
5.40467
5.52796
5.6485199999999995
5.7737300000000005
5.89621
6.02262
6.14892
6.27153
6.399850000000001
6.51699
6.64046
6.76378
6.87763
6.9942
7.10647
7.214049999999999
7.3174
