Vgs range: 0,8,0.5
Vds range: 0,8,0.1

Vgs: 0.0
-0.000139102
0.008747260000000001
0.0174157
0.0260168
0.0345878
0.0431262
0.051634400000000004
0.0601173
0.06857490000000001
0.07700240000000001
0.0854043
0.0937848
0.102129
0.110462
0.11877299999999999
0.127063
0.13534100000000002
0.143595
0.15183
0.16004800000000002
0.16824599999999998
0.176361
0.184552
0.19269
0.200845
0.208962
0.21709
0.22517199999999998
0.23324899999999998
0.241336
0.249374
0.25744
0.26545799999999997
0.27347699999999997
0.28147
0.289478
0.297443
0.305422
0.31337
0.321326
0.329249
0.337192
0.345084
0.35296
0.360873
0.368734
0.376613
0.384451
0.392307
0.40012400000000004
0.407956
0.415752
0.423556
0.431328
0.43911100000000003
0.446848
0.454584
0.46232199999999996
0.470036
0.47775999999999996
0.485439
0.493139
0.500773
0.50843
0.516051
0.52368
0.531276
0.538874
0.546451
0.554011
0.5615420000000001
0.5690740000000001
0.576584
0.584064
0.591557
0.599012
0.6064799999999999
0.613908
0.6213259999999999
0.628704
0.6360889999999999

Vgs: 0.5
-0.000151572
0.0106642
0.0194521
0.0279339
0.036369099999999994
0.0447886
0.0531778
0.0615438
0.0698907
0.0781997
0.0864838
0.09474700000000001
0.102998
0.111225
0.11943200000000001
0.127622
0.135802
0.14396299999999998
0.15210500000000002
0.160235
0.168349
0.176379
0.18449
0.192553
0.200638
0.208679
0.216731
0.22474999999999998
0.232752
0.24078200000000002
0.24875899999999998
0.25676
0.26473
0.272698
0.280646
0.28860399999999997
0.29651900000000003
0.304463
0.31236200000000003
0.32028
0.328168
0.336066
0.34393500000000005
0.351781
0.359665
0.367496
0.375351
0.38317
0.390999
0.398795
0.406595
0.41437100000000004
0.42216699999999996
0.42990999999999996
0.437685
0.44540399999999997
0.453117
0.460849
0.46853900000000004
0.476253
0.483914
0.49160100000000007
0.499247
0.506903
0.514511
0.522143
0.529741
0.537328
0.544887
0.552453
0.559982
0.567488
0.575015
0.5824969999999999
0.589992
0.597432
0.60487
0.6122799999999999
0.619704
0.627084
0.6344709999999999

Vgs: 1.0
-0.000204262
0.0334409
0.062049400000000005
0.0854068
0.10341800000000001
0.116508
0.126297
0.134849
0.14312799999999998
0.151363
0.159468
0.167591
0.175682
0.183747
0.191779
0.199771
0.207788
0.215803
0.22378
0.231737
0.239669
0.24756099999999998
0.255519
0.263452
0.271362
0.279262
0.287171
0.295038
0.30293
0.310803
0.318659
0.326509
0.334352
0.34223800000000004
0.350015
0.357888
0.365668
0.373508
0.381362
0.389159
0.396963
0.40478600000000003
0.41253
0.420311
0.428103
0.435905
0.443652
0.451407
0.459207
0.46695200000000003
0.474715
0.482427
0.49022400000000005
0.497921
0.505699
0.513404
0.521134
0.528871
0.536564
0.544295
0.5519970000000001
0.559722
0.567378
0.5750599999999999
0.582746
0.590418
0.598069
0.605753
0.613393
0.621058
0.628661
0.636309
0.643916
0.651523
0.65912
0.666682
0.674269
0.681822
0.689378
0.696889
0.704408

Vgs: 1.5
-0.000224207
0.049208600000000005
0.0955314
0.13858499999999999
0.178235
0.214191
0.246133
0.27381900000000003
0.29697300000000004
0.31553400000000004
0.329696
0.340545
0.349885
0.358543
0.367084
0.375418
0.383672
0.391887
0.400083
0.408209
0.41627400000000003
0.42434900000000003
0.432444
0.440417
0.448444
0.456428
0.46445600000000004
0.47239200000000003
0.48033
0.48827000000000004
0.49619499999999994
0.504119
0.512019
0.5199640000000001
0.527851
0.5357540000000001
0.543619
0.551527
0.559336
0.567218
0.575082
0.582958
0.590777
0.598702
0.6064879999999999
0.6143639999999999
0.622244
0.630141
0.637958
0.645833
0.653739
0.661582
0.6695139999999999
0.677371
0.6853049999999999
0.693219
0.701117
0.7090799999999999
0.717045
0.724995
0.732936
0.740935
0.748848
0.756915
0.764841
0.772842
0.780864
0.7888959999999999
0.796912
0.8049259999999999
0.81298
0.820994
0.828993
0.837059
0.845102
0.853144
0.861162
0.869218
0.877242
0.8852829999999999
0.893308

Vgs: 2.0
-0.000258943
0.0594803
0.117155
0.172687
0.226058
0.277095
0.325644
0.37150900000000003
0.41461200000000004
0.454608
0.49138100000000007
0.524513
0.5538109999999999
0.5790599999999999
0.6000610000000001
0.616919
0.630058
0.640714
0.6504
0.659632
0.66858
0.677221
0.685879
0.694381
0.702822
0.7113039999999999
0.71963
0.727973
0.736185
0.744395
0.7526349999999999
0.760845
0.768978
0.777116
0.785246
0.793406
0.801504
0.809571
0.817707
0.825743
0.833745
0.841874
0.849885
0.85792
0.865941
0.87398
0.8820520000000001
0.8900549999999999
0.898146
0.906186
0.914326
0.922395
0.930553
0.93865
0.946819
0.954979
0.9632
0.971446
0.9797
0.988026
0.996324
1.0062300000000002
1.0147000000000002
1.0231000000000001
1.03157
1.0401099999999999
1.04855
1.0571000000000002
1.06568
1.07425
1.08284
1.09139
1.10006
1.1086799999999999
1.11733
1.12602
1.13476
1.1434900000000001
1.15224
1.16102
1.16986

Vgs: 2.5
-0.000253382
0.0669449
0.13275599999999999
0.197095
0.260023
0.32138300000000003
0.381172
0.439289
0.49571999999999994
0.550258
0.602735
0.6530210000000001
0.700808
0.746005
0.7881910000000001
0.8273189999999999
0.8630289999999999
0.8951140000000001
0.923323
0.9473790000000001
0.967463
0.983489
0.996572
1.00918
1.01948
1.0291199999999998
1.03857
1.04781
1.05682
1.06582
1.07467
1.08342
1.0920400000000001
1.1006900000000002
1.10924
1.11784
1.12624
1.13477
1.1431
1.15147
1.15986
1.16809
1.17645
1.1846999999999999
1.19298
1.20115
1.2094
1.21771
1.22587
1.23411
1.2423
1.25056
1.25886
1.26709
1.27546
1.2838100000000001
1.2921099999999999
1.3005600000000002
1.30908
1.31757
1.32615
1.33479
1.3435000000000001
1.35227
1.36107
1.36991
1.37875
1.38781
1.39684
1.40595
1.41507
1.4242599999999999
1.43348
1.44276
1.4521300000000001
1.46152
1.47099
1.4805300000000001
1.4901
1.49969
1.50939

Vgs: 3.0
-0.00027619900000000003
0.0726708
0.144663
0.215639
0.285676
0.354699
0.422742
0.48986799999999997
0.55601
0.621032
0.684852
0.7472559999999999
0.808146
0.8672610000000001
0.924397
0.9794300000000001
1.0337
1.08393
1.1314700000000002
1.17616
1.2177
1.2557099999999999
1.29068
1.3217299999999998
1.34905
1.37225
1.39168
1.40754
1.42058
1.43221
1.4429
1.4531500000000002
1.46306
1.47275
1.48224
1.49163
1.5008599999999999
1.51
1.51908
1.52813
1.53678
1.5456999999999999
1.5544300000000002
1.5631
1.57178
1.5803399999999999
1.58898
1.5974599999999999
1.60596
1.61454
1.62302
1.63141
1.6398300000000001
1.6482999999999999
1.65674
1.66523
1.67366
1.68221
1.6908299999999998
1.69943
1.7080199999999999
1.7167700000000001
1.72557
1.7344000000000002
1.7434399999999999
1.75245
1.76154
1.77078
1.78003
1.7894
1.79882
1.80834
1.8179400000000001
1.8276
1.83741
1.84728
1.85732
1.86743
1.87768
1.88805
1.89855

Vgs: 3.5
-0.000275656
0.0773114
0.154286
0.230559
0.30626200000000003
0.381372
0.455992
0.530209
0.6039939999999999
0.6772440000000001
0.7498309999999999
0.821635
0.892491
0.96219
1.03203
1.09899
1.16428
1.22782
1.28939
1.34883
1.40608
1.46052
1.5130000000000001
1.56263
1.60965
1.6534
1.69429
1.73156
1.76536
1.7957100000000001
1.82214
1.84478
1.86357
1.8793799999999998
1.8926500000000002
1.9047
1.91587
1.9266
1.93702
1.9470699999999999
1.9569499999999997
1.9666800000000002
1.9762199999999999
1.98577
1.9949299999999999
2.00433
2.0135
2.02251
2.03147
2.04031
2.04929
2.05815
2.06694
2.07573
2.08444
2.0931
2.1017200000000003
2.11049
2.1191299999999997
2.1278
2.13645
2.1451700000000002
2.15393
2.16281
2.17159
2.18065
2.1897
2.19884
2.20808
2.2175
2.2270100000000004
2.23651
2.24626
2.25609
2.2660699999999996
2.27619
2.2863800000000003
2.29678
2.30733
2.31803
2.32897

Vgs: 4.0
-0.000291798
0.0811478
0.16222999999999999
0.24287199999999998
0.32322999999999996
0.40330900000000003
0.483334
0.5633520000000001
0.6434610000000001
0.7234389999999999
0.803233
0.882663
0.961516
1.04115
1.1185100000000001
1.19485
1.27
1.34384
1.41625
1.48704
1.55631
1.6231799999999998
1.68893
1.7522900000000001
1.8137800000000002
1.8728099999999999
1.92968
1.98386
2.03545
2.08452
2.1305
2.17356
2.2133000000000003
2.24993
2.2828399999999998
2.3125799999999996
2.3382199999999997
2.3603899999999998
2.3790299999999998
2.39476
2.4084499999999998
2.42085
2.43261
2.44376
2.45448
2.46506
2.47532
2.48536
2.4953100000000004
2.5050499999999998
2.51477
2.5241700000000002
2.53368
2.54297
2.55225
2.56142
2.57046
2.57962
2.58851
2.59747
2.60613
2.6151299999999997
2.62395
2.63279
2.6416500000000003
2.6506
2.6595999999999997
2.66858
2.67768
2.68689
2.69607
2.70545
2.71489
2.7245
2.7342500000000003
2.74415
2.75419
2.76438
2.7747599999999997
2.78532
2.79605

Vgs: 4.5
-0.000292959
0.08441900000000001
0.168991
0.25332499999999997
0.337602
0.421924
0.506507
0.591495
0.67692
0.7625919999999999
0.848413
0.9342349999999999
1.02137
1.10657
1.1913500000000001
1.2754400000000001
1.3587
1.44103
1.5221799999999999
1.60222
1.6809800000000001
1.75776
1.83386
1.90804
1.98086
2.05165
2.1209100000000003
2.1879500000000003
2.25301
2.31609
2.37672
2.43528
2.49126
2.5447
2.5954900000000003
2.64377
2.6887600000000003
2.73109
2.7700400000000003
2.8058699999999996
2.8381700000000003
2.86696
2.8922000000000003
2.9139299999999997
2.93244
2.94843
2.9624400000000004
2.9753499999999997
2.98742
2.99897
3.0100499999999997
3.0209799999999998
3.03166
3.04197
3.05231
3.0624
3.0720500000000004
3.08192
3.0915500000000002
3.10118
3.1106100000000003
3.1199600000000003
3.12927
3.1385300000000003
3.14772
3.15678
3.16588
3.1750599999999998
3.18397
3.19309
3.20223
3.21129
3.2206
3.22984
3.2393199999999998
3.2487000000000004
3.25838
3.26818
3.27817
3.2882800000000003
3.29859

Vgs: 5.0
-0.00029893599999999997
0.0872305
0.17480300000000001
0.262305
0.349976
0.437948
0.526473
0.615745
0.705776
0.7963650000000001
0.887413
0.9786969999999999
1.0716
1.16292
1.25395
1.34464
1.4347400000000001
1.5241099999999999
1.61273
1.7005
1.78715
1.87207
1.95683
2.0399
2.12199
2.20236
2.28158
2.35893
2.4346300000000003
2.50891
2.5811100000000002
2.6517899999999996
2.72026
2.78678
2.85121
2.9135799999999996
2.9735
3.0312799999999998
3.08645
3.13911
3.18896
3.23644
3.28063
3.32199
3.36044
3.3955
3.4271800000000003
3.4554
3.48028
3.5019500000000003
3.52061
3.53666
3.55112
3.5643200000000004
3.5769
3.5887
3.60016
3.61143
3.62234
3.6329499999999997
3.6433899999999997
3.65379
3.66391
3.67394
3.68371
3.6934899999999997
3.70317
3.71258
3.72209
3.7315
3.74091
3.75007
3.75932
3.76861
3.7777700000000003
3.78707
3.79633
3.8057299999999996
3.81508
3.82455
3.83385

Vgs: 5.5
-0.000309091
0.0896724
0.179852
0.270108
0.36069599999999996
0.451819
0.5437960000000001
0.636803
0.7308479999999999
0.825722
0.921322
1.0188899999999999
1.1153199999999999
1.21187
1.30837
1.40473
1.50077
1.5962699999999999
1.69124
1.7854800000000002
1.87896
1.9709200000000002
2.06294
2.15347
2.24333
2.33175
2.41917
2.50507
2.5897099999999997
2.6731
2.75476
2.83524
2.91385
2.99095
3.0662
3.1399000000000004
3.2114700000000003
3.2814300000000003
3.34909
3.41503
3.47852
3.5401
3.59909
3.65579
3.71041
3.76219
3.81138
3.8578
3.90158
3.9420999999999995
3.97986
4.01419
4.04539
4.07329
4.09804
4.1194
4.13809
4.154610000000001
4.1694
4.183
4.19587
4.20812
4.22006
4.23154
4.2428099999999995
4.2536
4.26434
4.27495
4.28524
4.29547
4.30541
4.315410000000001
4.32515
4.3349
4.34445
4.35404
4.3635
4.37296
4.38224
4.39158
4.40101

Vgs: 6.0
-0.00029877
0.0918414
0.18431
0.27698399999999995
0.370175
0.46412
0.559149
0.655464
0.753073
0.851791
0.951407
1.0532199999999998
1.15408
1.2553
1.35663
1.4579300000000002
1.55919
1.66006
1.7605400000000002
1.86058
1.9600300000000002
2.0580600000000002
2.1563
2.25339
2.34993
2.44518
2.53981
2.633
2.72509
2.81643
2.90605
2.99472
3.08188
3.16775
3.25204
3.33509
3.41627
3.4962600000000004
3.57413
3.65067
3.72526
3.79819
3.869
3.93791
4.00505
4.06989
4.13276
4.193309999999999
4.2517
4.30758
4.36124
4.4121500000000005
4.46066
4.50624
4.54917
4.58919
4.62598
4.66006
4.690729999999999
4.718459999999999
4.74295
4.76432
4.7833
4.800050000000001
4.81525
4.8291699999999995
4.84228
4.8548599999999995
4.867
4.8787400000000005
4.88999
4.90116
4.91215
4.92271
4.9332400000000005
4.943580000000001
4.95368
4.963900000000001
4.97367
4.98342
4.9932

Vgs: 6.5
-0.000316784
0.0937308
0.188218
0.283032
0.378507
0.474925
0.5726629999999999
0.6719109999999999
0.7727339999999999
0.874806
0.977971
1.0835700000000001
1.18837
1.29359
1.39918
1.50499
1.61072
1.71636
1.8218100000000002
1.92688
2.0315
2.13482
2.23866
2.34138
2.4438
2.54506
2.6459
2.74549
2.8441
2.94212
3.03864
3.13449
3.2288799999999998
3.32237
3.4144
3.5054000000000003
3.5947299999999998
3.6830600000000002
3.76968
3.85513
3.93881
4.02122
4.10182
4.180599999999999
4.25815
4.33362
4.40772
4.47963
4.54993
4.61803
4.68432
4.74835
4.81044
4.87018
4.92787
4.98297
5.03566
5.08603
5.13361
5.1788
5.220899999999999
5.2605
5.29683
5.33041
5.36085
5.38823
5.41261
5.43413
5.45334
5.47053
5.48593
5.50018
5.51371
5.526470000000001
5.53876
5.55074
5.5623000000000005
5.57366
5.58462
5.59535
5.60616

Vgs: 7.0
-0.000306044
0.0954248
0.191707
0.28843
0.385943
0.484568
0.584739
0.686652
0.7902939999999999
0.8954
1.0032699999999999
1.11074
1.21902
1.32802
1.43738
1.54707
1.65695
1.76678
1.87656
1.98613
2.0953999999999997
2.20338
2.31213
2.41988
2.52749
2.63402
2.74029
2.8455
2.94984
3.05362
3.15622
3.25838
3.35913
3.45918
3.55783
3.65577
3.7521400000000003
3.8476600000000003
3.94175
4.03477
4.12625
4.2167200000000005
4.30556
4.39289
4.47919
4.56361
4.64684
4.72821
4.8082899999999995
4.88638
4.96292
5.037640000000001
5.11072
5.18179
5.25117
5.31836
5.38342
5.44686
5.50792
5.5669200000000005
5.62347
5.67813
5.72987
5.77949
5.82635
5.87073
5.91242
5.951180000000001
5.98711
6.02026
6.0502899999999995
6.0774
6.10167
6.12332
6.14266
6.15987
6.17572
6.19029
6.203860000000001
6.21687
6.2294

Vgs: 7.5
-0.000325328
0.0969319
0.194827
0.293307
0.39263200000000004
0.493245
0.595591
0.699843
0.806017
0.9139210000000001
1.02472
1.1352
1.24664
1.35891
1.47173
1.58497
1.6984599999999999
1.81211
1.92574
2.03926
2.15268
2.26485
2.3780300000000003
2.49022
2.60243
2.71377
2.8248800000000003
2.93501
3.04444
3.15351
3.2614900000000002
3.3691
3.4754500000000004
3.5811900000000003
3.68578
3.78975
3.89231
3.99427
4.094740000000001
4.19458
4.29287
4.39033
4.48634
4.58099
4.67487
4.76705
4.85816
4.94772
5.03599
5.12275
5.20829
5.291930000000001
5.37434
5.45482
5.53411
5.61134
5.686789999999999
5.7609699999999995
5.8330400000000004
5.903420000000001
5.971640000000001
6.038220000000001
6.10262
6.16495
6.22523
6.28342
6.3392800000000005
6.39293
6.44405
6.4929499999999996
6.53918
6.5827100000000005
6.62389
6.66202
6.697640000000001
6.73015
6.76003
6.787
6.81136
6.83302
6.85255

Vgs: 8.0
-0.0003125
0.0982949
0.19762800000000003
0.297568
0.39854799999999996
0.500964
0.605293
0.7117239999999999
0.820211
0.930486
1.04386
1.157
1.27128
1.3865500000000002
1.50244
1.61883
1.7356699999999998
1.85264
1.9698499999999999
2.08698
2.2040599999999997
2.32001
2.43709
2.55334
2.66961
2.78503
2.9005099999999997
3.0149600000000003
3.12901
3.24276
3.35535
3.4678
3.5790800000000003
3.68996
3.79977
3.90902
4.01711
4.12461
4.2309
4.3364400000000005
4.44065
4.54434
4.64655
4.74767
4.84798
4.94697
5.04498
5.14151
5.2371300000000005
5.33105
5.42417
5.51553
5.60586
5.69452
5.782050000000001
5.86787
5.95207
6.03533
6.1165
6.19632
6.27445
6.35106
6.42568
6.49891
6.57001
6.63937
6.70682
6.77238
6.83596
6.89749
6.9568
7.0139499999999995
7.06904
7.12178
7.1723300000000005
7.22027
7.26601
7.3089
7.34939
7.38703
7.42212
