Vgs range: 0,8,0.5
Vds range: 0,8,0.1

Vgs: 0.0
-0.00013766600000000002
0.00865496
0.0172311
0.0257402
0.0342189
0.042663700000000006
0.0510809
0.0594681
0.0678351
0.0761733
0.08448549999999999
0.092772
0.101019
0.10925800000000001
0.117479
0.125681
0.133857
0.14202099999999998
0.150166
0.158291
0.16640200000000002
0.174425
0.18252200000000002
0.19056499999999998
0.198633
0.20665399999999998
0.214681
0.22267
0.230654
0.238644
0.246592
0.25455099999999997
0.262474
0.270407
0.278305
0.286222
0.29408199999999995
0.30196999999999996
0.309818
0.317674
0.325493
0.33332799999999996
0.34113
0.348908
0.356724
0.36448200000000003
0.372251
0.379984
0.387743
0.39546
0.403188
0.410876
0.418579
0.426244
0.43391799999999997
0.441566
0.449199
0.456836
0.464439
0.472062
0.479634
0.487212
0.49476000000000003
0.502309
0.509837
0.51736
0.524845
0.532333
0.539788
0.547244
0.554665
0.562079
0.5694950000000001
0.576858
0.5842430000000001
0.5915739999999999
0.5989209999999999
0.606221
0.61353
0.6208049999999999
0.62809

Vgs: 0.5
-0.000154728
0.010574
0.019270500000000003
0.0276597
0.0360101
0.0443371
0.052639200000000004
0.0609073
0.0691621
0.07738210000000001
0.0855755
0.09375009999999999
0.101907
0.11004
0.118157
0.12626400000000002
0.134347
0.14241399999999999
0.15046199999999998
0.158502
0.166531
0.17446599999999998
0.182487
0.19046
0.19844900000000001
0.206393
0.214358
0.222283
0.230201
0.23813299999999998
0.246017
0.253934
0.261807
0.269694
0.27752899999999997
0.28541
0.293238
0.301072
0.308875
0.316699
0.324488
0.33229000000000003
0.34006200000000003
0.34781500000000004
0.355592
0.36332200000000003
0.37106599999999995
0.378784
0.386523
0.394218
0.40193
0.409609
0.417293
0.42494499999999996
0.43261200000000005
0.44025
0.44786099999999995
0.455492
0.463097
0.470686
0.478253
0.485842
0.49337899999999996
0.500937
0.50844
0.5159659999999999
0.523446
0.530946
0.53841
0.54586
0.553286
0.56069
0.5680999999999999
0.5754710000000001
0.582863
0.590197
0.5975419999999999
0.604859
0.6121530000000001
0.619406
0.626673

Vgs: 1.0
-0.000206534
0.0333601
0.061890200000000006
0.085151
0.10308500000000001
0.11608399999999999
0.12578599999999998
0.13425700000000002
0.142461
0.15060099999999998
0.15867900000000001
0.166673
0.174652
0.18265299999999998
0.190626
0.19855
0.20645
0.214364
0.222261
0.230151
0.237981
0.245793
0.253641
0.261448
0.269328
0.277119
0.284931
0.292717
0.30048400000000003
0.308296
0.316047
0.323842
0.331558
0.33932500000000004
0.34708599999999995
0.354842
0.36258
0.370324
0.378021
0.38576099999999997
0.393455
0.401199
0.40885699999999997
0.416508
0.424236
0.431904
0.439597
0.44726899999999997
0.45494300000000004
0.462626
0.4703
0.477931
0.485587
0.493222
0.50086
0.508471
0.5161089999999999
0.5237430000000001
0.531336
0.538952
0.546545
0.554195
0.561748
0.569368
0.576934
0.584524
0.592055
0.599607
0.60717
0.614695
0.6222209999999999
0.629717
0.637231
0.644718
0.652191
0.659667
0.667142
0.674577
0.68202
0.689449
0.6968709999999999

Vgs: 1.5
-0.00022232800000000002
0.049141300000000006
0.0953812
0.138371
0.177951
0.213812
0.24567399999999998
0.273298
0.296374
0.314855
0.328911
0.339726
0.348885
0.357523
0.36590100000000003
0.374183
0.382384
0.39053299999999996
0.39859900000000004
0.40662899999999996
0.41469500000000004
0.422599
0.430591
0.438487
0.446431
0.454298
0.46223800000000004
0.470133
0.477979
0.48585700000000004
0.493659
0.501536
0.509397
0.517142
0.524978
0.5327860000000001
0.540595
0.548406
0.556144
0.564017
0.571752
0.579544
0.58728
0.594983
0.602833
0.610533
0.6183879999999999
0.626094
0.6338999999999999
0.641679
0.6494489999999999
0.6572490000000001
0.6650630000000001
0.672833
0.6806800000000001
0.688515
0.696314
0.704158
0.712023
0.719885
0.7277269999999999
0.7356469999999999
0.7435080000000001
0.751403
0.7593219999999999
0.7671979999999999
0.775106
0.783034
0.790955
0.7988780000000001
0.8067979999999999
0.8147169999999999
0.82264
0.830556
0.8385069999999999
0.846438
0.854384
0.8623
0.8702300000000001
0.878155
0.886078

Vgs: 2.0
-0.000259027
0.059419
0.117036
0.172541
0.225845
0.27679400000000004
0.325278
0.371074
0.414078
0.45400399999999996
0.49065800000000004
0.5237160000000001
0.552906
0.578095
0.59897
0.6157079999999999
0.6287480000000001
0.63937
0.648987
0.658111
0.6669449999999999
0.6754979999999999
0.684114
0.692566
0.700933
0.709289
0.71756
0.725742
0.7339319999999999
0.742212
0.750248
0.758402
0.766366
0.774485
0.78254
0.790596
0.798573
0.8066059999999999
0.8145560000000001
0.822496
0.830514
0.83843
0.846315
0.854344
0.862284
0.870268
0.878234
0.886173
0.894169
0.902143
0.910134
0.918198
0.926196
0.9342239999999999
0.9423320000000001
0.950435
0.95855
0.966681
0.974903
0.9830780000000001
0.9913089999999999
0.999614
1.00942
1.01781
1.0262
1.0346199999999999
1.0429899999999999
1.0514700000000001
1.05988
1.0683699999999998
1.0768799999999998
1.08538
1.09392
1.10244
1.1110200000000001
1.11965
1.12825
1.1369
1.14557
1.15422
1.1629800000000001

Vgs: 2.5
-0.000261483
0.0668822
0.132629
0.196901
0.259749
0.321048
0.380726
0.43879900000000005
0.49513300000000005
0.5495880000000001
0.60201
0.652162
0.6999340000000001
0.744924
0.787162
0.826114
0.8617549999999999
0.893685
0.921755
0.9459069999999999
0.9657720000000001
0.9816630000000001
0.9946860000000001
1.00717
1.0173
1.02695
1.0363600000000002
1.04546
1.05448
1.06331
1.07204
1.08077
1.08932
1.09793
1.10641
1.11485
1.12324
1.13153
1.13984
1.14806
1.1564100000000002
1.16463
1.17279
1.1809800000000001
1.18918
1.19734
1.2055
1.2135500000000001
1.22176
1.22987
1.2381
1.2462
1.25443
1.26267
1.27082
1.27908
1.28736
1.29579
1.30413
1.31253
1.32113
1.32961
1.33822
1.3469
1.3555799999999998
1.3644
1.37316
1.38209
1.39101
1.40009
1.40912
1.4182000000000001
1.42735
1.43651
1.44577
1.45504
1.4644
1.47383
1.48335
1.4929
1.50251

Vgs: 3.0
-0.000287197
0.0726029
0.144531
0.215443
0.285421
0.35438000000000003
0.422345
0.489373
0.555458
0.620417
0.6840919999999999
0.746434
0.807167
0.866233
0.92329
0.9782510000000001
1.03237
1.08247
1.12992
1.17454
1.2159499999999999
1.2537399999999999
1.2886
1.3195999999999999
1.34684
1.37007
1.3894
1.40506
1.4181300000000001
1.42966
1.44027
1.4504299999999999
1.46027
1.46989
1.47935
1.4885899999999999
1.49773
1.50671
1.51559
1.52454
1.53326
1.54207
1.55073
1.5592
1.56787
1.5763699999999998
1.58485
1.59329
1.60178
1.61013
1.61847
1.62683
1.63528
1.6435899999999999
1.65203
1.66036
1.66873
1.6772099999999999
1.68555
1.69423
1.70277
1.71141
1.72014
1.72888
1.73775
1.7466199999999998
1.7557
1.76484
1.77403
1.78334
1.7926199999999999
1.8021
1.81162
1.8212300000000001
1.83103
1.84081
1.85078
1.86073
1.8708900000000002
1.8811900000000001
1.89164

Vgs: 3.5
-0.000280593
0.07724439999999999
0.15415
0.230361
0.30599000000000004
0.381017
0.455551
0.529694
0.60339
0.676569
0.749062
0.82077
0.891525
0.961114
1.03083
1.09763
1.16289
1.22627
1.28775
1.34711
1.4043
1.4586
1.51102
1.56057
1.60737
1.65109
1.69181
1.7291100000000001
1.7626899999999999
1.7928899999999999
1.81918
1.84178
1.86036
1.87605
1.88926
1.9012499999999999
1.91238
1.92303
1.93323
1.94328
1.95305
1.9627199999999998
1.9722400000000002
1.9814899999999998
1.9908700000000001
2.00001
2.00916
2.0181
2.02695
2.0359000000000003
2.04469
2.05331
2.0621099999999997
2.0707199999999997
2.07939
2.088
2.0965599999999998
2.10525
2.11373
2.12224
2.13091
2.13956
2.1482300000000003
2.15692
2.16577
2.17477
2.18364
2.19271
2.20182
2.21117
2.22057
2.23006
2.23973
2.24953
2.2594
2.2694
2.2796000000000003
2.28992
2.30038
2.3109699999999997
2.32178

Vgs: 4.0
-0.000294591
0.0810824
0.162097
0.242673
0.32294
0.40296800000000005
0.482905
0.562846
0.6428280000000001
0.72271
0.802427
0.881737
0.9605389999999999
1.0400699999999998
1.11729
1.19347
1.26856
1.3422399999999999
1.41458
1.4853500000000002
1.5544499999999999
1.62114
1.68672
1.7499900000000002
1.81138
1.87028
1.92702
1.98111
2.03269
2.0815799999999998
2.1273899999999997
2.17043
2.21014
2.2465100000000002
2.27951
2.30898
2.33454
2.35656
2.37508
2.39067
2.4045
2.4167300000000003
2.42849
2.4394
2.45013
2.46045
2.47065
2.48081
2.4904200000000003
2.50025
2.50973
2.51914
2.5285300000000004
2.53776
2.54701
2.55595
2.56501
2.57404
2.5829199999999997
2.59171
2.60058
2.6093599999999997
2.6182100000000004
2.6269
2.6356499999999996
2.64463
2.65342
2.66235
2.67134
2.68038
2.68955
2.69873
2.70818
2.71765
2.72736
2.73718
2.74714
2.75723
2.76748
2.778
2.78866

Vgs: 4.5
-0.000301837
0.0843444
0.168846
0.25311300000000003
0.33732199999999996
0.421554
0.506043
0.5909490000000001
0.6763020000000001
0.7618539999999999
0.8475779999999999
0.933277
1.02025
1.10535
1.1899899999999999
1.27396
1.35714
1.43929
1.52036
1.60034
1.67895
1.75554
1.83154
1.90559
1.97833
2.04895
2.11808
2.18499
2.24987
2.3128100000000003
2.3733299999999997
2.4318400000000002
2.48768
2.54107
2.59169
2.6398200000000003
2.68474
2.72699
2.76586
2.80147
2.8336300000000003
2.86243
2.88753
2.90911
2.92764
2.94339
2.95744
2.9702499999999996
2.98222
2.99371
3.00495
3.0156300000000003
3.02623
3.0365
3.04669
3.05668
3.06637
3.07615
3.08569
3.0951400000000002
3.1045000000000003
3.11383
3.12312
3.1323000000000003
3.14133
3.1503799999999997
3.1593799999999996
3.16846
3.17727
3.18636
3.1953099999999997
3.20436
3.21357
3.22283
3.23207
3.2415399999999996
3.25095
3.26085
3.27068
3.2807
3.2908999999999997

Vgs: 5.0
-0.000310114
0.087158
0.174668
0.2621
0.349684
0.43756
0.525999
0.6151719999999999
0.705093
0.795593
0.8865270000000001
0.977727
1.07046
1.16172
1.25262
1.34315
1.43316
1.52244
1.61093
1.69855
1.78514
1.8700100000000002
1.95449
2.0374999999999996
2.11952
2.19969
2.27875
2.35601
2.43165
2.50577
2.57786
2.64845
2.71679
2.7833200000000002
2.84748
2.90978
2.9696100000000003
3.02724
3.08217
3.1348700000000003
3.18464
3.23185
3.27605
3.31723
3.35556
3.39038
3.42206
3.45025
3.4749999999999996
3.49646
3.51504
3.53099
3.54532
3.55859
3.57088
3.58276
3.5942000000000003
3.60532
3.61619
3.62656
3.6368899999999997
3.6472100000000003
3.65719
3.6671899999999997
3.67703
3.68662
3.69621
3.70567
3.71515
3.72437
3.7337
3.74287
3.75202
3.76109
3.7703200000000003
3.7794600000000003
3.78861
3.79794
3.80726
3.8166599999999997
3.8262

Vgs: 5.5
-0.000316013
0.0896101
0.179712
0.26989599999999997
0.360425
0.45145599999999997
0.543352
0.6362559999999999
0.7302190000000001
0.824985
0.9204600000000001
1.01793
1.11422
1.2106700000000001
1.3070499999999998
1.4032300000000002
1.49912
1.59455
1.6893500000000001
1.78355
1.87687
1.9686399999999997
2.0604999999999998
2.1509300000000002
2.24065
2.3288900000000003
2.41633
2.50213
2.58657
2.66987
2.7514100000000004
2.83183
2.9102300000000003
2.98728
3.06247
3.136
3.20745
3.27729
3.3449
3.41063
3.47399
3.53548
3.5944599999999998
3.6510800000000003
3.70541
3.7570099999999997
3.80635
3.85253
3.89612
3.93666
3.97412
4.00835
4.0395199999999996
4.06721
4.09182
4.1132
4.13187
4.148289999999999
4.1628799999999995
4.17645
4.18925
4.20146
4.21317
4.22461
4.23563
4.24664
4.2571900000000005
4.267670000000001
4.27792
4.288130000000001
4.29801
4.3077000000000005
4.31763
4.32725
4.3368
4.34614
4.35562
4.36501
4.37431
4.38356
4.39282

Vgs: 6.0
-0.000307381
0.091775
0.18418199999999998
0.27681
0.369934
0.463785
0.558732
0.654964
0.7524660000000001
0.851081
0.9505899999999999
1.05224
1.1529800000000001
1.25402
1.3552600000000001
1.45648
1.5576100000000002
1.65836
1.75873
1.85867
1.9580000000000002
2.0557499999999997
2.15395
2.25085
2.3473100000000002
2.44244
2.53694
2.62999
2.7219700000000002
2.81312
2.9026400000000003
2.9912900000000002
3.07829
3.16407
3.2481799999999996
3.33121
3.4121799999999998
3.49202
3.56986
3.6463099999999997
3.72069
3.79351
3.8643
3.93301
4.00009
4.064769999999999
4.12746
4.18799
4.24625
4.30206
4.355580000000001
4.40641
4.45476
4.50023
4.5432500000000005
4.5829
4.61978
4.65359
4.68417
4.7117
4.7360299999999995
4.75741
4.77614
4.792809999999999
4.80794
4.82169
4.83484
4.84727
4.85943
4.8708800000000005
4.8823
4.893330000000001
4.90426
4.91475
4.9252
4.9354000000000005
4.9455100000000005
4.95538
4.96525
4.97495
4.9846200000000005

Vgs: 6.5
-0.00032721700000000004
0.0936669
0.188109
0.282865
0.378277
0.474593
0.572267
0.6714279999999999
0.772137
0.874103
0.9771730000000001
1.08263
1.18731
1.29252
1.39793
1.50351
1.60921
1.71476
1.8200399999999999
1.92499
2.02953
2.13263
2.2363399999999998
2.33894
2.44116
2.54237
2.64309
2.74245
2.8410100000000003
2.93881
3.03527
3.13102
3.22526
3.31864
3.41046
3.50144
3.5906100000000003
3.67888
3.76538
3.85075
3.93426
4.01669
4.09703
4.17587
4.25329
4.32883
4.40254
4.47438
4.54463
4.612609999999999
4.678640000000001
4.74261
4.80446
4.86423
4.92171
4.97663
5.02928
5.079529999999999
5.12707
5.17197
5.21407
5.25361
5.2898
5.32319
5.35334
5.3806899999999995
5.40488
5.42645
5.4455
5.4624299999999995
5.47781
5.4920100000000005
5.505389999999999
5.51813
5.5304
5.5423
5.55386
5.56497
5.5760000000000005
5.58676
5.59736

Vgs: 7.0
-0.000313843
0.0953678
0.191605
0.288263
0.385704
0.484263
0.5843400000000001
0.686153
0.789706
0.894715
1.00243
1.10983
1.21798
1.32682
1.4360600000000001
1.5456400000000001
1.65544
1.76515
1.87478
1.98417
2.0933200000000003
2.2011700000000003
2.30985
2.4175
2.52493
2.63137
2.7374199999999997
2.84252
2.94674
3.05045
3.1528799999999997
3.2548299999999997
3.3554399999999998
3.45534
3.5539
3.65162
3.74791
3.84339
3.9372799999999994
4.03024
4.12157
4.21198
4.3007100000000005
4.38787
4.47397
4.55836
4.64146
4.72279
4.8027
4.88067
4.95722
5.0316600000000005
5.104690000000001
5.17564
5.24485
5.31207
5.37708
5.44032
5.50116
5.5601
5.61651
5.670920000000001
5.72266
5.772209999999999
5.81887
5.86317
5.90462
5.9434700000000005
5.97931
6.01217
6.04216
6.0692200000000005
6.09337
6.11477
6.13347
6.150799999999999
6.16657
6.18116
6.19471
6.20759
6.220149999999999

Vgs: 7.5
-0.000325971
0.096881
0.194713
0.293055
0.392332
0.49287400000000003
0.595143
0.699326
0.8054260000000001
0.913137
1.02381
1.1341700000000001
1.24549
1.35757
1.47026
1.58333
1.69676
1.81025
1.9237099999999998
2.03716
2.1504499999999998
2.26254
2.37555
2.48766
2.5996499999999996
2.71083
2.82186
2.93177
3.0412
3.1500999999999997
3.25788
3.36538
3.4715499999999997
3.5772
3.68156
3.78546
3.88795
3.98965
4.09012
4.1897
4.288
4.38532
4.48112
4.5756499999999996
4.6693999999999996
4.76151
4.85251
4.94193
5.03024
5.11661
5.2020599999999995
5.2856
5.367979999999999
5.44836
5.52745
5.604480000000001
5.68007
5.75399
5.82585
5.8961
5.96423
6.03074
6.09488
6.1572700000000005
6.21739
6.275519999999999
6.33119
6.38466
6.43586
6.48436
6.530539999999999
6.57405
6.61501
6.65307
6.68849
6.72108
6.75075
6.77759
6.80176
6.8234200000000005
6.84274

Vgs: 8.0
-0.000319895
0.0982354
0.19750500000000001
0.297382
0.39829299999999995
0.500635
0.604886
0.7112
0.819615
0.929778
1.04301
1.15612
1.2702499999999999
1.38533
1.50111
1.61742
1.73412
1.85103
1.96801
2.0850299999999997
2.20197
2.3177800000000004
2.43464
2.5507400000000002
2.6669300000000002
2.7822799999999996
2.8976
3.0119700000000003
3.12592
3.23948
3.35204
3.46433
3.57555
3.68632
3.79583
3.9050399999999996
4.0129
4.12037
4.22645
4.3319600000000005
4.43611
4.53959
4.6417
4.74267
4.842960000000001
4.94179
5.03958
5.1359200000000005
5.23147
5.32527
5.418209999999999
5.50958
5.59974
5.688269999999999
5.77574
5.8614
5.94557
6.02854
6.10958
6.1894
6.26736
6.343859999999999
6.41834
6.49139
6.56236
6.631620000000001
6.6989
6.76441
6.8277
6.88908
6.94841
7.00549
7.06046
7.11307
7.16355
7.211399999999999
7.256880000000001
7.29966
7.33997
7.37751
7.412529999999999
