Vgs range: 0,8,0.5
Vds range: 0,8,0.1

Vgs: 0.0
0.000633613
0.00858579
0.015674800000000003
0.0225279
0.029389
0.0362769
0.0431874
0.0501199
0.057068499999999994
0.0640264
0.0709926
0.077963
0.0849383
0.0919174
0.09889519999999999
0.105869
0.11285
0.119824
0.126795
0.133768
0.14073
0.14763400000000002
0.154607
0.161547
0.168506
0.17543999999999998
0.182396
0.189315
0.196229
0.203162
0.21005700000000002
0.216964
0.22384099999999998
0.230734
0.237598
0.244484
0.25133
0.258199
0.265031
0.271884
0.278703
0.285541
0.292354
0.29914999999999997
0.305977
0.312768
0.319575
0.326364
0.333168
0.33994500000000005
0.346733
0.353509
0.360307
0.36705499999999996
0.37385
0.380618
0.38739
0.394197
0.40097700000000003
0.407769
0.414567
0.421393
0.428216
0.43507700000000005
0.441931
0.448829
0.45572100000000004
0.462678
0.46963499999999997
0.476646
0.483657
0.49070600000000003
0.49779999999999996
0.504908
0.5120549999999999
0.519223
0.526427
0.5336380000000001
0.540855
0.548104
0.5554610000000001

Vgs: 0.5
0.000133684
0.00813758
0.0150791
0.0219002
0.0287349
0.0356066
0.0424959
0.049398899999999996
0.056315199999999996
0.0632321
0.0701514
0.07707679999999999
0.0840074
0.0909378
0.09786729999999999
0.10478499999999999
0.111719
0.11864999999999999
0.125574
0.132496
0.13941699999999999
0.146269
0.153203
0.160104
0.167023
0.173915
0.180824
0.187707
0.194586
0.201482
0.208352
0.21524000000000001
0.2221
0.228965
0.235819
0.242685
0.24952
0.25638
0.26321199999999995
0.27006
0.276895
0.28373
0.290547
0.297349
0.304188
0.31098200000000004
0.31779399999999997
0.32458200000000004
0.331397
0.33817400000000003
0.344976
0.351755
0.358529
0.36529100000000003
0.372078
0.37884799999999996
0.385596
0.392372
0.39913699999999996
0.405892
0.412625
0.4194
0.426164
0.43294
0.439698
0.446484
0.453249
0.460055
0.466846
0.473679
0.48053199999999996
0.487391
0.49429
0.501218
0.508192
0.51518
0.522235
0.529304
0.536432
0.543614
0.5508649999999999

Vgs: 1.0
-3.8106100000000004e-05
0.0167628
0.0307087
0.0421722
0.051580299999999996
0.059558900000000005
0.06684839999999999
0.0739339
0.0809788
0.08802220000000001
0.0950617
0.1021
0.10914299999999999
0.116181
0.123221
0.130256
0.137293
0.14432
0.15134299999999998
0.15836299999999998
0.16537100000000002
0.172317
0.179338
0.186326
0.193331
0.200301
0.20729599999999998
0.214257
0.22122
0.22820300000000002
0.23515
0.24212
0.24905899999999997
0.256014
0.262949
0.269907
0.276831
0.283763
0.290678
0.29761499999999996
0.304522
0.311446
0.31834700000000005
0.32522999999999996
0.332135
0.33901899999999996
0.34591500000000003
0.352789
0.359688
0.366542
0.37342400000000003
0.380278
0.387143
0.393995
0.400863
0.407704
0.414528
0.421382
0.42821200000000004
0.435066
0.441885
0.448735
0.455536
0.46238300000000004
0.469198
0.476048
0.482858
0.48971500000000007
0.49655299999999997
0.5034069999999999
0.510248
0.517103
0.5239980000000001
0.530882
0.53781
0.5447409999999999
0.551706
0.558707
0.5657260000000001
0.572804
0.579941

Vgs: 1.5
-3.66951e-05
0.0274727
0.0522894
0.0746178
0.0945574
0.112112
0.127299
0.14019299999999998
0.15101599999999998
0.16014699999999998
0.168163
0.175652
0.18293399999999999
0.190118
0.19728099999999998
0.20441
0.211529
0.218638
0.225723
0.232806
0.23987999999999998
0.24688100000000002
0.253955
0.260994
0.26805
0.275085
0.282133
0.289146
0.29616400000000004
0.303183
0.310193
0.317206
0.32420499999999997
0.33121399999999995
0.338195
0.345194
0.35216400000000003
0.359153
0.366107
0.373091
0.380043
0.387032
0.393981
0.400924
0.407895
0.414827
0.42178000000000004
0.42871499999999996
0.43566
0.44258600000000003
0.44953099999999996
0.456445
0.463392
0.47030500000000003
0.47724
0.484155
0.49105600000000005
0.49800099999999997
0.504905
0.5118259999999999
0.518737
0.5256689999999999
0.5325799999999999
0.539495
0.546412
0.5533410000000001
0.560254
0.567188
0.5740810000000001
0.581029
0.5879770000000001
0.594909
0.6018450000000001
0.608823
0.615816
0.622778
0.629785
0.6367820000000001
0.6438280000000001
0.650887
0.658029

Vgs: 2.0
-5.6706499999999997e-05
0.0370241
0.0716202
0.103952
0.134106
0.162062
0.18780000000000002
0.21132099999999998
0.232565
0.251546
0.26823800000000003
0.28273000000000004
0.295102
0.305633
0.314716
0.322847
0.3305
0.33791099999999996
0.345236
0.352493
0.359713
0.366838
0.374026
0.381152
0.3883
0.39539799999999997
0.40250699999999995
0.409591
0.416663
0.42375399999999996
0.43079799999999996
0.43786200000000003
0.4449
0.451959
0.45898
0.466031
0.473037
0.480074
0.487099
0.49410899999999996
0.501116
0.508137
0.515122
0.522108
0.52912
0.536096
0.5430969999999999
0.550075
0.557089
0.5640499999999999
0.571033
0.5780120000000001
0.5849759999999999
0.591923
0.5989030000000001
0.60587
0.612828
0.619819
0.626795
0.633786
0.640776
0.64777
0.654756
0.661757
0.668753
0.675778
0.682782
0.6898190000000001
0.696849
0.703894
0.710947
0.71801
0.725094
0.7321540000000001
0.739283
0.746364
0.753518
0.760662
0.7678309999999999
0.7750009999999999
0.7822330000000001

Vgs: 2.5
-4.45375e-05
0.0456959
0.0891286
0.130472
0.169827
0.207182
0.242512
0.275805
0.30705800000000005
0.336206
0.363211
0.38808000000000004
0.410762
0.43127
0.449569
0.46570900000000004
0.479771
0.49188499999999996
0.502335
0.511489
0.519763
0.5275
0.535093
0.542533
0.5499310000000001
0.5572520000000001
0.564541
0.5717819999999999
0.579005
0.586216
0.5933750000000001
0.600548
0.60768
0.6148199999999999
0.621931
0.629048
0.636131
0.643234
0.6503140000000001
0.657395
0.664444
0.671497
0.678547
0.685573
0.692616
0.6996479999999999
0.7066950000000001
0.713715
0.720746
0.727741
0.7347779999999999
0.74178
0.7488199999999999
0.755822
0.76284
0.769858
0.7768649999999999
0.783905
0.7909160000000001
0.79797
0.804984
0.812067
0.819105
0.826188
0.833255
0.840361
0.847447
0.8545630000000001
0.861706
0.8688629999999999
0.876046
0.8832519999999999
0.890463
0.897685
0.904966
0.912219
0.919532
0.926845
0.934218
0.9415889999999999
0.948989

Vgs: 3.0
-6.2956e-05
0.0536861
0.10523400000000001
0.154797
0.202538
0.24841000000000002
0.292433
0.334576
0.374848
0.41317600000000004
0.449555
0.48398
0.516401
0.546794
0.575146
0.601428
0.625617
0.647687
0.667637
0.685507
0.7012999999999999
0.715017
0.7271029999999999
0.737573
0.7468940000000001
0.755347
0.763363
0.771115
0.778724
0.7862859999999999
0.793741
0.8011550000000001
0.8085129999999999
0.815863
0.823159
0.83044
0.837672
0.844897
0.852105
0.859297
0.866453
0.87361
0.880756
0.887869
0.8950009999999999
0.902097
0.909208
0.916299
0.923388
0.930459
0.93754
0.944587
0.951664
0.9587140000000001
0.965782
0.97282
0.979869
0.986944
0.9939930000000001
1.00257
1.00969
1.01679
1.02386
1.03104
1.0381500000000001
1.0452899999999998
1.05244
1.05965
1.06686
1.07409
1.0814100000000002
1.08867
1.09601
1.10337
1.1107999999999998
1.11822
1.12568
1.1331900000000001
1.14072
1.14829
1.15591

Vgs: 3.5
-6.860199999999999e-05
0.061123000000000004
0.12022400000000001
0.17744200000000002
0.232957
0.286729
0.338755
0.38903800000000005
0.43757799999999997
0.484318
0.529242
0.572356
0.61363
0.653044
0.690564
0.726178
0.759876
0.79161
0.821368
0.84913
0.8748710000000001
0.8983599999999999
0.920101
0.939713
0.957384
0.973022
0.986849
0.998938
1.01099
1.02052
1.02925
1.03753
1.04552
1.0532899999999998
1.0610000000000002
1.06867
1.0762099999999999
1.08377
1.09124
1.0986500000000001
1.10602
1.1134000000000002
1.12072
1.12802
1.13529
1.1425400000000001
1.1497899999999999
1.157
1.16421
1.1714200000000001
1.17858
1.1856900000000001
1.19284
1.20002
1.20711
1.21422
1.22133
1.22844
1.23553
1.24263
1.24974
1.25686
1.264
1.27113
1.27827
1.28545
1.29265
1.29985
1.3070499999999998
1.31432
1.32162
1.32897
1.3364
1.34379
1.35127
1.35877
1.36635
1.37398
1.3817
1.3894199999999999
1.39722

Vgs: 4.0
-7.47679e-05
0.0681281
0.134331
0.198744
0.26154900000000003
0.3227
0.382222
0.44008699999999995
0.49633299999999997
0.5508759999999999
0.603716
0.654875
0.704307
0.751998
0.797944
0.8421010000000001
0.8845040000000001
0.925081
0.9638329999999999
1.00215
1.03723
1.0701
1.1014499999999998
1.13074
1.1581700000000001
1.18357
1.20702
1.22843
1.24787
1.2654299999999998
1.28105
1.29494
1.30721
1.3180500000000002
1.3277700000000001
1.33676
1.3452
1.3534599999999999
1.3614600000000001
1.36937
1.37717
1.3849
1.39257
1.40014
1.40772
1.4152500000000001
1.4227400000000001
1.4301599999999999
1.43761
1.44495
1.45232
1.45963
1.46695
1.47418
1.4814800000000001
1.48869
1.49588
1.50315
1.51031
1.51753
1.52464
1.53186
1.53901
1.5461699999999998
1.55335
1.56056
1.56773
1.57497
1.58219
1.58945
1.5967200000000001
1.60402
1.6114199999999999
1.6188
1.62622
1.63371
1.64129
1.64893
1.65667
1.6644100000000002
1.67229

Vgs: 4.5
-0.00010576300000000001
0.0747202
0.147651
0.218862
0.288548
0.35667
0.423228
0.488237
0.551705
0.613561
0.67384
0.732494
0.789546
0.8449720000000001
0.898725
0.950862
1.00274
1.05155
1.09863
1.14396
1.18755
1.2290599999999998
1.26925
1.30743
1.34402
1.37866
1.4114799999999998
1.4424
1.47139
1.49855
1.52372
1.54708
1.56836
1.58781
1.60535
1.62112
1.6350900000000002
1.64758
1.65865
1.6686800000000002
1.67791
1.68666
1.69512
1.7033099999999999
1.71144
1.71942
1.72732
1.73515
1.7429299999999999
1.75063
1.75828
1.76589
1.77343
1.7809499999999998
1.78843
1.79586
1.80325
1.81069
1.81802
1.82539
1.83264
1.83997
1.8472499999999998
1.85455
1.8618000000000001
1.8690799999999999
1.8763
1.8835499999999998
1.8908
1.89809
1.9053799999999999
1.91267
1.9200000000000002
1.92734
1.93474
1.9421300000000001
1.94963
1.95722
1.96482
1.9724899999999999
1.9803099999999998

Vgs: 5.0
-9.478419999999999e-05
0.0809782
0.160228
0.23784000000000002
0.314015
0.38871100000000003
0.46192500000000003
0.5336740000000001
0.603963
0.672711
0.7399490000000001
0.8056819999999999
0.869878
0.932531
0.993641
1.05458
1.1125900000000002
1.16899
1.22379
1.27698
1.32851
1.37799
1.4263800000000002
1.4728700000000001
1.5178500000000001
1.56102
1.60263
1.64227
1.68019
1.71642
1.75074
1.7833599999999998
1.81402
1.84295
1.8698700000000001
1.8950200000000001
1.91818
1.9395499999999999
1.9589500000000002
1.97657
1.99234
2.00651
2.01915
2.03052
2.04082
2.0503600000000004
2.0594099999999997
2.06807
2.0765800000000003
2.08483
2.09299
2.1010500000000003
2.10907
2.11696
2.12484
2.13263
2.14032
2.14801
2.15563
2.16322
2.17076
2.1782899999999996
2.18577
2.19328
2.20061
2.20805
2.2154000000000003
2.22275
2.23011
2.2374500000000004
2.2447600000000003
2.2521
2.2594600000000002
2.2668
2.2741800000000003
2.28158
2.28897
2.2964499999999997
2.3039699999999996
2.3115
2.31912

Vgs: 5.5
-0.000131885
0.08671100000000001
0.17181
0.255399
0.33768200000000004
0.418566
0.49804600000000004
0.576124
0.6528280000000001
0.7280760000000001
0.801881
0.874266
0.9452
1.01605
1.08405
1.15059
1.21572
1.27928
1.3413599999999999
1.40186
1.4609
1.5177999999999998
1.57388
1.6280999999999999
1.68099
1.7320300000000002
1.78162
1.82948
1.8755499999999998
1.9202
1.9630400000000001
2.00437
2.0438
2.08159
2.11746
2.15171
2.184
2.21462
2.24333
2.27026
2.29522
2.3184199999999997
2.33967
2.3591100000000003
2.37684
2.39274
2.40705
2.41992
2.43151
2.44203
2.4518299999999997
2.4611099999999997
2.47005
2.47864
2.48719
2.4955
2.5037599999999998
2.51193
2.51994
2.5279399999999996
2.53587
2.54373
2.55151
2.55924
2.56694
2.5746100000000003
2.58223
2.58981
2.59736
2.6048899999999997
2.61233
2.61981
2.62722
2.63465
2.6420800000000004
2.64948
2.65695
2.66432
2.67178
2.67928
2.68682

Vgs: 6.0
-0.00012835300000000002
0.0920542
0.18260600000000002
0.271744
0.359692
0.446315
0.5316369999999999
0.6156440000000001
0.69836
0.779694
0.859678
0.9383180000000001
1.017
1.09287
1.16738
1.24054
1.3122800000000001
1.3826
1.4515
1.51891
1.5849099999999998
1.64893
1.71217
1.7736500000000002
1.83392
1.89243
1.94967
2.00511
2.05909
2.1116099999999998
2.16229
2.2116599999999997
2.2592100000000004
2.30519
2.3494599999999997
2.39215
2.4330100000000003
2.47228
2.50973
2.54553
2.57947
2.61169
2.642
2.67056
2.6973499999999997
2.72227
2.7453999999999996
2.7666600000000003
2.78618
2.80387
2.81986
2.8343499999999997
2.8473800000000002
2.8589499999999997
2.86979
2.87989
2.88936
2.89852
2.90735
2.91612
2.92469
2.933
2.9412499999999997
2.9495099999999996
2.9576200000000004
2.96564
2.97356
2.9815699999999996
2.98942
2.9971799999999997
3.00467
3.01235
3.0201
3.02773
3.03531
3.04288
3.05046
3.05798
3.06547
3.07292
3.0804500000000004

Vgs: 6.5
-0.000145343
0.0969048
0.19242599999999999
0.28665599999999997
0.379778
0.47169300000000003
0.5623959999999999
0.651915
0.740224
0.827244
0.913011
0.997494
1.08214
1.16405
1.2447000000000001
1.32406
1.4020899999999998
1.4788100000000002
1.5541
1.62809
1.70065
1.77127
1.84134
1.90967
1.97686
2.04238
2.1067199999999997
2.16935
2.2305200000000003
2.29049
2.3487
2.40564
2.46078
2.51459
2.56663
2.61727
2.66611
2.71346
2.75912
2.8031900000000003
2.84551
2.8861999999999997
2.9251400000000003
2.96232
2.99789
3.03158
3.0636
3.09381
3.12225
3.1488300000000002
3.17368
3.1967100000000004
3.21797
3.23736
3.25515
3.2711799999999998
3.28568
3.29886
3.3108
3.32186
3.33218
3.34195
3.35123
3.36031
3.36915
3.3778200000000003
3.38633
3.39469
3.40304
3.4112299999999998
3.41939
3.42745
3.4354199999999997
3.44335
3.45121
3.45892
3.46672
3.47446
3.48221
3.48989
3.49753

Vgs: 7.0
-0.000167238
0.101189
0.20114100000000001
0.299912
0.397709
0.494394
0.589988
0.6844349999999999
0.777819
0.870007
0.96107
1.0523200000000001
1.14105
1.2286000000000001
1.31502
1.40019
1.4842099999999998
1.56694
1.6484500000000002
1.72871
1.80755
1.88455
1.96109
2.03593
2.1097099999999998
2.18192
2.25297
2.3223800000000003
2.39047
2.4573799999999997
2.52258
2.58659
2.64893
2.70996
2.76936
2.82747
2.8838000000000004
2.93885
2.99219
3.0440799999999997
3.09415
3.14288
3.1898299999999997
3.23512
3.27889
3.32088
3.3613
3.39996
3.43697
3.47217
3.5057199999999997
3.53744
3.56745
3.5956400000000004
3.62216
3.64673
3.66958
3.6907200000000002
3.7100700000000004
3.7277199999999997
3.74376
3.75845
3.7716999999999996
3.78385
3.79503
3.80545
3.81547
3.8249999999999997
3.83419
3.84319
3.85195
3.8606000000000003
3.86912
3.87748
3.8857700000000004
3.89398
3.9021500000000002
3.91023
3.9183200000000005
3.92621
3.93412

Vgs: 7.5
-0.000173318
0.104306
0.207595
0.309907
0.41147900000000004
0.5120739999999999
0.6114970000000001
0.71019
0.808222
0.904645
1.00121
1.09646
1.1902
1.28264
1.37399
1.46383
1.55274
1.64073
1.72732
1.8126
1.89707
1.9795099999999999
2.06177
2.14249
2.22221
2.30038
2.37753
2.4531
2.5273499999999998
2.60057
2.6721399999999997
2.74157
2.8105700000000002
2.87827
2.94414
3.00821
3.0718
3.13381
3.19433
3.25318
3.31045
3.36651
3.42063
3.4734100000000003
3.52473
3.57439
3.62256
3.66849
3.7134199999999997
3.75545
3.79641
3.83604
3.87494
3.91134
3.9460800000000003
3.97912
4.01046
4.04239
4.07139
4.09734
4.120010000000001
4.14097
4.16144
4.18075
4.19845
4.214309999999999
4.2281
4.2419
4.254090000000001
4.26478
4.27573
4.28538
4.29489
4.30413
4.31412
4.32362
4.33198
4.339370000000001
4.3480300000000005
4.35742
4.36575

Vgs: 8.0
-0.000207831
0.107127
0.213251
0.318727
0.423376
0.527211
0.63027
0.731825
0.833361
0.933467
1.03507
1.13378
1.23193
1.32896
1.42562
1.52151
1.61521
1.7089500000000002
1.80159
1.89248
1.98239
2.07095
2.16
2.2464899999999997
2.33172
2.4157699999999998
2.49886
2.58063
2.66098
2.74028
2.81807
2.8948799999999997
2.97
3.0440799999999997
3.11653
3.1880699999999997
3.25776
3.32642
3.3935400000000002
3.45943
3.52361
3.58661
3.64781
3.7076700000000002
3.76644
3.82332
3.87885
3.93273
3.98524
4.03594
4.0853
4.13284
4.17838
4.222840000000001
4.26593
4.3069
4.34583
4.3831299999999995
4.42028
4.45481
4.48749
4.51865
4.54791
4.5753900000000005
4.60116
4.62529
4.64761
4.6683
4.687209999999999
4.70485
4.72082
4.73522
4.74867
4.76096
4.772410000000001
4.78277
4.79348
4.80291
4.81136
4.82182
4.83072
