Vgs range: 0,8,0.5
Vds range: 0,8,0.1

Vgs: 0.0
4.457149999999999e-06
0.00047734199999999996
0.000762694
0.000999572
0.00124145
0.00152872
0.00205516
0.00315817
0.004829600000000001
0.00683476
0.00903438
0.011336500000000001
0.0137583
0.0162644
0.0188328
0.021542000000000002
0.0244638
0.0277049
0.0314055
0.035567600000000005
0.0402668
0.0454356
0.051254100000000004
0.057507699999999995
0.0643837
0.0717412
0.0796206
0.0879433
0.09678540000000001
0.10617
0.115892
0.12595900000000002
0.136482
0.14763600000000002
0.15901099999999999
0.17081
0.18325200000000003
0.19583
0.20880900000000002
0.222268
0.23595
0.250099
0.264221
0.278907
0.294025
0.30910699999999997
0.324701
0.340572
0.357482
0.37499099999999996
0.391372
0.408141
0.42580199999999996
0.443601
0.46130699999999997
0.478932
0.496878
0.5167579999999999
0.5359050000000001
0.5549109999999999
0.573622
0.5930310000000001
0.6129399999999999
0.632374
0.6527580000000001
0.673859
0.694893
0.71702
0.738564
0.7594960000000001
0.781175
0.803213
0.824819
0.8471839999999999
0.870638
0.89393
0.915021
0.9381430000000001
0.9603959999999999
0.9858219999999999
1.01033

Vgs: 0.5
2.55848e-05
0.000751091
0.00108669
0.0013380599999999999
0.0015813000000000001
0.00182506
0.00207151
0.00231846
0.00256542
0.00281884
0.00312598
0.00372105
0.00500208
0.006990720000000001
0.00957041
0.0126271
0.0161837
0.0202377
0.0247758
0.0298393
0.035327899999999995
0.0412691
0.047778100000000004
0.0547174
0.0621116
0.0699491
0.0783375
0.0870953
0.09628210000000001
0.105899
0.115982
0.126424
0.137335
0.14855900000000002
0.16012200000000001
0.172005
0.18422100000000002
0.19691199999999998
0.210013
0.223302
0.23719400000000002
0.25161
0.265719
0.28026199999999996
0.294995
0.31032
0.326601
0.34276199999999996
0.359366
0.375736
0.392927
0.409642
0.427094
0.444971
0.46348
0.481617
0.500171
0.519457
0.538003
0.557738
0.5769040000000001
0.596745
0.616839
0.637473
0.6593330000000001
0.6812260000000001
0.70162
0.7235539999999999
0.7425189999999999
0.763655
0.786459
0.80819
0.828443
0.85097
0.8724810000000001
0.8960199999999999
0.920018
0.9423279999999999
0.9647870000000001
0.989164
1.0122

Vgs: 1.0
-3.70626e-05
0.00563754
0.00989075
0.012849300000000001
0.014721
0.015756700000000002
0.0163405
0.0167711
0.0171643
0.017542
0.0179105
0.018272200000000002
0.0186268
0.0189752
0.01934
0.0198198
0.0209306
0.023470300000000003
0.0274011
0.032388400000000005
0.038099999999999995
0.0443451
0.0512125
0.0584497
0.0662146
0.0744021
0.0830504
0.0921604
0.101648
0.111578
0.121884
0.132582
0.14363599999999999
0.15494400000000003
0.166814
0.17891900000000002
0.191396
0.204279
0.21777100000000002
0.231287
0.245126
0.25945
0.27394799999999997
0.288795
0.30416200000000004
0.31951199999999996
0.335499
0.35161699999999996
0.368103
0.385103
0.40195600000000004
0.419331
0.43703299999999995
0.45475499999999996
0.473256
0.49219499999999994
0.511066
0.530061
0.548715
0.569279
0.589382
0.608966
0.628774
0.6489010000000001
0.6695989999999999
0.691168
0.712574
0.7331679999999999
0.7536510000000001
0.774139
0.795017
0.816913
0.839379
0.8614809999999999
0.8869490000000001
0.907099
0.931148
0.952715
0.975708
0.999427
1.02481

Vgs: 1.5
-0.0005560340000000001
0.0096609
0.0187704
0.0268658
0.0340227
0.040151799999999994
0.045212300000000004
0.049231199999999996
0.0522145
0.0542537
0.055556999999999995
0.0564164
0.0570756
0.0576548
0.058204
0.058725099999999995
0.0592289
0.059726499999999995
0.060216
0.0606987
0.0613349
0.0627402
0.0661105
0.0714929
0.07825990000000001
0.0859535
0.094337
0.103423
0.11270899999999999
0.122681
0.132885
0.143688
0.15493700000000002
0.16647699999999999
0.178321
0.190655
0.203326
0.216413
0.229738
0.243554
0.257642
0.272014
0.286618
0.301471
0.316755
0.332222
0.34858
0.364715
0.38141400000000003
0.398013
0.415146
0.432262
0.44965700000000003
0.46745800000000004
0.485693
0.5039089999999999
0.523382
0.542099
0.5614319999999999
0.580766
0.6004339999999999
0.620378
0.641754
0.661874
0.6823699999999999
0.7036
0.725712
0.745969
0.76859
0.79057
0.811256
0.833951
0.855315
0.878509
0.901591
0.923653
0.9457139999999999
0.967649
0.990809
1.01406
1.03725

Vgs: 2.0
-0.00260869
0.0108618
0.02359
0.035520499999999997
0.0467073
0.057142599999999995
0.0668353
0.0757312
0.08378669999999999
0.0908957
0.0971143
0.102311
0.10652
0.109775
0.11215
0.113807
0.11497299999999999
0.11588699999999999
0.11669
0.11742
0.118112
0.11878
0.119424
0.120063
0.120707
0.121495
0.123273
0.1275
0.13409300000000002
0.142378
0.151701
0.161835
0.172402
0.18349100000000002
0.195127
0.207167
0.219657
0.232443
0.24559899999999998
0.259231
0.273193
0.28753999999999996
0.302204
0.317206
0.33251400000000003
0.348169
0.364125
0.380245
0.396932
0.41367
0.430712
0.448222
0.465733
0.483818
0.502059
0.520338
0.5386259999999999
0.557959
0.577276
0.596575
0.616165
0.6356769999999999
0.656186
0.6766749999999999
0.697541
0.718328
0.739395
0.760879
0.782861
0.804617
0.8263349999999999
0.848533
0.871135
0.892949
0.916577
0.936149
0.9589070000000001
0.982519
1.00793
1.0299099999999999
1.0543200000000001

Vgs: 2.5
-0.0067339900000000005
0.00919949
0.024477099999999998
0.0392985
0.053604399999999996
0.0674374
0.0807808
0.0935299
0.105666
0.11708
0.12778
0.137669
0.146791
0.155034
0.162378
0.168762
0.17421799999999998
0.178707
0.18223999999999999
0.184933
0.18690199999999998
0.188353
0.189543
0.19056499999999998
0.191512
0.192375
0.193221
0.19403
0.194799
0.195588
0.196581
0.19877499999999998
0.203687
0.211379
0.220831
0.231402
0.24273999999999998
0.254802
0.267304
0.28041299999999997
0.293796
0.307776
0.322026
0.336639
0.351775
0.36711099999999997
0.382741
0.39890200000000003
0.415289
0.431863
0.449002
0.46619700000000003
0.48392999999999997
0.5014419999999999
0.519578
0.538084
0.556643
0.5756939999999999
0.5948680000000001
0.6142120000000001
0.633887
0.6535869999999999
0.673193
0.693994
0.714898
0.735822
0.756486
0.777922
0.798973
0.81999
0.841344
0.863155
0.8854540000000001
0.908566
0.9308810000000001
0.954006
0.9765419999999999
0.9999570000000001
1.0226600000000001
1.04662
1.07017

Vgs: 3.0
-0.0128114
0.00497401
0.0223069
0.0391982
0.055850699999999996
0.0722444
0.0882909
0.10405099999999999
0.11948
0.134457
0.14893499999999998
0.162824
0.176078
0.188624
0.200416
0.211412
0.221561
0.23082
0.239229
0.246667
0.253233
0.25875600000000004
0.263426
0.267178
0.27009
0.272303
0.274018
0.27543
0.276678
0.277814
0.27885
0.27984800000000004
0.28078400000000003
0.28170799999999996
0.282605
0.283779
0.286257
0.291815
0.300321
0.310738
0.322398
0.335031
0.348057
0.361837
0.376081
0.39068600000000003
0.405704
0.421246
0.43740100000000004
0.453698
0.470328
0.487384
0.5046710000000001
0.522265
0.540136
0.558479
0.577069
0.595714
0.6144930000000001
0.633661
0.653601
0.6734380000000001
0.6928799999999999
0.713333
0.7339239999999999
0.754333
0.775255
0.796757
0.818053
0.8403240000000001
0.86216
0.8834259999999999
0.906968
0.929087
0.9512900000000001
0.9737720000000001
0.997143
1.0228
1.0461500000000001
1.06969
1.0917100000000002

Vgs: 3.5
-0.021477100000000002
-0.00201405
0.016741100000000002
0.0353041
0.0536545
0.07194500000000001
0.0902361
0.10835299999999999
0.126324
0.144125
0.16164099999999998
0.178779
0.19568100000000002
0.21197100000000002
0.22776400000000002
0.242914
0.25737299999999996
0.27097200000000005
0.28374699999999997
0.295698
0.306764
0.316977
0.32633100000000004
0.33474600000000004
0.34226500000000004
0.348819
0.35446099999999997
0.359159
0.362975
0.366079
0.368483
0.3704
0.372027
0.37345
0.374732
0.375959
0.377088
0.378172
0.379227
0.380268
0.381567
0.384188
0.390131
0.39929899999999996
0.410625
0.423381
0.436884
0.451161
0.466081
0.481395
0.49730399999999997
0.513204
0.529877
0.54693
0.564465
0.582121
0.600108
0.618653
0.6371410000000001
0.656072
0.675385
0.694813
0.7143769999999999
0.7343770000000001
0.7545759999999999
0.775192
0.7958810000000001
0.817081
0.838419
0.859803
0.881339
0.903017
0.924681
0.9468080000000001
0.9698009999999999
0.9919880000000001
1.01671
1.0402
1.06251
1.08568
1.1094

Vgs: 4.0
-0.0309093
-0.010568300000000001
0.00953206
0.029241200000000002
0.0488283
0.0686028
0.0884107
0.108311
0.128298
0.148262
0.1681
0.18760900000000003
0.207202
0.22626
0.24515900000000002
0.263735
0.281831
0.299322
0.31602399999999997
0.33218800000000004
0.34758100000000003
0.36211
0.375977
0.388838
0.400785
0.411904
0.42219700000000004
0.431504
0.439863
0.447363
0.453903
0.459562
0.464295
0.468178
0.471312
0.47386
0.475941
0.47773200000000005
0.479331
0.48081300000000005
0.48218099999999997
0.483469
0.484681
0.48587
0.487046
0.488404
0.49119599999999997
0.497588
0.50762
0.519771
0.5332009999999999
0.547541
0.5628160000000001
0.578689
0.5947800000000001
0.6115619999999999
0.628656
0.646296
0.6642129999999999
0.682558
0.701217
0.7202569999999999
0.739539
0.75917
0.779011
0.799267
0.819448
0.840058
0.861038
0.882167
0.903215
0.9248909999999999
0.946469
0.9685819999999999
0.9911
1.01466
1.03691
1.05965
1.08272
1.1062800000000002
1.12932

Vgs: 4.5
-0.0420704
-0.0211004
-0.000108609
0.0211718
0.0421403
0.0626359
0.0834286
0.105181
0.126558
0.147923
0.16966299999999998
0.191166
0.212709
0.234135
0.255402
0.276438
0.297323
0.317721
0.33776100000000003
0.35732400000000003
0.376255
0.394646
0.412566
0.429636
0.446034
0.461692
0.47650699999999996
0.49028099999999997
0.503166
0.515193
0.526227
0.536406
0.545563
0.5538529999999999
0.5611919999999999
0.567648
0.5731799999999999
0.5778960000000001
0.58177
0.5849679999999999
0.587611
0.5898169999999999
0.591733
0.593472
0.595046
0.596537
0.597952
0.599279
0.600616
0.60193
0.603445
0.6063270000000001
0.6129100000000001
0.623251
0.636155
0.650113
0.664798
0.680963
0.697551
0.714872
0.7325160000000001
0.750761
0.7692359999999999
0.788079
0.807349
0.826984
0.846724
0.866869
0.887381
0.907969
0.9288500000000001
0.950017
0.97152
0.993007
1.01681
1.03876
1.06096
1.0834499999999998
1.10633
1.1290099999999998
1.15188

Vgs: 5.0
-0.053748000000000004
-0.031781
-0.0101178
0.0117982
0.0334032
0.0552548
0.0774735
0.099921
0.122507
0.14542
0.168319
0.19171300000000002
0.214703
0.23790199999999997
0.260904
0.284865
0.30767
0.330295
0.352766
0.374765
0.39658899999999997
0.417809
0.43884399999999996
0.459237
0.47930500000000004
0.49867100000000003
0.5173979999999999
0.535227
0.552425
0.5688890000000001
0.584519
0.599197
0.612803
0.625564
0.6373099999999999
0.6482420000000001
0.658122
0.667118
0.6751790000000001
0.682331
0.6885990000000001
0.694019
0.698627
0.7024680000000001
0.705709
0.708387
0.710667
0.712689
0.714548
0.716278
0.717884
0.7193930000000001
0.720831
0.722244
0.723638
0.725168
0.7280760000000001
0.734735
0.745379
0.7586360000000001
0.773542
0.789755
0.806337
0.823832
0.841983
0.8601979999999999
0.8789950000000001
0.898216
0.917979
0.937887
0.9581700000000001
0.9786499999999999
0.9995679999999999
1.02217
1.0436899999999998
1.06537
1.08714
1.1093
1.1314899999999999
1.15387
1.1765

Vgs: 5.5
-0.0657756
-0.043234800000000004
-0.0209846
0.0014266799999999998
0.0238859
0.046486700000000006
0.069453
0.0927706
0.11650200000000001
0.140323
0.164496
0.188775
0.21304599999999999
0.237627
0.26217900000000005
0.28692
0.3115
0.335842
0.36018900000000004
0.384286
0.407959
0.431423
0.45499100000000003
0.478039
0.5009469999999999
0.52337
0.5452579999999999
0.566711
0.58757
0.607896
0.6274339999999999
0.646644
0.664701
0.6819919999999999
0.698418
0.713881
0.7283660000000001
0.7419209999999999
0.754427
0.766027
0.776624
0.7863110000000001
0.795056
0.802928
0.809925
0.8160259999999999
0.8212659999999999
0.8258070000000001
0.829599
0.8327169999999999
0.835471
0.837834
0.839944
0.841903
0.843681
0.845312
0.846905
0.848461
0.849946
0.851436
0.853067
0.85613
0.8629
0.874028
0.88791
0.903533
0.920207
0.937793
0.955882
0.974382
0.9933730000000001
1.01445
1.0343
1.0545
1.0750499999999998
1.09589
1.1172
1.13857
1.1602999999999999
1.18228
1.20454

Vgs: 6.0
-0.0790269
-0.056181
-0.0334416
-0.010675800000000001
0.0125809
0.0359757
0.0596065
0.0838559
0.108273
0.133263
0.158528
0.183828
0.209722
0.235514
0.261217
0.286951
0.31273599999999996
0.338425
0.364195
0.39006
0.41585
0.441094
0.466415
0.491642
0.516567
0.541095
0.565457
0.5895330000000001
0.613136
0.636311
0.6588419999999999
0.68092
0.7026089999999999
0.7240219999999999
0.7445
0.764286
0.783135
0.8009459999999999
0.818171
0.834416
0.849698
0.864036
0.8772559999999999
0.889408
0.900663
0.910997
0.920369
0.928854
0.936416
0.9431430000000001
0.949009
0.9541229999999999
0.9584889999999999
0.9622329999999999
0.96543
0.96824
0.970685
0.9728910000000001
0.974849
0.976763
0.978527
0.980217
0.981837
0.9834100000000001
0.9849349999999999
0.9865799999999999
0.989562
0.996415
1.0094100000000001
1.02363
1.03953
1.05653
1.0745399999999998
1.09337
1.11269
1.13229
1.1526699999999999
1.1731800000000001
1.1941899999999999
1.2156
1.2371299999999998

Vgs: 6.5
-0.0933615
-0.06970920000000001
-0.0463338
-0.023039300000000002
0.000287253
0.024255000000000002
0.0485232
0.0732836
0.09827580000000001
0.12367500000000001
0.14985500000000002
0.175776
0.202173
0.228575
0.255109
0.28179000000000004
0.308828
0.335826
0.362899
0.390125
0.417259
0.44379
0.470786
0.497391
0.524153
0.550898
0.576944
0.602753
0.628607
0.654042
0.679214
0.703926
0.7284200000000001
0.7523529999999999
0.775928
0.7992560000000001
0.821593
0.8437819999999999
0.8650249999999999
0.885334
0.905043
0.9240999999999999
0.9420540000000001
0.959082
0.975208
0.9902660000000001
1.00584
1.0189000000000001
1.03093
1.042
1.05214
1.0612499999999998
1.0694400000000002
1.0768
1.08321
1.08889
1.09382
1.09808
1.10177
1.10494
1.1076300000000001
1.1101699999999999
1.1124100000000001
1.1144900000000002
1.11648
1.11831
1.12002
1.12169
1.1232900000000001
1.12489
1.12659
1.1295899999999999
1.13637
1.1480100000000002
1.16271
1.17915
1.19682
1.21535
1.23469
1.25447
1.27477

Vgs: 7.0
-0.11010199999999999
-0.0866735
-0.0631004
-0.0396524
-0.0157842
0.008597539999999999
0.033380599999999996
0.058585000000000005
0.0843092
0.110021
0.136628
0.16328299999999998
0.190409
0.217693
0.24531999999999998
0.273047
0.30069
0.328396
0.35611699999999996
0.38410700000000003
0.41209900000000005
0.440326
0.468331
0.49630599999999997
0.524176
0.552052
0.579985
0.6075330000000001
0.63455
0.6619510000000001
0.688717
0.715658
0.7420169999999999
0.768834
0.794756
0.81999
0.845315
0.870326
0.8945500000000001
0.9185099999999999
0.9418259999999999
0.964696
0.986523
1.0094800000000002
1.0301900000000002
1.0501099999999999
1.0689300000000002
1.08677
1.10404
1.12012
1.1351799999999999
1.14914
1.16212
1.174
1.18492
1.19483
1.20384
1.21191
1.21904
1.2253800000000001
1.23087
1.2357200000000002
1.23984
1.2434
1.2465499999999998
1.2493400000000001
1.2518500000000001
1.2541099999999998
1.25621
1.25827
1.26015
1.26197
1.2636699999999998
1.26534
1.26702
1.2687899999999999
1.272
1.27951
1.29183
1.30714
1.32437

Vgs: 7.5
-0.12729500000000002
-0.103205
-0.079474
-0.0554473
-0.0309675
-0.00647084
0.0184241
0.043838499999999996
0.07032139999999999
0.09708510000000001
0.123921
0.15139
0.178636
0.206651
0.234682
0.262907
0.291687
0.320516
0.34977800000000003
0.37847400000000003
0.40665999999999997
0.435502
0.46451000000000003
0.49355899999999997
0.522594
0.551887
0.5808099999999999
0.609522
0.63835
0.6671020000000001
0.69567
0.724196
0.752443
0.780738
0.8092429999999999
0.836947
0.863506
0.8910440000000001
0.9178679999999999
0.9441809999999999
0.970119
0.995646
1.0216800000000001
1.0460800000000001
1.07023
1.0936
1.11625
1.1384100000000001
1.15978
1.18034
1.20013
1.21885
1.2366
1.25339
1.2692599999999998
1.2840099999999999
1.29773
1.31037
1.32169
1.33239
1.3420400000000001
1.35085
1.35859
1.36559
1.37159
1.37688
1.38152
1.38554
1.38907
1.39213
1.39489
1.3974199999999999
1.3997
1.40182
1.40385
1.40584
1.40767
1.40944
1.4111900000000002
1.4128999999999998
1.41476

Vgs: 8.0
-0.142567
-0.11812
-0.0940613
-0.0694858
-0.0455069
-0.0203127
0.005276879999999999
0.030741599999999997
0.0575382
0.0845934
0.111894
0.139772
0.168194
0.19717
0.225137
0.253865
0.28318
0.31265699999999996
0.341679
0.371366
0.401086
0.430552
0.46047
0.49098200000000003
0.520492
0.550239
0.5800160000000001
0.609903
0.640524
0.670235
0.700386
0.729849
0.7590589999999999
0.78825
0.817119
0.846586
0.8752449999999999
0.904289
0.932762
0.96116
0.9894280000000001
1.0186
1.04568
1.0723200000000002
1.0990900000000001
1.12514
1.15078
1.17552
1.2002
1.2239499999999999
1.24722
1.2697800000000001
1.29173
1.31301
1.3333
1.35286
1.3714199999999999
1.389
1.40558
1.42094
1.4354500000000001
1.44892
1.46136
1.47285
1.48328
1.49275
1.50115
1.5087
1.51541
1.5212400000000001
1.52627
1.53073
1.5346
1.538
1.5411
1.5438699999999999
1.54632
1.5486199999999999
1.5508
1.55284
1.55477
