Vgs range: 0,8,0.1
Vds range: 0,8,0.5

Vgs: 0.0
-0.000123532
-0.000122997
-0.000125067
-0.000120151
-0.00012130300000000001
-0.00012238199999999998
-0.000130565
-0.00013447199999999998
-0.000150728
-0.000174589
-0.000212825
-0.000279382
-0.000374669
-0.00050155
-0.000672507
-0.00091495
-0.00124149
-0.00154686
-0.00199273
-0.0024952299999999998
-0.0031317899999999997
-0.0039032399999999997
-0.00481309
-0.0057975
-0.00688357
-0.008153309999999999
-0.00944821
-0.0111977
-0.0123705
-0.013989699999999999
-0.0156511
-0.017363999999999997
-0.0189876
-0.0208569
-0.0226441
-0.0244984
-0.026375799999999998
-0.0283103
-0.0301198
-0.0320288
-0.0341454
-0.036191600000000004
-0.0381991
-0.0403858
-0.0426494
-0.045130699999999996
-0.0472464
-0.049481000000000004
-0.051912900000000005
-0.0544463
-0.0567862
-0.0590346
-0.061572800000000004
-0.0642475
-0.06646439999999999
-0.0691952
-0.0717622
-0.0740664
-0.07696030000000001
-0.07991820000000001
-0.08235010000000001
-0.0850772
-0.0880969
-0.0906936
-0.0932122
-0.0958934
-0.09870860000000001
-0.101803
-0.103563
-0.106165
-0.10942500000000001
-0.112301
-0.11526600000000001
-0.11811
-0.121271
-0.124218
-0.127037
-0.130183
-0.133321
-0.136237
-0.139211

Vgs: 0.5
0.00147818
0.0014868300000000002
0.0015032099999999998
0.00150317
0.00150248
0.00150922
0.00150896
0.00151265
0.0015107500000000002
0.0015116399999999999
0.0015184200000000001
0.00152425
0.00152896
0.00153208
0.00154443
0.0015535199999999999
0.00161299
0.00173554
0.0017222700000000001
0.00182244
0.00217449
0.0025449
0.0029137
0.0027018000000000003
0.00655905
0.0022428400000000003
0.00163008
0.00560817
0.0210117
0.0416321
0.0273677
0.0400723
0.0210392
0.0496307
0.0317722
0.06657099999999999
0.0684415
0.06767039999999999
0.0438669
0.0662156
0.0654096
0.06369599999999999
0.063248
0.038582899999999996
0.0438243
0.0407805
0.0337102
0.049392099999999994
0.0556204
0.0523228
0.0535272
0.044572
0.0451895
0.0433273
0.0412015
0.039110099999999995
0.039731999999999996
0.0360926
0.0367684
0.0316718
0.030315400000000003
0.0284282
0.024366600000000002
0.0208522
0.0185835
0.0159053
0.013403
0.0108595
0.00815311
0.006459159999999999
0.00367705
0.000533383
-0.00202294
-0.00406094
-0.00672289
-0.009366300000000001
-0.0120582
-0.014139599999999999
-0.0167236
-0.019346699999999998
-0.0223173

Vgs: 1.0
0.00547932
0.00559502
0.00410096
0.0035175000000000002
0.0029869000000000002
0.0031132
0.00370062
0.00490795
0.00741144
0.0112701
0.0151542
0.020454
0.0266235
0.033583
0.0406286
0.048015300000000004
0.0559514
0.0646461
0.0708441
0.0767575
0.0816224
0.0867989
0.09185249999999999
0.0945745
0.0990766
0.10298600000000001
0.10728199999999999
0.10909899999999999
0.114026
0.118675
0.12062400000000001
0.123722
0.124497
0.12685300000000002
0.135465
0.138514
0.145539
0.145137
0.150597
0.150846
0.152996
0.151743
0.154315
0.155958
0.154583
0.157491
0.156053
0.157771
0.15876700000000002
0.15864899999999998
0.160587
0.159071
0.15809
0.156986
0.156029
0.154971
0.153699
0.152192
0.150917
0.149469
0.145972
0.146782
0.144497
0.142999
0.14131500000000002
0.139497
0.137661
0.13589400000000001
0.134136
0.131935
0.12978
0.127658
0.125805
0.123776
0.12128799999999999
0.119318
0.117205
0.114978
0.11278200000000001
0.110453
0.108318

Vgs: 1.5
0.0196869
0.0201823
0.0180816
0.0165259
0.015494899999999999
0.015288300000000001
0.0147396
0.0141686
0.0164381
0.017626
0.0198629
0.0255299
0.028864300000000002
0.036752299999999995
0.0449437
0.053785400000000004
0.061777
0.0699239
0.083609
0.09354040000000001
0.100911
0.11015
0.116052
0.13082
0.152981
0.139373
0.152244
0.159049
0.167333
0.178354
0.181704
0.188337
0.192448
0.19567099999999998
0.204029
0.206846
0.210664
0.213501
0.22
0.219738
0.217304
0.224649
0.229262
0.23149
0.228764
0.235892
0.239197
0.24741599999999997
0.25623300000000004
0.257434
0.273432
0.258566
0.274358
0.269881
0.274693
0.263724
0.27292
0.274849
0.273795
0.274961
0.273721
0.273746
0.272696
0.271608
0.26979899999999996
0.26935400000000004
0.268346
0.26729800000000004
0.266109
0.264988
0.264094
0.262924
0.261413
0.25970099999999996
0.257694
0.256473
0.254813
0.253485
0.251181
0.25003
0.247831

Vgs: 2.0
0.0697519
0.06573190000000001
0.0736486
0.0736215
0.07314810000000001
0.0764344
0.077587
0.0810433
0.0833976
0.0899928
0.0899953
0.0917585
0.0979834
0.09813
0.103006
0.106052
0.104871
0.105418
0.10545600000000001
0.110053
0.114631
0.119306
0.12308800000000002
0.128004
0.135258
0.142287
0.149292
0.146971
0.152367
0.161873
0.160061
0.175616
0.190773
0.20515
0.213745
0.22358799999999998
0.217894
0.220743
0.22552999999999998
0.241609
0.232851
0.235176
0.24451099999999998
0.264426
0.274376
0.28289899999999996
0.279204
0.290424
0.302374
0.30637200000000003
0.30874199999999996
0.303999
0.32097499999999995
0.33209
0.343487
0.365039
0.367924
0.385916
0.39805599999999997
0.399104
0.40002499999999996
0.401007
0.401177
0.401617
0.40173
0.402252
0.402107
0.401802
0.401837
0.401796
0.40124699999999996
0.400891
0.400082
0.399474
0.39836299999999997
0.397685
0.396554
0.39586
0.39548900000000003
0.39410999999999996
0.393073

Vgs: 2.5
0.163511
0.157723
0.16356300000000001
0.16737999999999997
0.17114
0.172789
0.172618
0.172384
0.176833
0.176945
0.180597
0.179567
0.182358
0.180088
0.18084
0.18421099999999999
0.181063
0.185893
0.186002
0.187872
0.18821
0.188422
0.188772
0.188965
0.188947
0.189019
0.189385
0.189687
0.19139299999999998
0.192832
0.19495800000000002
0.195566
0.195309
0.200152
0.200619
0.204038
0.200521
0.20124899999999998
0.206147
0.210252
0.212766
0.21575000000000003
0.216102
0.225438
0.227572
0.226625
0.22956300000000002
0.242578
0.274847
0.329028
0.397556
0.44414299999999995
0.442876
0.438913
0.42973
0.44017
0.44506599999999996
0.464615
0.456042
0.45708899999999997
0.48446
0.525311
0.5276150000000001
0.529656
0.531228
0.5329889999999999
0.53412
0.536183
0.536947
0.5376890000000001
0.538575
0.533242
0.539867
0.5402980000000001
0.540602
0.540678
0.540285
0.540356
0.540302
0.5402049999999999
0.5397569999999999

Vgs: 3.0
0.12102399999999999
0.121013
0.12100999999999999
0.120986
0.121444
0.14043
0.128957
0.12216
0.12274
0.123854
0.12447599999999999
0.12559499999999998
0.126781
0.128343
0.13021
0.132222
0.134547
0.136632
0.13978300000000002
0.142714
0.14685800000000002
0.151736
0.157625
0.164921
0.175222
0.188822
0.204086
0.220106
0.236288
0.25308200000000003
0.270543
0.287778
0.30551599999999995
0.323656
0.341714
0.35974500000000004
0.377792
0.395553
0.413379
0.429412
0.445791
0.461253
0.476323
0.490719
0.5042760000000001
0.5175489999999999
0.5298259999999999
0.542352
0.554102
0.565366
0.575188
0.58299
0.588413
0.535473
0.6058469999999999
0.528494
0.566681
0.49534799999999996
0.554925
0.49929100000000004
0.5319809999999999
0.533126
0.57356
0.579609
0.552626
0.601086
0.5899460000000001
0.577553
0.586966
0.558666
0.672398
0.6748270000000001
0.676423
0.677991
0.678729
0.6807719999999999
0.6818850000000001
0.6827829999999999
0.683294
0.6846070000000001
0.684772

Vgs: 3.5
0.180599
0.180599
0.180767
0.180949
0.18154499999999998
0.181818
0.18246300000000001
0.18301299999999998
0.18395799999999998
0.184732
0.185835
0.187129
0.188329
0.189692
0.191203
0.193495
0.195542
0.197698
0.19968699999999998
0.20223999999999998
0.20530299999999999
0.208905
0.21185099999999998
0.215692
0.220023
0.225155
0.23111099999999998
0.238508
0.247441
0.259516
0.275418
0.292661
0.310743
0.32922799999999997
0.347686
0.366814
0.386479
0.405755
0.425105
0.444755
0.464853
0.48435999999999996
0.5037550000000001
0.522811
0.541215
0.559087
0.576343
0.593094
0.608794
0.6226750000000001
0.638763
0.653459
0.6670969999999999
0.6796880000000001
0.692056
0.703642
0.714207
0.72432
0.733125
0.7414890000000001
0.749113
0.756105
0.763096
0.768889
0.774658
0.7796259999999999
0.785029
0.790067
0.794041
0.798576
0.8021159999999999
0.805996
0.809319
0.812664
0.815206
0.818709
0.821508
0.8231440000000001
0.825358
0.82738
0.829062

Vgs: 4.0
0.25133099999999997
0.25136499999999995
0.251272
0.25135100000000005
0.252224
0.253016
0.253622
0.254548
0.255446
0.256435
0.25750700000000004
0.25865499999999997
0.26010500000000003
0.261628
0.263169
0.264891
0.26673
0.268741
0.270868
0.27311
0.275625
0.27822600000000003
0.281082
0.28425
0.28757099999999997
0.290634
0.29522400000000004
0.299775
0.304398
0.309786
0.315923
0.32293099999999997
0.33129299999999995
0.34145200000000003
0.35496099999999997
0.372684
0.391826
0.411748
0.43173300000000003
0.45177599999999996
0.472821
0.493227
0.514576
0.535632
0.557542
0.5780919999999999
0.598907
0.6201829999999999
0.640338
0.660337
0.679689
0.698227
0.716442
0.733722
0.750842
0.766662
0.782197
0.796952
0.8118799999999999
0.8257549999999999
0.838947
0.850596
0.861706
0.871829
0.8813070000000001
0.88989
0.897023
0.9050360000000001
0.9115380000000001
0.9182049999999999
0.924627
0.930585
0.93624
0.9413680000000001
0.945685
0.9511590000000001
0.955605
0.959513
0.963036
0.966754
0.969843

Vgs: 4.5
0.330119
0.330079
0.330109
0.329915
0.33062800000000003
0.331821
0.332772
0.333764
0.334835
0.335786
0.337004
0.33865
0.34019900000000003
0.34173899999999996
0.343334
0.345014
0.346794
0.348836
0.350994
0.353293
0.35559799999999997
0.35791700000000004
0.36059599999999997
0.363287
0.366299
0.36948
0.372748
0.37637800000000005
0.380235
0.384141
0.38864
0.393358
0.39829299999999995
0.403847
0.40994
0.417217
0.424842
0.434271
0.444843
0.460405
0.479012
0.49964200000000003
0.521303
0.543869
0.564764
0.586929
0.6095700000000001
0.6313
0.653374
0.6763480000000001
0.6990310000000001
0.721147
0.743127
0.765007
0.785824
0.806749
0.826572
0.845914
0.8645499999999999
0.882606
0.8999550000000001
0.9171039999999999
0.932724
0.948003
0.963593
0.9771719999999999
0.990428
1.00547
1.01443
1.0242499999999999
1.03355
1.04193
1.05036
1.05825
1.06534
1.07236
1.07922
1.08524
1.09125
1.0967200000000001
1.10219

Vgs: 5.0
0.417248
0.41758300000000004
0.41726399999999997
0.41717000000000004
0.41758399999999996
0.419229
0.420288
0.421382
0.422443
0.423709
0.425195
0.42699
0.428572
0.430391
0.431672
0.433668
0.43537
0.437378
0.43941899999999995
0.44159800000000005
0.443921
0.446363
0.448948
0.45136
0.454268
0.457126
0.46018
0.463345
0.466681
0.470181
0.47401000000000004
0.477912
0.48212299999999997
0.486005
0.49107399999999995
0.49602299999999994
0.5013799999999999
0.507305
0.513374
0.5203169999999999
0.527923
0.5366839999999999
0.546574
0.558656
0.5744469999999999
0.5940080000000001
0.615502
0.639455
0.662069
0.684507
0.708883
0.730954
0.7544850000000001
0.778466
0.80221
0.826252
0.848993
0.872613
0.895299
0.917504
0.939705
0.960696
0.9816200000000002
1.00688
1.0221500000000001
1.0414700000000001
1.0579999999999998
1.0756800000000002
1.09111
1.10639
1.1209099999999999
1.13412
1.14704
1.15854
1.16931
1.17831
1.1881000000000002
1.19738
1.2055900000000002
1.21556
1.22204

Vgs: 5.5
0.511787
0.511284
0.5113099999999999
0.5114540000000001
0.511142
0.5131330000000001
0.514447
0.5161140000000001
0.517173
0.518293
0.5197459999999999
0.5214319999999999
0.523064
0.5246190000000001
0.5266529999999999
0.528663
0.530553
0.532218
0.53464
0.536836
0.539088
0.541603
0.543841
0.546444
0.549119
0.5518810000000001
0.554677
0.557616
0.560705
0.563915
0.5672980000000001
0.5708179999999999
0.574492
0.5782740000000001
0.582198
0.586464
0.590817
0.595564
0.600213
0.6053700000000001
0.610803
0.6168359999999999
0.623091
0.630094
0.637451
0.645271
0.653704
0.6649200000000001
0.6777340000000001
0.6946180000000001
0.7157370000000001
0.738523
0.762714
0.786362
0.8112469999999999
0.836067
0.860721
0.8844960000000001
0.909324
0.933694
0.958306
0.98258
1.0131700000000001
1.03238
1.0559
1.07899
1.10102
1.1237700000000002
1.14385
1.1634099999999998
1.1842300000000001
1.2030999999999998
1.22156
1.23843
1.25509
1.27067
1.2843900000000001
1.29787
1.30985
1.32127
1.3311499999999998

Vgs: 6.0
0.614486
0.614567
0.614387
0.614475
0.61439
0.615422
0.617348
0.618719
0.620055
0.621637
0.623012
0.624672
0.626388
0.628188
0.629913
0.632067
0.633808
0.635955
0.6379779999999999
0.640052
0.6423270000000001
0.644635
0.6470360000000001
0.649385
0.651887
0.654497
0.65715
0.65954
0.662795
0.665837
0.668904
0.672046
0.675583
0.679013
0.682628
0.686216
0.690078
0.694166
0.698463
0.702674
0.707422
0.712245
0.7175
0.722767
0.728408
0.734285
0.7407940000000001
0.7477469999999999
0.754793
0.763011
0.771886
0.781122
0.792534
0.805976
0.823367
0.844162
0.867619
0.892859
0.917669
0.943233
0.968645
0.9935849999999999
1.02603
1.0472299999999999
1.07216
1.09758
1.1234000000000002
1.14765
1.1724299999999999
1.19713
1.2206299999999999
1.24361
1.26643
1.2887
1.30925
1.3301800000000001
1.34846
1.36729
1.3850399999999998
1.40241
1.4174

Vgs: 6.5
0.72182
0.721534
0.7216469999999999
0.721758
0.721791
0.722235
0.7245739999999999
0.7257910000000001
0.727359
0.728951
0.730731
0.732584
0.734191
0.7360300000000001
0.737631
0.739519
0.7417819999999999
0.743709
0.7458560000000001
0.7479220000000001
0.750138
0.752356
0.7546989999999999
0.7572030000000001
0.7596630000000001
0.76212
0.764784
0.767494
0.770168
0.772939
0.775901
0.778956
0.781943
0.7852319999999999
0.788477
0.791976
0.795344
0.799025
0.802714
0.80659
0.8106530000000001
0.815013
0.819319
0.823701
0.828378
0.833591
0.838465
0.844049
0.8496410000000001
0.8557359999999999
0.862179
0.868755
0.876075
0.883849
0.892623
0.901559
0.9117259999999999
0.924033
0.936389
0.955773
0.9775910000000001
1.0088
1.02756
1.05528
1.0819
1.1081
1.1340000000000001
1.16134
1.18747
1.2133
1.23972
1.26492
1.2910899999999998
1.3168900000000001
1.3420400000000001
1.36731
1.39207
1.4147
1.4372
1.4588400000000001
1.4804499999999998

Vgs: 7.0
0.8346439999999999
0.834615
0.8347260000000001
0.834845
0.834766
0.83466
0.8363389999999999
0.837888
0.8390099999999999
0.840884
0.842542
0.84444
0.84626
0.847927
0.850057
0.8521890000000001
0.8540800000000001
0.8562599999999999
0.85831
0.860325
0.862603
0.864886
0.867052
0.869469
0.871908
0.874468
0.8769290000000001
0.879496
0.882071
0.8847940000000001
0.887806
0.890734
0.893569
0.8967470000000001
0.899688
0.902948
0.90615
0.909672
0.912977
0.9166289999999999
0.920156
0.923997
0.927957
0.9320860000000001
0.936295
0.940529
0.9449989999999999
0.9497610000000001
0.954491
0.959688
0.964779
0.970314
0.9761219999999999
0.981871
0.9883979999999999
0.9950530000000001
1.0050599999999998
1.01118
1.01924
1.02812
1.03781
1.04825
1.06075
1.07527
1.0941
1.11751
1.14302
1.16924
1.19632
1.22306
1.25019
1.27681
1.3046900000000001
1.33102
1.35836
1.38591
1.41286
1.43766
1.46546
1.4920499999999999
1.5163799999999998

Vgs: 7.5
0.949507
0.949835
0.9493630000000001
0.949498
0.949813
0.949855
0.9505819999999999
0.952625
0.953893
0.955197
0.957259
0.9590519999999999
0.960805
0.962924
0.9647119999999999
0.966891
0.968957
0.970954
0.9733040000000001
0.975431
0.9776159999999999
0.979747
0.9820720000000001
0.984362
0.986808
0.9893899999999999
0.991939
0.99448
0.9971419999999999
0.9998870000000001
1.00466
1.00694
1.00987
1.01297
1.01585
1.01897
1.02233
1.02554
1.02905
1.03247
1.03622
1.0398
1.04345
1.04736
1.0511
1.0553
1.0594000000000001
1.06369
1.0679800000000002
1.07233
1.07736
1.08207
1.0872499999999998
1.09236
1.0977599999999998
1.10337
1.10918
1.11536
1.12164
1.12773
1.13535
1.14271
1.15057
1.15896
1.1681599999999999
1.17789
1.18873
1.20144
1.21729
1.23603
1.25987
1.28575
1.31337
1.3407200000000001
1.36849
1.3960000000000001
1.4231999999999998
1.45097
1.47445
1.50614
1.53378

Vgs: 8.0
1.07758
1.0777700000000001
1.07705
1.07622
1.07625
1.07679
1.077
1.07964
1.08162
1.08347
1.0848900000000001
1.08673
1.08858
1.0906900000000002
1.09263
1.09463
1.09701
1.09889
1.10127
1.10359
1.10593
1.1078299999999999
1.11039
1.1127500000000001
1.11552
1.11808
1.1203299999999998
1.1229600000000002
1.12543
1.12815
1.1309200000000001
1.13368
1.13646
1.1393499999999999
1.14233
1.14547
1.14843
1.15138
1.1547
1.1578899999999999
1.16133
1.16478
1.16838
1.17181
1.17544
1.1791099999999999
1.18292
1.18681
1.19078
1.19495
1.19917
1.20328
1.20759
1.21204
1.2172100000000001
1.22185
1.22686
1.23194
1.2371699999999999
1.24295
1.24857
1.25436
1.26067
1.26725
1.27403
1.4353799999999999
1.50777
1.53982
1.5319
1.5416699999999999
1.54314
1.544
1.54809
1.54846
1.54912
1.54182
1.54696
1.5498
1.55009
1.55036
1.55071
