Vgs range: 0,8,0.5
Vds range: 0,8,0.1

Vgs: 0.0
-0.000129257
0.000275161
0.000534196
0.000758844
0.000982494
0.00123009
0.0015991900000000001
0.00243797
0.00395841
0.00592658
0.0081516
0.0105359
0.013040999999999999
0.0156418
0.0183287
0.0211385
0.0241235
0.0274588
0.0312161
0.035524
0.0404153
0.045886500000000004
0.0519892
0.058659699999999995
0.06594989999999999
0.0738183
0.082227
0.0911068
0.100492
0.110417
0.120819
0.13169399999999998
0.14300900000000002
0.154828
0.166918
0.179722
0.19259400000000002
0.206146
0.219911
0.234044
0.24864
0.263693
0.278864
0.294916
0.310944
0.32723
0.344165
0.361041
0.37795199999999995
0.395495
0.413471
0.431527
0.450021
0.46864
0.48791999999999996
0.5071910000000001
0.526463
0.546196
0.566401
0.587055
0.608011
0.628883
0.649559
0.671033
0.69272
0.714415
0.736548
0.7583639999999999
0.781817
0.803692
0.8275710000000001
0.8523759999999999
0.875961
0.899073
0.922189
0.9454819999999999
0.970303
0.9942480000000001
1.01999
1.04444
1.06925

Vgs: 0.5
-0.000120287
0.00043280099999999996
0.000716539
0.000946577
0.00117511
0.0014044099999999998
0.00163487
0.00186857
0.00210041
0.0023408
0.00263286
0.0031658
0.00428499
0.00612194
0.00857315
0.0115716
0.015113999999999999
0.0191803
0.0238155
0.029062
0.0348464
0.0411477
0.048088
0.055516600000000006
0.0634801
0.0719427
0.0809118
0.09038510000000001
0.100291
0.110757
0.121628
0.132889
0.144599
0.156792
0.16932699999999998
0.18231
0.195672
0.20943900000000001
0.223553
0.23808600000000002
0.252824
0.268003
0.283475
0.29929799999999995
0.31554499999999996
0.33199
0.34882799999999997
0.365957
0.383351
0.401022
0.418949
0.437175
0.45575
0.474604
0.493825
0.513374
0.532872
0.552637
0.572712
0.593045
0.613797
0.6349710000000001
0.655864
0.677082
0.6988059999999999
0.720781
0.742606
0.764792
0.787231
0.810095
0.832748
0.855669
0.879048
0.902414
0.926125
0.949944
0.9741529999999999
0.998554
1.02458
1.04847
1.0735199999999998

Vgs: 1.0
-0.000196573
0.00506006
0.00892396
0.0115026
0.0130736
0.0139261
0.0144281
0.0148275
0.0151947
0.0155473
0.0158909
0.0162356
0.0165712
0.0169033
0.017256399999999998
0.01771
0.0186307
0.020766499999999997
0.024456699999999998
0.029356
0.0351282
0.041559
0.0486751
0.0563231
0.0645604
0.073298
0.08255530000000001
0.09227110000000001
0.102519
0.113177
0.12429499999999999
0.135858
0.147835
0.16023099999999998
0.172977
0.186129
0.199691
0.21360500000000002
0.227882
0.242535
0.257482
0.272785
0.28833800000000004
0.304448
0.320905
0.337471
0.354363
0.37154899999999996
0.389159
0.406951
0.425144
0.44350599999999996
0.46205999999999997
0.480914
0.500224
0.519794
0.539582
0.559735
0.579804
0.6004339999999999
0.6211730000000001
0.642236
0.663365
0.684692
0.7064509999999999
0.728357
0.7502770000000001
0.772387
0.79496
0.8175020000000001
0.840502
0.8633719999999999
0.887009
0.91047
0.934187
0.957951
0.9815699999999999
1.0075100000000001
1.03169
1.0557100000000001
1.0803900000000002

Vgs: 1.5
-0.000635205
0.00923173
0.0180122
0.0258311
0.032676199999999996
0.038507200000000005
0.043268
0.0469606
0.0496459
0.0514443
0.0525871
0.0533412
0.0539515
0.0545025
0.055027400000000004
0.0555267
0.0560154
0.056490000000000005
0.056966100000000006
0.057442799999999995
0.0580641
0.0593173
0.0623134
0.0674931
0.0743105
0.0821911
0.0908642
0.100184
0.110151
0.120687
0.131687
0.14319199999999999
0.15511100000000003
0.167458
0.180296
0.193461
0.206911
0.220945
0.23530900000000002
0.249983
0.26506
0.28048599999999996
0.296213
0.312266
0.328676
0.345292
0.362442
0.37964200000000003
0.397407
0.415234
0.433323
0.451935
0.470696
0.489649
0.508846
0.5284270000000001
0.548167
0.568219
0.58855
0.609133
0.6299870000000001
0.6509079999999999
0.6721280000000001
0.69366
0.715429
0.737377
0.759198
0.7815759999999999
0.804086
0.8269679999999999
0.849662
0.872781
0.8962129999999999
0.919478
0.943397
0.9670259999999999
0.991173
1.01684
1.04134
1.0655700000000001
1.0903200000000002

Vgs: 2.0
-0.0022093300000000002
0.0109502
0.0233603
0.035006499999999996
0.0459412
0.056114
0.0655284
0.07413550000000001
0.081894
0.0887222
0.0945865
0.0994949
0.103422
0.10641099999999999
0.108573
0.110074
0.111141
0.11200399999999999
0.112772
0.113477
0.114154
0.1148
0.115439
0.11604400000000001
0.116696
0.117484
0.119058
0.12290599999999999
0.12930799999999998
0.13759500000000002
0.146964
0.15748600000000001
0.168568
0.180304
0.192591
0.20546
0.218645
0.23236700000000002
0.24646500000000002
0.261014
0.275899
0.291242
0.30685
0.32281600000000005
0.339182
0.355776
0.372732
0.390086
0.40775700000000004
0.425619
0.44386000000000003
0.462255
0.480852
0.500042
0.519444
0.5388689999999999
0.558628
0.5787089999999999
0.599011
0.619565
0.6402289999999999
0.6611969999999999
0.682484
0.7039909999999999
0.7258720000000001
0.747939
0.769906
0.7924129999999999
0.814738
0.837372
0.8603299999999999
0.883544
0.906888
0.930311
0.954113
0.9778619999999999
1.00363
1.02782
1.05224
1.07642
1.10124

Vgs: 2.5
-0.00653225
0.00939499
0.0246435
0.0393964
0.053594100000000006
0.06720580000000001
0.0802232
0.0926672
0.10449900000000001
0.115589
0.125991
0.135637
0.144452
0.152409
0.159472
0.165603
0.170765
0.174993
0.1783
0.180784
0.182592
0.18396600000000002
0.185088
0.186057
0.18698
0.18783
0.188643
0.189425
0.19018
0.190963
0.191903
0.193728
0.198047
0.205441
0.214872
0.225724
0.237535
0.25015200000000004
0.26341
0.277276
0.291572
0.306425
0.32186200000000004
0.337472
0.353503
0.36984399999999995
0.38671700000000003
0.403729
0.42123099999999997
0.438857
0.456946
0.47534
0.493871
0.512837
0.532104
0.551466
0.571253
0.591385
0.6115400000000001
0.632034
0.6528149999999999
0.6737559999999999
0.695008
0.7164969999999999
0.738149
0.760084
0.782142
0.8043100000000001
0.826815
0.849533
0.872215
0.895353
0.918729
0.9419839999999999
0.965677
0.98964
1.0150700000000001
1.03929
1.06355
1.0878400000000001
1.11211

Vgs: 3.0
-0.013290699999999999
0.00444031
0.021671700000000002
0.038539
0.055189100000000005
0.0715668
0.0876918
0.103506
0.118827
0.133747
0.14804299999999998
0.161688
0.174658
0.186937
0.19842300000000002
0.209117
0.218997
0.22804
0.236203
0.243407
0.249676
0.25499099999999997
0.25941400000000003
0.262911
0.265661
0.26772900000000005
0.269355
0.270708
0.27187
0.272985
0.274007
0.274969
0.27590299999999995
0.276814
0.277733
0.278858
0.281059
0.285965
0.294111
0.30461000000000005
0.316525
0.32968400000000003
0.34342900000000004
0.35794499999999996
0.373061
0.388671
0.40485899999999997
0.421318
0.43817999999999996
0.45559700000000003
0.473333
0.491293
0.5097119999999999
0.5283650000000001
0.547347
0.5666249999999999
0.586135
0.6059439999999999
0.6259180000000001
0.64639
0.666959
0.687862
0.708916
0.7303350000000001
0.7517710000000001
0.773569
0.795608
0.817785
0.8401069999999999
0.862931
0.885764
0.908796
0.9318339999999999
0.955224
0.9788279999999999
1.00417
1.02803
1.0521
1.0762600000000002
1.1006099999999999
1.1250399999999998

Vgs: 3.5
-0.021852200000000002
-0.00268363
0.0159496
0.0344239
0.0531199
0.0714036
0.0896789
0.10779
0.12581699999999998
0.14325000000000002
0.16083699999999998
0.178407
0.19517800000000002
0.211422
0.22693
0.241676
0.2557
0.26894799999999996
0.28143
0.29308999999999996
0.303924
0.313823
0.322988
0.331206
0.33849
0.34483400000000003
0.350306
0.354822
0.3585
0.361397
0.363658
0.365492
0.367056
0.36843200000000004
0.369714
0.37089099999999997
0.372021
0.373098
0.37412300000000004
0.37517300000000003
0.376465
0.378817
0.384225
0.393228
0.404688
0.417648
0.431641
0.44660799999999995
0.462292
0.478392
0.49521099999999996
0.512441
0.530152
0.5481130000000001
0.5666840000000001
0.585445
0.60446
0.623956
0.6436909999999999
0.663809
0.684108
0.704716
0.725433
0.7465269999999999
0.767942
0.789577
0.811349
0.8333
0.855671
0.878121
0.900758
0.923551
0.946719
0.970114
0.993434
1.0186
1.04269
1.06642
1.09033
1.1146800000000001
1.13908

Vgs: 4.0
-0.0318513
-0.011627
0.00830853
0.0279187
0.0478026
0.0675601
0.0875502
0.107196
0.127149
0.147064
0.166871
0.186591
0.20607
0.225465
0.244339
0.262857
0.280963
0.298427
0.315106
0.33111399999999996
0.346308
0.360543
0.374012
0.386602
0.398374
0.40918299999999996
0.41917899999999997
0.428229
0.43639500000000003
0.443642
0.449963
0.455392
0.45991899999999997
0.46363
0.466615
0.46903500000000004
0.471024
0.472763
0.474304
0.475726
0.477052
0.478321
0.47951299999999997
0.480682
0.481849
0.483232
0.48579500000000003
0.49151999999999996
0.5010249999999999
0.5132169999999999
0.527124
0.5420050000000001
0.55782
0.574433
0.591903
0.609577
0.627745
0.646667
0.665876
0.68528
0.7050580000000001
0.7252820000000001
0.74559
0.766393
0.7875150000000001
0.8087920000000001
0.830226
0.851973
0.8739009999999999
0.896201
0.918621
0.941057
0.963962
0.9869430000000001
1.01188
1.03525
1.05892
1.0825500000000001
1.10673
1.1309099999999999
1.15517

Vgs: 4.5
-0.0440338
-0.0221988
-0.00147914
0.0193434
0.040367600000000003
0.0609706
0.0817879
0.10291800000000001
0.124434
0.145754
0.167348
0.188941
0.21073199999999997
0.23194099999999998
0.25298299999999996
0.274134
0.294963
0.31548200000000004
0.335691
0.355393
0.374579
0.393025
0.41104
0.428273
0.444668
0.460021
0.474499
0.48798
0.500543
0.512252
0.5230220000000001
0.532955
0.54193
0.5500309999999999
0.557194
0.563481
0.568835
0.573375
0.5771160000000001
0.580188
0.5826899999999999
0.584853
0.586714
0.588396
0.589981
0.591458
0.592834
0.59415
0.595452
0.596684
0.598161
0.600868
0.607011
0.617254
0.6304190000000001
0.645222
0.660951
0.6778580000000001
0.695129
0.713133
0.731833
0.750973
0.7705000000000001
0.790556
0.81086
0.8315450000000001
0.852501
0.873999
0.895497
0.917468
0.93951
0.961682
0.9842029999999999
1.00858
1.0316100000000001
1.05455
1.0779800000000002
1.1015000000000001
1.12524
1.14926
1.17347

Vgs: 5.0
-0.0559056
-0.0339972
-0.0123542
0.00926234
0.030823
0.052831100000000006
0.0749207
0.0972011
0.11943
0.142528
0.165276
0.188431
0.211356
0.234393
0.257187
0.280237
0.30304699999999996
0.32577300000000003
0.348302
0.370399
0.392217
0.413576
0.43477499999999997
0.45557200000000003
0.47595899999999997
0.495432
0.514611
0.532813
0.550068
0.566683
0.58213
0.596638
0.6101019999999999
0.622604
0.634177
0.6448750000000001
0.6545989999999999
0.663466
0.671368
0.6784169999999999
0.684461
0.689771
0.69421
0.697936
0.701031
0.703652
0.705875
0.707929
0.709752
0.711424
0.713013
0.714519
0.715943
0.717307
0.718676
0.720328
0.723336
0.72992
0.74049
0.754131
0.7692960000000001
0.785918
0.803509
0.821517
0.8404
0.859808
0.879549
0.900059
0.9209529999999999
0.942078
0.963225
0.9849380000000001
1.00869
1.03093
1.05347
1.07613
1.09917
1.1222599999999998
1.14573
1.16931
1.19322

Vgs: 5.5
-0.0683121
-0.0459538
-0.0238208
-0.00158476
0.0205054
0.043040800000000004
0.0658194
0.08926229999999999
0.112555
0.13644699999999998
0.16037
0.18500999999999998
0.209207
0.233487
0.257563
0.28246499999999997
0.30728
0.331373
0.35558999999999996
0.379806
0.403281
0.426847
0.450476
0.473622
0.49660199999999993
0.51894
0.5413250000000001
0.562785
0.583886
0.6044120000000001
0.6242
0.643309
0.6615749999999999
0.678986
0.695424
0.710784
0.725189
0.738533
0.7509250000000001
0.762375
0.772889
0.7825310000000001
0.791195
0.798957
0.805843
0.811835
0.8170010000000001
0.8214049999999999
0.825109
0.828244
0.830932
0.833248
0.8353240000000001
0.837245
0.839011
0.8406629999999999
0.842223
0.843757
0.845223
0.846734
0.8483769999999999
0.851347
0.858268
0.8694609999999999
0.8836809999999999
0.899715
0.916933
0.935051
0.953874
0.973328
0.9933690000000001
1.01554
1.03651
1.05795
1.07971
1.10178
1.1242299999999998
1.14697
1.16988
1.1929
1.2163899999999999

Vgs: 6.0
-0.081677
-0.0586972
-0.035960700000000005
-0.0130839
0.010454
0.033444800000000004
0.0570729
0.0811977
0.105832
0.130636
0.155505
0.180788
0.206193
0.231626
0.257319
0.28301299999999996
0.30946100000000004
0.335279
0.360812
0.38664
0.412199
0.438118
0.463625
0.488401
0.513192
0.537715
0.562106
0.5860620000000001
0.6099169999999999
0.63354
0.656248
0.678433
0.700107
0.72147
0.741914
0.761781
0.780772
0.79896
0.815988
0.832159
0.8471270000000001
0.86115
0.8740720000000001
0.8860709999999999
0.897295
0.907478
0.916799
0.925133
0.932627
0.939229
0.945005
0.9499839999999999
0.954291
0.957882
0.9610270000000001
0.9637060000000001
0.96608
0.968277
0.970261
0.972105
0.973866
0.975532
0.977131
0.9786790000000001
0.980215
0.9819869999999999
0.985099
0.9922500000000001
1.00518
1.01969
1.03604
1.0537400000000001
1.07242
1.0919
1.11213
1.13291
1.15417
1.1757499999999999
1.19794
1.22025
1.24289

Vgs: 6.5
-0.0956865
-0.0723588
-0.0489493
-0.0258091
-0.00260631
0.0208816
0.0452951
0.0697787
0.09502150000000001
0.12092299999999999
0.14634899999999998
0.17238099999999998
0.198965
0.22511899999999999
0.251763
0.27887700000000004
0.305788
0.332604
0.359992
0.386461
0.414359
0.440726
0.46694
0.49378599999999995
0.520294
0.546899
0.5729310000000001
0.599057
0.624712
0.650583
0.675709
0.700758
0.724966
0.749041
0.772802
0.795821
0.818331
0.840326
0.861694
0.882417
0.902082
0.921018
0.938886
0.95588
0.972099
0.987028
1.00256
1.01539
1.02724
1.03823
1.04825
1.0574
1.06555
1.0728199999999999
1.07927
1.08488
1.08975
1.0939299999999998
1.09752
1.10066
1.10322
1.10566
1.10796
1.11001
1.11191
1.1137899999999998
1.1155
1.1171600000000002
1.11879
1.12045
1.1223100000000001
1.12558
1.13292
1.14489
1.15994
1.17676
1.195
1.2141899999999999
1.2342099999999998
1.25485
1.27617

Vgs: 7.0
-0.110122
-0.08575920000000001
-0.061915700000000004
-0.0384376
-0.0144503
0.00959316
0.0346323
0.0600283
0.0855605
0.111412
0.138038
0.164632
0.191563
0.218806
0.24664100000000003
0.274364
0.302441
0.32962600000000003
0.358277
0.38655599999999996
0.414198
0.44203899999999996
0.47009500000000004
0.497573
0.526402
0.554095
0.581445
0.608741
0.636606
0.6645279999999999
0.6914100000000001
0.7180500000000001
0.744593
0.770709
0.796741
0.822372
0.847503
0.8721490000000001
0.896313
0.919915
0.943031
0.9655980000000001
0.98771
1.01052
1.03127
1.0509899999999999
1.0697599999999998
1.08736
1.1040699999999999
1.11973
1.13431
1.1479599999999999
1.16052
1.17205
1.18266
1.19225
1.20097
1.20881
1.21584
1.222
1.22736
1.23208
1.2361099999999998
1.23959
1.2427
1.24532
1.24778
1.25004
1.2521399999999998
1.2541200000000001
1.25599
1.25775
1.2594800000000002
1.2611700000000001
1.26283
1.26472
1.26761
1.2744900000000001
1.28672
1.30189
1.3192499999999998

Vgs: 7.5
-0.124917
-0.100845
-0.0764726
-0.0526078
-0.028031999999999998
-0.00345855
0.0217314
0.047754899999999996
0.0740764
0.100888
0.127641
0.154773
0.182506
0.210307
0.238651
0.267042
0.295504
0.324207
0.352885
0.382023
0.411134
0.44005900000000003
0.469897
0.49905999999999995
0.527873
0.556749
0.586059
0.615096
0.644169
0.6733979999999999
0.7016410000000001
0.73016
0.757608
0.78569
0.813301
0.841044
0.867498
0.894351
0.920745
0.947128
0.972957
0.9983
1.0244900000000001
1.04876
1.07277
1.0959999999999999
1.1185500000000002
1.1404699999999999
1.16177
1.18209
1.2017
1.22024
1.23754
1.25366
1.2690299999999999
1.28325
1.29653
1.30881
1.32009
1.3304099999999999
1.33978
1.3483200000000002
1.3558299999999999
1.36258
1.36856
1.3737199999999998
1.37823
1.3822
1.38561
1.38869
1.39138
1.3939
1.3961100000000002
1.39822
1.40021
1.4021400000000002
1.40403
1.40572
1.40733
1.40892
1.41076

Vgs: 8.0
-0.139393
-0.115202
-0.0909122
-0.06668779999999999
-0.042157799999999995
-0.0172665
0.008177789999999999
0.0338848
0.0600178
0.0873012
0.11484000000000001
0.142862
0.171235
0.19991599999999998
0.228714
0.25783799999999996
0.286848
0.316025
0.345603
0.375413
0.405424
0.434786
0.46425299999999997
0.494506
0.524761
0.554384
0.584455
0.614065
0.644439
0.674841
0.704143
0.73378
0.763543
0.793307
0.8222229999999999
0.8512609999999999
0.880126
0.9091490000000001
0.938059
0.966487
0.9937480000000001
1.0230000000000001
1.0498
1.0764
1.10274
1.12858
1.15441
1.17941
1.2037
1.2272100000000001
1.2504300000000002
1.2730000000000001
1.29512
1.31612
1.33617
1.3556
1.37371
1.3908099999999999
1.4067100000000001
1.42163
1.43548
1.44824
1.46002
1.47112
1.48111
1.49027
1.49842
1.50587
1.51231
1.51797
1.52297
1.5273400000000001
1.5311700000000001
1.53464
1.53766
1.54037
1.54276
1.54506
1.5472000000000001
1.5492299999999999
1.55116
