Vgs range: 0,8,0.5
Vds range: 0,8,0.1

Vgs: 0.0
-0.000124707
0.000275366
0.0005356289999999999
0.000758112
0.000985072
0.00123101
0.0015962300000000001
0.00244553
0.00396019
0.00592662
0.008172809999999999
0.0105417
0.0130268
0.0156368
0.018331200000000002
0.0211412
0.024144299999999997
0.0274791
0.031253
0.0355735
0.040491400000000004
0.045939799999999996
0.0520759
0.0588061
0.0660968
0.0739816
0.0823132
0.0911878
0.100604
0.110699
0.12112600000000001
0.13205899999999998
0.14344800000000002
0.155201
0.16739300000000001
0.180104
0.19281600000000002
0.206174
0.219983
0.234684
0.24923000000000003
0.26427
0.27963899999999997
0.295682
0.311802
0.328089
0.344878
0.361519
0.37835199999999997
0.396194
0.414272
0.432443
0.451129
0.469737
0.488692
0.50847
0.527945
0.5476399999999999
0.5672029999999999
0.587444
0.607894
0.6289600000000001
0.649848
0.671043
0.692522
0.714138
0.7362789999999999
0.758135
0.7811250000000001
0.803493
0.8262649999999999
0.849488
0.872987
0.896674
0.920746
0.9441360000000001
0.967807
0.992484
1.01878
1.0437
1.0689199999999999

Vgs: 0.5
-0.00011644599999999999
0.000434448
0.0007150009999999999
0.000945707
0.00117347
0.00140547
0.00163887
0.00186976
0.00210045
0.00234235
0.0026252299999999997
0.0031137599999999997
0.00423652
0.0061062500000000006
0.008571520000000001
0.0115898
0.0151468
0.0192485
0.0239284
0.0291486
0.034938000000000004
0.0412477
0.0481924
0.0555873
0.0636901
0.072199
0.08116
0.0904992
0.100482
0.11086
0.121692
0.132986
0.14473
0.156891
0.169437
0.18239999999999998
0.195708
0.209495
0.22357400000000002
0.238046
0.252933
0.268073
0.283661
0.299454
0.315471
0.332117
0.349004
0.366037
0.383521
0.401107
0.41918700000000003
0.437533
0.456168
0.47461
0.49355099999999996
0.512942
0.532559
0.552248
0.572651
0.59307
0.613785
0.635093
0.6562920000000001
0.678059
0.6996380000000001
0.721292
0.743379
0.765526
0.78788
0.8106730000000001
0.833928
0.856841
0.88001
0.903185
0.9267639999999999
0.950379
0.97428
0.9983360000000001
1.02444
1.04901
1.07372

Vgs: 1.0
-0.000221156
0.0050444
0.008912610000000001
0.011489
0.013064000000000001
0.0139199
0.014426199999999998
0.014825099999999999
0.0151939
0.015549200000000001
0.0158937
0.0162353
0.016567
0.0168949
0.0172337
0.0176739
0.018598
0.020862299999999997
0.0246706
0.0296347
0.035453
0.0419184
0.0490417
0.0565295
0.06473749999999999
0.0734823
0.08272230000000001
0.0924574
0.102772
0.113317
0.124399
0.135913
0.14787599999999998
0.160228
0.17302800000000002
0.186241
0.199709
0.213638
0.22791799999999998
0.242544
0.25747600000000004
0.272791
0.288466
0.304436
0.320826
0.337413
0.35446300000000003
0.37167100000000003
0.389194
0.40706
0.425131
0.443578
0.461962
0.480784
0.500139
0.519529
0.539348
0.559427
0.5796290000000001
0.600134
0.6208309999999999
0.641826
0.663182
0.684387
0.706523
0.7282989999999999
0.750424
0.7725650000000001
0.795007
0.8180839999999999
0.8410559999999999
0.8640100000000001
0.887324
0.910721
0.934782
0.9583849999999999
0.9821120000000001
1.0076399999999999
1.03199
1.0567300000000002
1.08128

Vgs: 1.5
-0.0007201099999999999
0.00914096
0.0179442
0.0257915
0.032654
0.038485899999999997
0.0432492
0.0469494
0.0496414
0.0514327
0.0525688
0.0533379
0.0539477
0.054497199999999996
0.0550191
0.055515300000000004
0.056005000000000006
0.0564804
0.056937
0.0574165
0.0580038
0.0592461
0.0623643
0.067678
0.0745946
0.0824933
0.0912406
0.100603
0.110521
0.120962
0.131865
0.143342
0.155189
0.167529
0.180286
0.19353
0.207026
0.221029
0.235275
0.24999100000000002
0.26499
0.28036
0.296095
0.312101
0.328473
0.34519500000000003
0.36209
0.379448
0.39716
0.415093
0.43321899999999997
0.451691
0.470453
0.489541
0.508959
0.528355
0.548218
0.5682830000000001
0.5885210000000001
0.6091030000000001
0.630108
0.6511750000000001
0.672336
0.693823
0.715437
0.737632
0.759673
0.782076
0.804605
0.827444
0.850094
0.8732329999999999
0.8964920000000001
0.9201199999999999
0.94386
0.9675130000000001
0.9915550000000001
1.01761
1.04138
1.0662200000000002
1.0910799999999998

Vgs: 2.0
-0.00194799
0.0111987
0.0235575
0.0351625
0.0460641
0.0562085
0.0656121
0.074201
0.0819088
0.088718
0.0945764
0.0994684
0.103394
0.106365
0.108538
0.11002600000000001
0.111087
0.111944
0.112711
0.11341
0.114091
0.114746
0.115375
0.115991
0.11660200000000001
0.117365
0.118866
0.12264599999999999
0.129251
0.137655
0.14716800000000002
0.157596
0.168614
0.180367
0.19258
0.205383
0.218568
0.232294
0.24639699999999998
0.260963
0.275852
0.291206
0.306849
0.322795
0.339144
0.355729
0.37272
0.39
0.40762600000000004
0.42555099999999996
0.443774
0.46224299999999996
0.481024
0.5001129999999999
0.519404
0.538833
0.558616
0.5787760000000001
0.59903
0.619677
0.6404200000000001
0.661547
0.682574
0.7041999999999999
0.726069
0.747961
0.770013
0.79236
0.814726
0.8373900000000001
0.860546
0.883919
0.907204
0.930578
0.9545600000000001
0.977956
1.00372
1.02765
1.0518999999999998
1.07647
1.10116

Vgs: 2.5
-0.00544473
0.0102345
0.025471
0.0399933
0.0540565
0.0676069
0.080586
0.0929509
0.10471000000000001
0.11577
0.126106
0.135706
0.14450300000000002
0.15244
0.159471
0.16556500000000002
0.17071799999999998
0.17493
0.17823399999999998
0.180727
0.182542
0.183899
0.185024
0.186006
0.186918
0.18775899999999998
0.18857300000000002
0.189354
0.190116
0.190882
0.191773
0.193548
0.19787400000000002
0.205266
0.214783
0.225713
0.23763399999999998
0.25041599999999997
0.263679
0.27749799999999997
0.29174300000000003
0.30662
0.321999
0.337536
0.35354800000000003
0.37009800000000004
0.38683100000000004
0.403827
0.421386
0.439114
0.457181
0.475528
0.494289
0.51318
0.532415
0.551933
0.571715
0.5917830000000001
0.611958
0.632397
0.653149
0.6740809999999999
0.695406
0.7167910000000001
0.738563
0.7603679999999999
0.7822830000000001
0.8047939999999999
0.827306
0.850012
0.872748
0.895806
0.919017
0.942306
0.9661160000000001
0.989546
1.0156
1.03955
1.06409
1.08836
1.1128799999999999

Vgs: 3.0
-0.0118458
0.0058943
0.0230495
0.039886899999999996
0.0564187
0.0726139
0.08853699999999999
0.10413
0.119006
0.13376300000000002
0.147989
0.161582
0.174489
0.186715
0.198264
0.209003
0.218893
0.227903
0.23604999999999998
0.24326099999999998
0.24957400000000002
0.25488000000000005
0.25930000000000003
0.262851
0.265596
0.267659
0.269274
0.27063
0.271818
0.272908
0.273931
0.27490000000000003
0.275835
0.276729
0.277601
0.27864099999999997
0.28075399999999995
0.285931
0.294396
0.305136
0.317223
0.33029400000000003
0.344194
0.358683
0.373799
0.389362
0.405448
0.42184900000000003
0.43876800000000005
0.456077
0.47378600000000004
0.49180999999999997
0.510339
0.528798
0.547766
0.567041
0.586656
0.606464
0.626501
0.646919
0.667416
0.688402
0.709572
0.7309709999999999
0.7524059999999999
0.774112
0.796138
0.8183469999999999
0.8407479999999999
0.863548
0.886339
0.9093690000000001
0.9322010000000001
0.955591
0.9793950000000001
1.0047599999999999
1.0286
1.05247
1.07677
1.1010900000000001
1.1256300000000001

Vgs: 3.5
-0.020102599999999998
-0.000312421
0.0183254
0.036819000000000005
0.0551731
0.0734183
0.0916231
0.109617
0.127507
0.145212
0.162598
0.17956999999999998
0.19612500000000002
0.21218800000000002
0.227515
0.24224199999999999
0.25621
0.269434
0.281858
0.2934
0.304186
0.314026
0.323123
0.331274
0.338538
0.344851
0.350259
0.354756
0.358402
0.36130199999999996
0.363556
0.36538899999999996
0.36694
0.368339
0.369578
0.370774
0.371892
0.37296999999999997
0.37400999999999995
0.375045
0.376245
0.37845
0.383731
0.39290800000000004
0.404679
0.417854
0.432019
0.446947
0.462709
0.47898599999999997
0.49576899999999996
0.513051
0.5309740000000001
0.5489400000000001
0.567378
0.58607
0.60517
0.624658
0.644406
0.6644100000000001
0.684659
0.70536
0.726121
0.7472639999999999
0.768572
0.790207
0.812087
0.8340879999999999
0.8565480000000001
0.879043
0.901591
0.924407
0.947296
0.9705290000000001
0.994165
1.01929
1.04329
1.0669799999999998
1.09921
1.1208500000000001
1.14493

Vgs: 4.0
-0.0293445
-0.00924902
0.0104464
0.0300396
0.0493416
0.0689524
0.088655
0.108915
0.129128
0.14897
0.168754
0.18834700000000001
0.20781
0.226954
0.24579199999999998
0.26416
0.282017
0.299321
0.31587
0.331607
0.346618
0.360771
0.374156
0.38662199999999997
0.39825499999999997
0.409057
0.41901299999999997
0.42806
0.43620200000000003
0.44346
0.44976
0.455186
0.45972
0.46343
0.46643599999999996
0.46885299999999996
0.470849
0.472586
0.474122
0.47555200000000003
0.476874
0.478128
0.479355
0.48050000000000004
0.481686
0.48298599999999997
0.485481
0.49140200000000006
0.501433
0.513835
0.528103
0.543222
0.559233
0.575797
0.593123
0.6107410000000001
0.628897
0.647518
0.6668120000000001
0.686293
0.7060270000000001
0.7260139999999999
0.746446
0.767149
0.788092
0.809705
0.831127
0.852916
0.874865
0.897132
0.919415
0.9420649999999999
0.964919
0.9880220000000001
1.01244
1.0358800000000001
1.05952
1.0831899999999999
1.1071
1.13159
1.1561

Vgs: 4.5
-0.0406641
-0.019666100000000002
0.0011829
0.021911499999999997
0.042635
0.06350030000000001
0.0844596
0.105726
0.12716999999999998
0.14860099999999998
0.169983
0.191418
0.212411
0.23379
0.25491199999999997
0.27592
0.296423
0.316813
0.336803
0.35774
0.376909
0.394985
0.412752
0.42946100000000004
0.44559299999999996
0.46074499999999996
0.47509
0.488479
0.500915
0.5124949999999999
0.523212
0.533085
0.5419999999999999
0.550053
0.557167
0.563399
0.568693
0.5732050000000001
0.57694
0.579998
0.5825
0.584641
0.586516
0.58819
0.589722
0.5911869999999999
0.592564
0.593871
0.595154
0.596425
0.597895
0.6005360000000001
0.606976
0.617468
0.630648
0.645335
0.661033
0.677873
0.695504
0.7136589999999999
0.732248
0.7513799999999999
0.771065
0.790806
0.8110040000000001
0.8318979999999999
0.852758
0.8739979999999999
0.895831
0.917616
0.939404
0.961419
0.984141
1.00836
1.0314
1.05452
1.07788
1.1016000000000001
1.12547
1.14948
1.1733900000000002

Vgs: 5.0
-0.0532129
-0.031448500000000004
-0.00983885
0.0115616
0.033309000000000005
0.0551216
0.07716379999999999
0.0993831
0.12213799999999998
0.144917
0.167785
0.190938
0.21416800000000003
0.237213
0.260886
0.28398399999999996
0.30675800000000003
0.32815999999999995
0.350626
0.37307300000000004
0.395258
0.416342
0.437328
0.457741
0.47772800000000004
0.497036
0.515527
0.533285
0.550542
0.5667409999999999
0.581893
0.59647
0.610032
0.622507
0.634007
0.6446839999999999
0.654362
0.663246
0.671135
0.678164
0.6842550000000001
0.689511
0.693939
0.697632
0.700739
0.703332
0.705543
0.70757
0.70939
0.7110620000000001
0.712643
0.714128
0.715553
0.716921
0.718298
0.719837
0.722657
0.729268
0.740157
0.7538860000000001
0.7693930000000001
0.786071
0.803812
0.8220770000000001
0.840942
0.860376
0.880149
0.9004329999999999
0.921113
0.942137
0.9635050000000001
0.9851250000000001
1.00895
1.03118
1.0537400000000001
1.07636
1.0995
1.12272
1.14605
1.1696
1.19341

Vgs: 5.5
-0.0659888
-0.0437434
-0.0214085
0.000728616
0.023098100000000003
0.0455805
0.0685442
0.0917076
0.115331
0.13914200000000002
0.163299
0.18745599999999998
0.211772
0.236226
0.2609
0.28535000000000005
0.309868
0.334234
0.35846100000000003
0.382528
0.406533
0.429981
0.45301800000000003
0.475581
0.49819100000000005
0.5205350000000001
0.542462
0.5637570000000001
0.584589
0.6048870000000001
0.624351
0.643307
0.661272
0.6784990000000001
0.69454
0.710022
0.7245010000000001
0.738031
0.7504620000000001
0.762042
0.7726379999999999
0.782221
0.790893
0.798622
0.8055059999999999
0.811458
0.816619
0.820961
0.824668
0.827795
0.830511
0.832822
0.834897
0.836709
0.8385279999999999
0.840212
0.841766
0.8432879999999999
0.84476
0.8461719999999999
0.847861
0.850938
0.8579669999999999
0.869556
0.883912
0.8999980000000001
0.917375
0.9356829999999999
0.954425
0.97385
0.993959
1.0159
1.03678
1.0581200000000002
1.07999
1.10175
1.1241
1.1466200000000002
1.1695
1.19269
1.2159499999999999

Vgs: 6.0
-0.0797345
-0.056696500000000004
-0.0341073
-0.0116037
0.011223799999999999
0.0346736
0.0581978
0.0824411
0.106808
0.13177999999999998
0.156742
0.18188
0.207295
0.233095
0.258793
0.28463700000000003
0.31030100000000005
0.336041
0.361819
0.387535
0.413002
0.438522
0.46407099999999996
0.48900899999999997
0.513706
0.538307
0.562793
0.586711
0.610189
0.63358
0.656369
0.678326
0.700126
0.721091
0.741491
0.761044
0.7798189999999999
0.7978500000000001
0.8151029999999999
0.8311310000000001
0.8462810000000001
0.8604259999999999
0.873509
0.885637
0.896752
0.906944
0.916293
0.924685
0.9321750000000001
0.938775
0.944563
0.9495169999999999
0.95378
0.957413
0.960515
0.96321
0.965603
0.967784
0.969749
0.971598
0.973349
0.975024
0.976616
0.9781679999999999
0.9796860000000001
0.981327
0.9842780000000001
0.9914590000000001
1.0047700000000002
1.01967
1.0363
1.0542500000000001
1.07321
1.0926799999999999
1.11304
1.13359
1.15484
1.17638
1.1983
1.22057
1.24321

Vgs: 6.5
-0.0938363
-0.0703469
-0.0469567
-0.0236619
-0.000148028
0.0236861
0.0479145
0.07281140000000001
0.0977675
0.12365
0.14912399999999998
0.175206
0.201567
0.228135
0.254873
0.28159300000000004
0.30863
0.335782
0.362715
0.390059
0.417041
0.443595
0.470767
0.49770499999999995
0.524294
0.550821
0.577263
0.603193
0.629242
0.654578
0.679561
0.70424
0.728716
0.752748
0.776139
0.799059
0.8214020000000001
0.843075
0.8639640000000001
0.884298
0.903724
0.922406
0.9400930000000001
0.95683
0.97266
0.9874479999999999
1.00302
1.01577
1.02755
1.0383600000000002
1.04824
1.05721
1.0653299999999999
1.07251
1.07891
1.08449
1.08932
1.09345
1.09703
1.10007
1.1028
1.10521
1.10745
1.10948
1.11144
1.1132799999999998
1.11501
1.1166399999999999
1.1182500000000002
1.11983
1.12154
1.12451
1.13174
1.14378
1.15906
1.17625
1.1946299999999999
1.21384
1.23407
1.25466
1.27576

Vgs: 7.0
-0.107867
-0.0837188
-0.0605283
-0.0369282
-0.0128606
0.011278400000000001
0.036114
0.0610032
0.0864144
0.11277699999999999
0.139095
0.165652
0.192695
0.220053
0.24744300000000002
0.275675
0.303365
0.330808
0.358771
0.38662599999999997
0.41489
0.44304400000000005
0.471011
0.499337
0.527369
0.555508
0.58305
0.610759
0.638291
0.665824
0.692813
0.7196
0.7462369999999999
0.7724690000000001
0.7981050000000001
0.8235239999999999
0.8484919999999999
0.8732030000000001
0.897202
0.920947
0.943845
0.966557
0.9884189999999999
1.0113100000000002
1.03163
1.0510599999999999
1.06974
1.0874000000000001
1.1039299999999999
1.11943
1.13411
1.1476
1.16019
1.17174
1.1822899999999998
1.19184
1.20045
1.20823
1.21517
1.22125
1.22658
1.23128
1.2353699999999999
1.23887
1.2419200000000001
1.24467
1.24719
1.24942
1.2514699999999999
1.25343
1.2553
1.25709
1.2588199999999998
1.26047
1.26211
1.26388
1.2670400000000002
1.2745499999999998
1.28704
1.30254
1.31977

Vgs: 7.5
-0.122968
-0.0988415
-0.0748922
-0.050986399999999994
-0.0270338
-0.00262367
0.0226512
0.048161600000000006
0.0740712
0.10058199999999999
0.127181
0.154757
0.18273
0.210809
0.23893499999999998
0.266943
0.295353
0.323991
0.352616
0.381536
0.410194
0.438976
0.468281
0.496971
0.5262049999999999
0.555271
0.584408
0.613343
0.6425479999999999
0.671156
0.699239
0.727833
0.75608
0.784096
0.8120539999999999
0.839642
0.866823
0.893851
0.920985
0.946352
0.9724170000000001
0.9977950000000001
1.02393
1.0484
1.07237
1.0954199999999998
1.1181999999999999
1.1402999999999999
1.16148
1.1821100000000002
1.20154
1.2201600000000001
1.23759
1.25399
1.26944
1.28368
1.29683
1.30889
1.32009
1.3303200000000002
1.33952
1.3478999999999999
1.35542
1.3620800000000002
1.36791
1.37299
1.3774499999999998
1.38137
1.38476
1.3878199999999998
1.39049
1.39295
1.39523
1.3973099999999998
1.3993499999999999
1.4012099999999998
1.40313
1.40485
1.40649
1.40816
1.40997

Vgs: 8.0
-0.138361
-0.11372700000000001
-0.08967280000000001
-0.06544169999999999
-0.0407499
-0.0157766
0.00930749
0.0355561
0.061748599999999994
0.0888796
0.116124
0.143924
0.171818
0.200324
0.228577
0.25734599999999996
0.286073
0.315289
0.34476599999999996
0.374135
0.403431
0.433175
0.46301699999999996
0.492907
0.522443
0.552616
0.582534
0.612278
0.6425730000000001
0.672251
0.702155
0.731737
0.761022
0.790639
0.8199270000000001
0.8488
0.8772559999999999
0.905919
0.93479
0.963143
0.9910730000000001
1.0199
1.04711
1.0742399999999999
1.1006099999999999
1.12673
1.15227
1.1772799999999999
1.2018499999999999
1.22587
1.24932
1.27201
1.29408
1.3152000000000001
1.33548
1.35457
1.3727800000000001
1.38991
1.40609
1.4212300000000002
1.43532
1.4483899999999998
1.4602899999999999
1.47121
1.4811699999999999
1.49021
1.49826
1.5054999999999998
1.51165
1.5173400000000001
1.5223
1.5266
1.53044
1.53377
1.5367600000000001
1.5394899999999998
1.5419800000000001
1.54426
1.54637
1.54842
1.5504
