Vgs range: 0,8,0.5
Vds range: 0,8,0.1

Vgs: 0.0
-0.00012978799999999998
0.000274635
0.0005338119999999999
0.000758137
0.000984835
0.00123172
0.00161762
0.00249284
0.00404009
0.006021060000000001
0.00823929
0.0105923
0.0130834
0.0156639
0.018346400000000002
0.0211444
0.0241355
0.027458899999999998
0.0312563
0.0355607
0.040461199999999996
0.045906999999999996
0.052020500000000004
0.0587061
0.0660192
0.07381510000000001
0.0822526
0.0912219
0.100585
0.110597
0.120982
0.13178600000000001
0.143144
0.154923
0.16708900000000002
0.179829
0.192765
0.206077
0.21992
0.234069
0.24853199999999998
0.263885
0.279072
0.294762
0.310724
0.326857
0.34356600000000004
0.36059800000000003
0.377974
0.395557
0.41321599999999997
0.43153
0.45051899999999995
0.469087
0.488134
0.506997
0.526552
0.546562
0.5667289999999999
0.587169
0.608274
0.629015
0.649932
0.6714289999999999
0.693296
0.714972
0.736592
0.7588280000000001
0.780888
0.803916
0.826469
0.8494079999999999
0.8724810000000001
0.896167
0.919831
0.943961
0.96865
0.9929800000000001
1.0188300000000001
1.04353
1.06815

Vgs: 0.5
-0.00011758899999999999
0.00043334900000000003
0.0007148580000000001
0.0009458390000000001
0.00117316
0.0014031
0.00163565
0.00186804
0.00209946
0.00233688
0.0026079500000000004
0.0030915
0.0041953500000000005
0.00608668
0.00861458
0.011666300000000001
0.015242
0.019375899999999998
0.0240637
0.029299199999999997
0.0350825
0.0413832
0.0483221
0.0557434
0.0637133
0.072159
0.0811877
0.0905734
0.100529
0.11095
0.12185599999999999
0.133075
0.144719
0.156904
0.16939900000000002
0.182388
0.195706
0.20957199999999998
0.223633
0.238082
0.252702
0.267739
0.283038
0.298795
0.314942
0.331453
0.348223
0.36523700000000003
0.382713
0.40018200000000004
0.418024
0.436367
0.45505300000000004
0.473966
0.492929
0.512234
0.531977
0.55184
0.5717909999999999
0.5922329999999999
0.6129560000000001
0.6338
0.6551629999999999
0.6764899999999999
0.6980299999999999
0.720175
0.7421220000000001
0.764267
0.785929
0.808662
0.831806
0.854579
0.877568
0.901179
0.924632
0.9488409999999999
0.9728910000000001
0.9971419999999999
1.0225
1.04718
1.07204

Vgs: 1.0
-0.00020008500000000002
0.00505731
0.00892049
0.011496500000000002
0.0130661
0.0139215
0.014424699999999999
0.014820199999999999
0.0151886
0.0155429
0.0158865
0.0162324
0.0165669
0.0168963
0.0172374
0.0176551
0.0185392
0.020806400000000003
0.0246782
0.0297302
0.0353848
0.0419386
0.0491809
0.056895499999999995
0.06510360000000001
0.07380640000000001
0.0830308
0.0927211
0.102667
0.113289
0.124359
0.135874
0.147808
0.160148
0.172911
0.18604400000000001
0.199545
0.213449
0.227636
0.24225
0.25711
0.272412
0.288054
0.303918
0.320075
0.336609
0.353655
0.370803
0.38815
0.405976
0.424175
0.442731
0.46138199999999996
0.480356
0.499545
0.5189819999999999
0.538722
0.5587329999999999
0.5789610000000001
0.5995590000000001
0.62008
0.6411910000000001
0.66223
0.683826
0.7052719999999999
0.72721
0.749352
0.7713880000000001
0.793766
0.816557
0.83951
0.8627549999999999
0.885858
0.9094409999999999
0.933082
0.956686
0.9807889999999999
1.00696
1.03055
1.05441
1.07915

Vgs: 1.5
-0.000832105
0.00904831
0.0178639
0.025726699999999998
0.0326007
0.0384471
0.0432185
0.0469259
0.049610100000000004
0.0514067
0.0525426
0.053304199999999996
0.0539107
0.0544532
0.054979099999999996
0.0554845
0.0559631
0.056432199999999995
0.056897
0.0573806
0.0579569
0.059156900000000005
0.0623237
0.0677352
0.0747063
0.08266380000000001
0.0913948
0.100735
0.110568
0.121016
0.132001
0.143418
0.155218
0.167482
0.180231
0.193413
0.206873
0.22079200000000002
0.235045
0.24967400000000003
0.264602
0.280014
0.29573099999999997
0.31157199999999996
0.328025
0.34459300000000004
0.361523
0.378681
0.396373
0.414067
0.43218
0.450689
0.469272
0.48821200000000003
0.507596
0.5270859999999999
0.5467449999999999
0.566673
0.586832
0.607383
0.6278940000000001
0.649047
0.670308
0.6918529999999999
0.7135009999999999
0.735423
0.75736
0.779672
0.802133
0.8246910000000001
0.847685
0.870831
0.894135
0.917561
0.941165
0.964658
0.988809
1.0145899999999999
1.03881
1.06317
1.08816

Vgs: 2.0
-0.00230293
0.0108658
0.0232625
0.0349243
0.045865300000000005
0.0560496
0.065465
0.07406950000000001
0.08181179999999999
0.08863209999999999
0.094514
0.09942309999999999
0.103356
0.106341
0.1085
0.10998100000000001
0.111056
0.111937
0.112696
0.1134
0.114072
0.114707
0.115344
0.115955
0.116569
0.117312
0.11877299999999999
0.12245999999999999
0.128866
0.137255
0.146843
0.15738
0.168534
0.180294
0.192498
0.205319
0.2185
0.23217600000000002
0.246258
0.26071599999999995
0.27547900000000003
0.290757
0.306278
0.322237
0.338573
0.35508
0.37205499999999997
0.389238
0.406727
0.424537
0.442753
0.46112600000000004
0.479955
0.498844
0.518446
0.5378040000000001
0.557559
0.5775440000000001
0.597464
0.6180960000000001
0.6386809999999999
0.65984
0.681275
0.702699
0.724427
0.7462719999999999
0.768366
0.7907259999999999
0.8130900000000001
0.8357389999999999
0.858707
0.8822180000000001
0.905335
0.928713
0.952409
0.975809
0.9997269999999999
1.02559
1.05007
1.07467
1.0987200000000001

Vgs: 2.5
-0.00624689
0.00954371
0.0246918
0.039273300000000004
0.053458599999999995
0.0669506
0.080013
0.09248329999999999
0.104299
0.115447
0.12587199999999998
0.135523
0.144342
0.152301
0.159348
0.165464
0.17064900000000002
0.174875
0.178193
0.180672
0.18249100000000001
0.183855
0.184979
0.18596
0.186866
0.187711
0.18853199999999998
0.189303
0.19006399999999998
0.190841
0.191734
0.193537
0.198016
0.205686
0.215488
0.226578
0.238742
0.251408
0.264773
0.2787
0.29299699999999995
0.307905
0.323177
0.33881500000000003
0.354848
0.371244
0.38804900000000003
0.40514300000000003
0.422684
0.440529
0.45877
0.477085
0.495928
0.5144340000000001
0.533986
0.553579
0.573329
0.5936990000000001
0.6135039999999999
0.634197
0.655022
0.676073
0.697375
0.719
0.740461
0.7622939999999999
0.784049
0.806154
0.8286749999999999
0.85122
0.874093
0.896727
0.919956
0.9435650000000001
0.966684
0.9900359999999999
1.01567
1.0396699999999999
1.06389
1.08811
1.11266

Vgs: 3.0
-0.0123525
0.00538149
0.022855599999999997
0.0395599
0.0553288
0.06960809999999999
0.0809053
0.084233
0.086357
0.113888
0.120814
0.11978
0.115738
0.126607
0.131187
0.148549
0.110248
0.17341
0.138845
0.140459
0.152413
0.15732300000000002
0.171816
0.18384799999999998
0.196537
0.20910800000000002
0.22256
0.235035
0.248984
0.261223
0.272995
0.284904
0.297514
0.311639
0.326054
0.34087
0.357937
0.372284
0.386887
0.403935
0.420964
0.443091
0.457409
0.47936
0.492165
0.5067109999999999
0.522726
0.539453
0.556783
0.57221
0.605624
0.59914
0.5351159999999999
0.5774509999999999
0.570932
0.5863109999999999
0.604956
0.623202
0.645299
0.667463
0.68667
0.7142090000000001
0.7302139999999999
0.750105
0.773492
0.794268
0.8152050000000001
0.8385750000000001
0.85849
0.882212
0.9039119999999999
0.926876
0.949178
0.9732729999999999
0.996429
1.02071
1.04607
1.0690000000000002
1.09314
1.1148099999999999
1.14004

Vgs: 3.5
-0.0194311
-0.00084896
0.0175109
0.0356171
0.0537631
0.0717807
0.08976269999999999
0.107622
0.12537900000000002
0.14296799999999998
0.16039599999999998
0.17743199999999998
0.19414399999999998
0.210342
0.22588799999999998
0.24074099999999998
0.254905
0.26834800000000003
0.280908
0.292638
0.303552
0.31351300000000004
0.322682
0.33093
0.33824099999999996
0.344599
0.35005000000000003
0.35456099999999996
0.358229
0.36111299999999996
0.363394
0.36521
0.366766
0.368164
0.369419
0.370641
0.37173
0.37282899999999997
0.373873
0.374899
0.376121
0.378464
0.384282
0.39388999999999996
0.406115
0.41975999999999997
0.434411
0.449849
0.46599999999999997
0.482559
0.49961199999999995
0.517153
0.535289
0.5536220000000001
0.572226
0.591286
0.610808
0.6304630000000001
0.650409
0.67071
0.6910459999999999
0.711711
0.732799
0.754103
0.7755719999999999
0.797615
0.8207899999999999
0.842546
0.863961
0.886311
0.909939
0.934363
0.958055
0.9814809999999999
1.00581
1.03001
1.0532199999999998
1.07921
1.1030300000000002
1.12724
1.15199

Vgs: 4.0
-0.0278342
-0.00832238
0.0111456
0.030068599999999997
0.0490928
0.0683787
0.08768100000000001
0.107229
0.126764
0.146542
0.16604400000000002
0.18551
0.204902
0.224174
0.24287899999999998
0.261223
0.279251
0.296638
0.313458
0.32954700000000003
0.34479600000000005
0.359137
0.372826
0.385544
0.397408
0.40837700000000005
0.41843
0.427597
0.43582499999999996
0.443152
0.449501
0.454947
0.459493
0.463236
0.466225
0.468646
0.470668
0.472385
0.47394499999999995
0.475335
0.476666
0.477915
0.47912299999999997
0.480266
0.481448
0.482776
0.485385
0.49161699999999997
0.5020600000000001
0.514967
0.529622
0.545052
0.561848
0.578968
0.596631
0.6147229999999999
0.633297
0.65262
0.671734
0.6915359999999999
0.7112620000000001
0.7316020000000001
0.7528440000000001
0.773688
0.7945829999999999
0.816063
0.837324
0.85971
0.8817849999999999
0.904063
0.926664
0.9499639999999999
0.972405
0.995437
1.0193999999999999
1.04304
1.06789
1.0917
1.11599
1.14036
1.1654

Vgs: 4.5
-0.039456000000000005
-0.0186458
0.00182278
0.0223522
0.042636
0.0631497
0.0835524
0.10444099999999999
0.125519
0.14674800000000002
0.16807899999999998
0.189385
0.210674
0.2317
0.252699
0.273282
0.29395499999999997
0.314397
0.334348
0.353958
0.373014
0.391352
0.409161
0.426303
0.44277500000000003
0.45832
0.47296900000000003
0.486468
0.49926099999999995
0.511169
0.522088
0.532122
0.5411590000000001
0.549309
0.5565249999999999
0.562856
0.568262
0.572806
0.576573
0.5796399999999999
0.582154
0.5842430000000001
0.586112
0.587796
0.589345
0.590796
0.592195
0.5935590000000001
0.59484
0.596065
0.5975140000000001
0.600312
0.606959
0.6179749999999999
0.631729
0.647219
0.663774
0.68086
0.698957
0.717094
0.73567
0.755081
0.774524
0.79505
0.815777
0.836647
0.85754
0.879018
0.900761
0.922884
0.9450879999999999
0.96697
0.989142
1.0135
1.03684
1.0603500000000001
1.0841399999999999
1.10797
1.13198
1.156
1.18038

Vgs: 5.0
-0.0506481
-0.029158200000000002
-0.00762818
0.013312000000000001
0.034254400000000004
0.055439100000000005
0.0772612
0.0991278
0.121409
0.143745
0.166206
0.18903999999999999
0.21188700000000002
0.23463900000000001
0.257667
0.28041
0.303029
0.325289
0.347505
0.36970200000000003
0.391595
0.412715
0.434068
0.454674
0.474892
0.494496
0.513408
0.5316500000000001
0.548985
0.5655429999999999
0.5808789999999999
0.595529
0.608918
0.621509
0.633211
0.644064
0.6538670000000001
0.662731
0.670682
0.677696
0.6838420000000001
0.689118
0.6936019999999999
0.697341
0.700467
0.703033
0.705268
0.707226
0.709129
0.710831
0.7123900000000001
0.7138789999999999
0.715268
0.7166129999999999
0.717944
0.71947
0.722373
0.729267
0.740571
0.754746
0.7705649999999999
0.7876470000000001
0.805657
0.824276
0.843433
0.863342
0.8835
0.904308
0.924858
0.9463349999999999
0.9676170000000001
0.989429
1.0135299999999998
1.0358800000000001
1.0585
1.0811600000000001
1.10463
1.12833
1.1516600000000001
1.17516
1.19907

Vgs: 5.5
-0.0631895
-0.0412686
-0.019369599999999997
0.0025348899999999997
0.0241069
0.0462253
0.0688079
0.0918617
0.11523699999999999
0.138555
0.16204
0.185813
0.20999500000000001
0.233944
0.258121
0.282325
0.30663199999999996
0.330696
0.354711
0.378412
0.402143
0.42538899999999996
0.448758
0.47195899999999996
0.494864
0.517186
0.539321
0.56088
0.581912
0.602289
0.622057
0.641298
0.6595960000000001
0.677077
0.69364
0.709411
0.723897
0.737415
0.750001
0.761571
0.772107
0.781721
0.790392
0.798123
0.804999
0.810988
0.816247
0.820616
0.8243229999999999
0.827434
0.83011
0.8324199999999999
0.834511
0.836399
0.838176
0.839837
0.841413
0.842942
0.844355
0.845838
0.84749
0.850616
0.8578680000000001
0.869565
0.8841720000000001
0.900674
0.9183070000000001
0.936944
0.9562309999999999
0.976267
0.996584
1.01916
1.04037
1.0622800000000001
1.08418
1.10586
1.1289200000000001
1.15182
1.17502
1.19848
1.22193

Vgs: 6.0
-0.07423030000000001
-0.0518695
-0.029745499999999998
-0.00773502
0.015106099999999999
0.037691999999999996
0.060664800000000005
0.0844555
0.108324
0.13239
0.156889
0.181499
0.20646799999999998
0.231712
0.257105
0.282578
0.307987
0.333493
0.358787
0.384115
0.409174
0.43411
0.459221
0.484017
0.508783
0.533529
0.55757
0.581659
0.605355
0.6287140000000001
0.651444
0.673741
0.695677
0.716938
0.737727
0.75766
0.7768090000000001
0.7950299999999999
0.812388
0.828994
0.844287
0.8587
0.871951
0.884357
0.895754
0.906135
0.9155530000000001
0.923991
0.931577
0.9382280000000001
0.9440679999999999
0.949094
0.953371
0.95704
0.9601580000000001
0.962841
0.96526
0.967399
0.96937
0.971221
0.9729749999999999
0.974684
0.97627
0.9778079999999999
0.979291
0.980909
0.9839849999999999
0.9914080000000001
1.00519
1.02053
1.0377699999999999
1.05599
1.0751899999999999
1.0950300000000002
1.11556
1.13638
1.15807
1.1799899999999999
1.20238
1.2248599999999998
1.24799

Vgs: 6.5
-0.0877879
-0.0649688
-0.0423436
-0.0192579
0.00406828
0.027257200000000002
0.0513918
0.07545310000000001
0.10063100000000001
0.125664
0.151121
0.17660700000000001
0.202392
0.228493
0.254415
0.280694
0.30731200000000003
0.334042
0.360793
0.38738
0.414264
0.440722
0.467123
0.49371099999999996
0.5198750000000001
0.546209
0.572261
0.5984780000000001
0.623827
0.6492960000000001
0.674102
0.699083
0.7234919999999999
0.7477020000000001
0.771366
0.7945540000000001
0.817051
0.839251
0.8604080000000001
0.880907
0.900614
0.919834
0.937777
0.954962
0.971001
0.9860990000000001
1.00171
1.01466
1.02667
1.0376400000000001
1.04765
1.0566200000000001
1.06478
1.0720599999999998
1.07844
1.08405
1.08889
1.09309
1.0967
1.0997
1.1023999999999998
1.10483
1.10706
1.1091199999999999
1.1110200000000001
1.11278
1.11457
1.1162800000000002
1.11783
1.1194
1.12112
1.12411
1.1315400000000002
1.14395
1.15951
1.1770699999999998
1.196
1.21567
1.23691
1.25851
1.27999

Vgs: 7.0
-0.108999
-0.08517860000000001
-0.061550999999999995
-0.037926499999999995
-0.014169699999999999
0.0107297
0.035500899999999995
0.0604747
0.08659130000000001
0.11223
0.138763
0.165725
0.192303
0.219572
0.24683700000000003
0.274574
0.30229
0.330736
0.358759
0.386565
0.414559
0.442319
0.470691
0.498638
0.526802
0.55423
0.582105
0.6098
0.6373960000000001
0.664795
0.691813
0.718633
0.745199
0.7716729999999999
0.797246
0.822997
0.847626
0.872485
0.896729
0.920497
0.94368
0.966404
0.9883660000000001
1.01095
1.03148
1.0510199999999998
1.06957
1.08701
1.10366
1.1193799999999998
1.13388
1.1473099999999998
1.15964
1.17109
1.18171
1.19123
1.19989
1.2077200000000001
1.21462
1.22079
1.22614
1.23083
1.23485
1.23833
1.2414399999999999
1.2441200000000001
1.24661
1.24888
1.2509400000000002
1.25289
1.25478
1.2565600000000001
1.25825
1.2598799999999999
1.26149
1.2631400000000002
1.26635
1.2737
1.28622
1.30177
1.3192

Vgs: 7.5
-0.123907
-0.09958
-0.0755951
-0.0517136
-0.0269088
-0.0024633100000000002
0.022976399999999998
0.0482026
0.074696
0.101259
0.12822
0.1556
0.18322100000000002
0.21096499999999999
0.23976999999999998
0.268206
0.296433
0.324855
0.353578
0.382793
0.411598
0.4404
0.469165
0.49832800000000005
0.527552
0.556741
0.585593
0.61449
0.643325
0.672272
0.700834
0.729216
0.757532
0.7856230000000001
0.8135100000000001
0.8411850000000001
0.8682880000000001
0.8951849999999999
0.921602
0.947828
0.973751
0.99911
1.02549
1.04974
1.07355
1.0966
1.1194
1.1408900000000002
1.16173
1.18219
1.20159
1.21977
1.23723
1.25341
1.2687
1.28294
1.29605
1.30825
1.3193300000000001
1.32955
1.33882
1.34721
1.35467
1.3613600000000001
1.36727
1.3723800000000002
1.37687
1.38079
1.3841999999999999
1.38719
1.38989
1.39238
1.39459
1.39673
1.39873
1.40065
1.40241
1.40417
1.40593
1.40754
1.40934

Vgs: 8.0
-0.13884999999999997
-0.114356
-0.08950949999999999
-0.0655299
-0.0406966
-0.0158523
0.00974644
0.035963
0.06265319999999999
0.08972379999999999
0.116715
0.14437
0.173005
0.20127
0.230096
0.259365
0.28890099999999996
0.318037
0.347304
0.376543
0.40618099999999996
0.435159
0.464914
0.49465800000000004
0.5251290000000001
0.554598
0.584609
0.615204
0.645323
0.6754349999999999
0.705381
0.735421
0.764942
0.794772
0.8242320000000001
0.853481
0.882593
0.911385
0.9398139999999999
0.9680179999999999
0.9957080000000001
1.02494
1.05233
1.0788200000000001
1.10522
1.13123
1.15703
1.18201
1.2063899999999999
1.22995
1.25326
1.27565
1.29754
1.31839
1.33838
1.35735
1.3751900000000001
1.39204
1.4078000000000002
1.42234
1.4361300000000001
1.44895
1.46061
1.47128
1.48111
1.48993
1.49788
1.5050000000000001
1.51136
1.51699
1.52189
1.5261300000000002
1.52994
1.53328
1.53618
1.53885
1.5413899999999998
1.5436200000000002
1.54579
1.54781
1.54974
