Vgs range: 0,8,0.1
Vds range: 0,8,0.5

Vgs: 0.0
2.37453e-05
2.43922e-05
2.89522e-05
3.14505e-05
3.5525500000000004e-05
3.75147e-05
3.7652200000000005e-05
4.05264e-05
3.2113399999999996e-05
2.15394e-05
2.3941400000000003e-06
-4.35739e-06
-8.17319e-05
-0.000183782
-0.000287362
-0.000449681
-0.000666746
-0.000931932
-0.0012912400000000001
-0.00162178
-0.0021246200000000002
-0.00268745
-0.00333981
-0.00416389
-0.005050539999999999
-0.00604493
-0.00710049
-0.00825115
-0.00949087
-0.0110944
-0.012336399999999999
-0.0138493
-0.01547
-0.0170781
-0.018850699999999998
-0.0206169
-0.0224601
-0.0243766
-0.0263712
-0.0284518
-0.030685500000000004
-0.0328133
-0.0350198
-0.0373418
-0.0396771
-0.0421263
-0.044559
-0.047015100000000004
-0.0493126
-0.051922699999999995
-0.0544208
-0.0570286
-0.0595828
-0.06219340000000001
-0.0651981
-0.0679645
-0.0704814
-0.073407
-0.076
-0.0788721
-0.08161729999999999
-0.0843476
-0.0875304
-0.09026079999999999
-0.09299629999999999
-0.0962573
-0.099064
-0.102823
-0.105798
-0.108822
-0.11179900000000001
-0.114752
-0.117723
-0.120878
-0.123703
-0.126776
-0.13000699999999998
-0.133381
-0.13664800000000002
-0.139759
-0.142638

Vgs: 0.5
0.00152
0.00151419
0.001483
0.0014931900000000001
0.00154011
0.0017667100000000001
0.00249543
0.00407359
0.0067370400000000006
0.0111168
0.014907
0.0199586
0.0250673
0.0302067
0.0350234
0.039396900000000006
0.043552
0.0473037
0.0508279
0.0539607
0.056975300000000006
0.059666800000000006
0.0621756
0.06430799999999999
0.06629689999999999
0.06802649999999999
0.0694618
0.07045219999999999
0.0715729
0.0723102
0.0729421
0.0731942
0.0732067
0.0731858
0.0728399
0.072617
0.0720669
0.0715121
0.0708859
0.0700247
0.06884209999999999
0.06833779999999999
0.0671819
0.06588709999999999
0.0645427
0.0631947
0.06193089999999999
0.0600964
0.0584072
0.0565777
0.0548163
0.0530744
0.0510419
0.0488993
0.0469262
0.0444738
0.0423526
0.040336800000000006
0.0382611
0.0358334
0.0335224
0.031284400000000004
0.029028699999999998
0.0265455
0.0239871
0.0221522
0.0193984
0.0164491
0.013893
0.0111283
0.00779129
0.00568061
0.00328476
0.000179659
-0.00227364
-0.00505861
-0.00764073
-0.010721699999999999
-0.012938999999999999
-0.0159781
-0.0182966

Vgs: 1.0
0.00847735
0.00840233
0.00533522
0.00383878
0.0030624000000000003
0.00304572
0.0037816100000000004
0.00546198
0.00835145
0.0128847
0.016886400000000003
0.0228036
0.029494199999999998
0.0371137
0.045073300000000004
0.0539068
0.0628644
0.07156979999999999
0.0801785
0.0884023
0.095762
0.104164
0.10947
0.115579
0.121574
0.127011
0.13203800000000002
0.136747
0.141098
0.145271
0.148887
0.152196
0.1552
0.157764
0.160084
0.16210000000000002
0.163772
0.16536900000000002
0.16667900000000002
0.167743
0.168628
0.169247
0.169725
0.16997099999999998
0.169962
0.16969399999999998
0.16953000000000001
0.169407
0.168849
0.16825
0.167498
0.166716
0.165847
0.16489
0.163811
0.16256199999999998
0.16141
0.16008799999999998
0.158519
0.157391
0.155596
0.153977
0.152364
0.15040499999999998
0.148673
0.147026
0.14519700000000002
0.143173
0.14108400000000001
0.139125
0.13716699999999998
0.134819
0.132648
0.130686
0.128627
0.12638999999999997
0.12437599999999999
0.121432
0.118959
0.117198
0.11450099999999999

Vgs: 1.5
0.0208926
0.0209075
0.018150799999999998
0.015665500000000002
0.0138252
0.0123046
0.011302
0.010938799999999999
0.0116968
0.0142335
0.018845
0.0246702
0.0315093
0.039282700000000004
0.0477833
0.0570254
0.06681759999999999
0.0771752
0.0885466
0.0996503
0.113786
0.12350699999999999
0.134973
0.14595999999999998
0.156601
0.166829
0.17635
0.185455
0.19400299999999998
0.202275
0.210038
0.217353
0.22417199999999998
0.23063399999999998
0.23666900000000002
0.242384
0.24761999999999998
0.252454
0.256822
0.260749
0.26448299999999997
0.267676
0.270512
0.273211
0.275402
0.277564
0.279142
0.28068499999999996
0.281873
0.282975
0.28397900000000004
0.284711
0.285045
0.285641
0.286078
0.286242
0.286132
0.286152
0.285815
0.285113
0.2844
0.283634
0.28286700000000004
0.281954
0.281092
0.27983800000000003
0.27857400000000004
0.277074
0.275814
0.27448799999999995
0.273256
0.271633
0.27000100000000005
0.268374
0.266737
0.265305
0.263463
0.26160300000000003
0.259078
0.257307
0.25563

Vgs: 2.0
0.041501800000000005
0.0414855
0.0406487
0.038598
0.0374359
0.0365715
0.0359525
0.0356195
0.0356348
0.0360434
0.0369637
0.038293100000000004
0.0407736
0.044671
0.0508203
0.0594356
0.06941979999999999
0.08009669999999999
0.09163009999999999
0.10564
0.115847
0.128583
0.142299
0.155804
0.170078
0.184108
0.198252
0.21212
0.225436
0.238319
0.250905
0.26303600000000005
0.274111
0.284857
0.29519399999999996
0.305101
0.314541
0.323399
0.331648
0.339571
0.34715
0.35390900000000003
0.360325
0.366365
0.37178100000000003
0.376719
0.381242
0.38536000000000004
0.38915
0.392481
0.395453
0.398128
0.40058
0.40285899999999997
0.40472199999999997
0.406485
0.407906
0.409409
0.410531
0.411633
0.41225399999999995
0.41290899999999997
0.414989
0.414902
0.414958
0.415489
0.415414
0.415176
0.414751
0.414641
0.414259
0.413826
0.412903
0.411973
0.41111000000000003
0.410063
0.40873
0.407951
0.40624299999999997
0.40544
0.404392

Vgs: 2.5
0.07675480000000001
0.0767333
0.0766931
0.07558759999999999
0.0749747
0.0746211
0.0744571
0.0744743
0.0746894
0.0751398
0.0758258
0.0767783
0.0780396
0.0797765
0.08189020000000001
0.0846049
0.0880281
0.0922979
0.09848699999999999
0.109406
0.11905099999999999
0.132097
0.145697
0.160051
0.174625
0.189545
0.204845
0.220514
0.236385
0.25262100000000004
0.26915700000000004
0.28318499999999996
0.301278
0.31657199999999996
0.331274
0.345941
0.35971400000000003
0.37329
0.38572999999999996
0.398046
0.409906
0.42102300000000004
0.43162700000000004
0.441793
0.45119000000000004
0.460289
0.468727
0.476323
0.483521
0.49032000000000003
0.496281
0.5020340000000001
0.5072679999999999
0.5118879999999999
0.516398
0.522663
0.526516
0.530043
0.533134
0.5360630000000001
0.53841
0.540821
0.54311
0.544886
0.546347
0.5467789999999999
0.549059
0.549973
0.550674
0.5517960000000001
0.55279
0.552894
0.55348
0.553772
0.553891
0.553935
0.554025
0.553897
0.553503
0.55322
0.552327

Vgs: 3.0
0.125743
0.12575299999999998
0.12579600000000002
0.12554800000000002
0.125432
0.125449
0.125636
0.125942
0.12643100000000002
0.127077
0.127868
0.128794
0.12992599999999999
0.131353
0.132916
0.13484000000000002
0.136983
0.139405
0.14238099999999998
0.145748
0.149706
0.15446000000000001
0.160397
0.168426
0.179574
0.193795
0.209009
0.22564399999999998
0.241572
0.258322
0.275808
0.292265
0.311021
0.328547
0.346858
0.36492600000000003
0.38318800000000003
0.400889
0.417578
0.434483
0.45105900000000004
0.466591
0.481556
0.49632099999999996
0.510165
0.523955
0.536359
0.5488230000000001
0.560665
0.5717829999999999
0.582422
0.592444
0.60141
0.61031
0.618066
0.625335
0.632291
0.638748
0.644861
0.650268
0.65561
0.660456
0.665096
0.668909
0.674665
0.678656
0.68182
0.683659
0.685587
0.68859
0.69078
0.6945239999999999
0.6948489999999999
0.697362
0.6987369999999999
0.699932
0.700805
0.7023170000000001
0.703059
0.7035939999999999
0.703734

Vgs: 3.5
0.186283
0.186171
0.18615600000000002
0.186215
0.18657200000000002
0.18693400000000002
0.187256
0.187828
0.188525
0.189393
0.190317
0.191435
0.192567
0.193997
0.195589
0.19726300000000002
0.199212
0.201213
0.20344600000000002
0.206049
0.208938
0.21206999999999998
0.215562
0.219465
0.224024
0.229024
0.23507
0.242387
0.251422
0.264123
0.280426
0.298034
0.315859
0.33429
0.352831
0.372191
0.391505
0.411105
0.430572
0.45012399999999997
0.47009100000000004
0.489552
0.509293
0.528218
0.546119
0.564048
0.581082
0.598511
0.614257
0.62987
0.644833
0.659436
0.672941
0.686323
0.698816
0.710975
0.721831
0.7328830000000001
0.742322
0.751313
0.760935
0.76893
0.7764220000000001
0.783256
0.7898099999999999
0.795934
0.8012400000000001
0.806901
0.811329
0.816065
0.820431
0.8240069999999999
0.827797
0.831534
0.834724
0.837824
0.8418
0.8437549999999999
0.844432
0.8475159999999999
0.849418

Vgs: 4.0
0.25740399999999997
0.25753899999999996
0.257426
0.257372
0.258011
0.258691
0.259385
0.260076
0.260915
0.261836
0.26282500000000003
0.263955
0.26528
0.266565
0.26801400000000003
0.269717
0.27140600000000004
0.27326
0.27537500000000004
0.27752499999999997
0.279977
0.28251
0.285307
0.288429
0.291715
0.295364
0.299203
0.303593
0.308463
0.313608
0.319699
0.326826
0.334955
0.345663
0.360435
0.37782
0.39735
0.417826
0.436948
0.45740000000000003
0.478138
0.49876300000000007
0.519948
0.541423
0.562342
0.583958
0.604146
0.625142
0.645032
0.665305
0.684735
0.703506
0.721567
0.739556
0.756236
0.772849
0.788612
0.8039339999999999
0.818328
0.832542
0.845859
0.858232
0.870286
0.8812549999999999
0.8919320000000001
0.901552
0.9107419999999999
0.919188
0.9258460000000001
0.9346880000000001
0.943158
0.950067
0.956077
0.961803
0.966869
0.972381
0.9770429999999999
0.9810610000000001
0.9848159999999999
0.9883240000000001
0.991577

Vgs: 4.5
0.33706600000000003
0.33709799999999995
0.336984
0.336942
0.337842
0.338634
0.33949799999999997
0.34029200000000004
0.341401
0.34247900000000003
0.34359100000000004
0.344891
0.346198
0.347801
0.349257
0.351167
0.352547
0.354405
0.35645400000000005
0.358627
0.360756
0.363076
0.365589
0.36824
0.371071
0.374101
0.377317
0.380867
0.38446800000000003
0.38847699999999996
0.39275699999999997
0.397452
0.402564
0.403383
0.40346099999999996
0.4034
0.403365
0.403331
0.40329899999999996
0.425545
0.483136
0.5052340000000001
0.527192
0.54878
0.570187
0.592279
0.614594
0.636836
0.659131
0.68229
0.703979
0.726185
0.748099
0.769872
0.7913209999999999
0.811909
0.831396
0.851907
0.8685639999999999
0.88883
0.906624
0.923225
0.9404049999999999
0.956356
0.970988
0.985641
0.999294
1.01628
1.02619
1.03795
1.04877
1.05906
1.06874
1.07723
1.08579
1.09372
1.10104
1.10793
1.11456
1.12076
1.12635

Vgs: 5.0
0.424731
0.42461099999999996
0.424574
0.42442100000000005
0.424566
0.4264
0.427377
0.42845500000000003
0.429682
0.430874
0.432207
0.433379
0.43477499999999997
0.43663399999999997
0.438098
0.439683
0.441419
0.443456
0.445268
0.447291
0.44937900000000003
0.451609
0.45416199999999995
0.456818
0.459331
0.461997
0.464975
0.468149
0.47103100000000003
0.474209
0.478069
0.481711
0.48572699999999996
0.49
0.494568
0.49948899999999996
0.5047959999999999
0.510342
0.516409
0.523478
0.530717
0.539176
0.549408
0.562059
0.5788800000000001
0.600085
0.621211
0.644381
0.665543
0.690271
0.713537
0.7367400000000001
0.760281
0.783723
0.807409
0.831822
0.854017
0.8775919999999999
0.9000889999999999
0.92256
0.944503
0.966012
0.986731
1.01223
1.0279099999999999
1.04702
1.06521
1.08264
1.09983
1.11637
1.13127
1.14358
1.1597899999999999
1.17238
1.18472
1.19753
1.20767
1.2186700000000001
1.2282899999999999
1.23753
1.24614

Vgs: 5.5
0.5198969999999999
0.519891
0.519891
0.519893
0.5199
0.521227
0.522482
0.523694
0.524836
0.526439
0.527781
0.52943
0.530911
0.532396
0.534145
0.535841
0.537561
0.539452
0.541238
0.543396
0.545466
0.547801
0.5501119999999999
0.552436
0.555102
0.557663
0.560408
0.563265
0.5661210000000001
0.569061
0.572308
0.575636
0.579193
0.582924
0.5865900000000001
0.5907380000000001
0.595156
0.5994210000000001
0.604081
0.609156
0.614605
0.620302
0.626562
0.633145
0.640591
0.6485679999999999
0.6575799999999999
0.668593
0.6817420000000001
0.6994549999999999
0.721157
0.744192
0.7684150000000001
0.7920940000000001
0.812844
0.840879
0.865034
0.8898689999999999
0.9145209999999999
0.9388759999999999
0.963588
0.987775
1.01811
1.03609
1.06113
1.08386
1.10606
1.1282899999999998
1.14909
1.16992
1.18994
1.20926
1.2281600000000001
1.24583
1.2636100000000001
1.2796699999999999
1.2951300000000001
1.31076
1.32419
1.33714
1.3501100000000001

Vgs: 6.0
0.6212529999999999
0.621727
0.621629
0.621891
0.6217440000000001
0.62221
0.6240910000000001
0.6255069999999999
0.6269910000000001
0.628269
0.629772
0.631145
0.63268
0.634458
0.6360790000000001
0.637724
0.639577
0.641454
0.643441
0.6454129999999999
0.647688
0.649938
0.65211
0.654451
0.656877
0.659549
0.662239
0.6648189999999999
0.667463
0.670293
0.6735279999999999
0.676461
0.679702
0.682997
0.686426
0.690305
0.694078
0.697943
0.701418
0.706252
0.710752
0.715593
0.720523
0.7257509999999999
0.7312339999999999
0.736899
0.743309
0.749739
0.7568699999999999
0.76471
0.773277
0.782771
0.7940780000000001
0.807727
0.826126
0.8491650000000001
0.873993
0.8969349999999999
0.923412
0.948774
0.974013
0.999165
1.03105
1.05171
1.07706
1.10227
1.1280400000000002
1.1525
1.17738
1.2016799999999999
1.22559
1.24908
1.27202
1.2943799999999999
1.31676
1.33788
1.35754
1.3772
1.39579
1.41453
1.4319899999999999

Vgs: 6.5
0.729663
0.729426
0.729428
0.729441
0.729393
0.729627
0.731807
0.733117
0.734768
0.7363139999999999
0.737751
0.739452
0.7411730000000001
0.742684
0.7444249999999999
0.746328
0.74842
0.750262
0.7522409999999999
0.7539330000000001
0.756401
0.758538
0.760618
0.762916
0.765373
0.76784
0.7703220000000001
0.77294
0.775705
0.778389
0.781239
0.784123
0.787122
0.7902239999999999
0.793593
0.796964
0.800308
0.803836
0.80745
0.81127
0.815242
0.819281
0.823632
0.828062
0.832662
0.837561
0.842502
0.847807
0.8534309999999999
0.859424
0.865596
0.8720899999999999
0.8790669999999999
0.886711
0.894748
0.903794
0.913857
0.9257169999999999
0.940056
0.9592729999999999
0.982946
1.0140500000000001
1.03481
1.06051
1.08762
1.1129799999999999
1.1397300000000001
1.16249
1.1916
1.21808
1.24396
1.26993
1.2957800000000002
1.3212899999999999
1.34697
1.3713600000000001
1.39522
1.41948
1.4427
1.4655
1.48741

Vgs: 7.0
0.840869
0.841009
0.841437
0.8413970000000001
0.841093
0.8415630000000001
0.842869
0.844777
0.8459949999999999
0.847651
0.84935
0.851042
0.8526659999999999
0.8542460000000001
0.855948
0.8580979999999999
0.859959
0.8620140000000001
0.863907
0.865716
0.868091
0.870296
0.872691
0.874875
0.877064
0.879616
0.88219
0.8846909999999999
0.8874500000000001
0.8900410000000001
0.892875
0.895691
0.898536
0.9016350000000001
0.90454
0.907857
0.911202
0.914666
0.917964
0.921407
0.925357
0.929072
0.932771
0.9368150000000001
0.940986
0.945379
0.949778
0.9543969999999999
0.9593320000000001
0.964432
0.968942
0.974913
0.980634
0.9864620000000001
0.992733
0.9993090000000001
1.00916
1.01511
1.02318
1.03138
1.04043
1.05077
1.06332
1.07807
1.09755
1.12167
1.14761
1.17444
1.20129
1.22783
1.25488
1.28182
1.30869
1.33538
1.3633
1.3896799999999998
1.41572
1.44379
1.4697600000000002
1.49481
1.52064

Vgs: 7.5
0.9605189999999999
0.9603609999999999
0.96075
0.960881
0.960367
0.960787
0.9601230000000001
0.963265
0.9646859999999999
0.966245
0.967756
0.96939
0.971316
0.9731219999999999
0.9752339999999999
0.97663
0.9786339999999999
0.9806459999999999
0.9825179999999999
0.9845010000000001
0.9867619999999999
0.9891679999999999
0.991215
0.992742
0.994902
0.9973339999999999
0.9997529999999999
1.00486
1.00658
1.00919
1.01183
1.0145899999999999
1.0179399999999998
1.02078
1.02369
1.0270299999999999
1.03002
1.03326
1.03641
1.0396800000000002
1.04327
1.04658
1.04995
1.05369
1.05736
1.0612
1.0651899999999999
1.0694400000000002
1.07355
1.07793
1.08257
1.0872600000000001
1.0920999999999998
1.09707
1.10228
1.10777
1.1134199999999999
1.11934
1.12545
1.13201
1.1389900000000002
1.1461100000000002
1.15386
1.1618600000000001
1.17077
1.1804400000000002
1.19107
1.20383
1.21917
1.2394999999999998
1.26395
1.29023
1.31903
1.3453300000000001
1.3729
1.40102
1.4275900000000001
1.45579
1.48296
1.51067
1.53803

Vgs: 8.0
1.0221500000000001
1.02033
1.0219
1.02165
1.02166
1.0208599999999999
1.02184
1.0251
1.02529
1.02706
1.03181
1.03627
1.03853
1.0401799999999999
1.04228
1.0419100000000001
1.04449
1.0483
1.05032
1.0541
1.0564
1.0591400000000002
1.06306
1.06545
1.06884
1.07342
1.07582
1.0783800000000001
1.08165
1.085
1.08883
1.0924800000000001
1.0955400000000002
1.09995
1.10328
1.10632
1.11095
1.1151799999999998
1.11881
1.1232799999999998
1.12727
1.1315400000000002
1.1361999999999999
1.14022
1.1446500000000002
1.1492099999999998
1.15402
1.1590699999999998
1.1640599999999999
1.16939
1.17457
1.1800599999999999
1.1857
1.1913
1.19733
1.20346
1.20982
1.21585
1.2229400000000001
1.22956
1.23649
1.24361
1.25132
1.25904
1.26743
1.27578
1.28431
1.29373
1.30356
1.31389
1.32488
1.33671
1.35021
1.36644
1.38614
1.41011
1.4367500000000002
1.46479
1.49277
1.52232
1.54941
