Vgs range: 0,8,0.1
Vds range: 0,8,0.5

Vgs: 0.0
-0.000119456
-0.000123324
-0.000122325
-0.000122982
-0.00012634400000000002
-0.000125515
-0.000124311
-0.000122881
-0.00012574599999999998
-0.000124538
-0.00012141100000000001
-0.00012477700000000002
-0.000122696
-0.000124168
-0.000124375
-0.000123719
-0.000124166
-0.00012586299999999998
-0.00012468600000000002
-0.00012802600000000002
-0.00012537399999999998
-0.00012709499999999997
-0.000125799
-0.00012609699999999998
-0.000126601
-0.000126992
-0.000151758
-0.000156401
-0.00012931799999999998
-0.000134041
-0.000797225
-0.0141247
-0.0171871
-0.0140774
-0.0162005
-0.016903400000000002
-0.0170885
-0.019244
-0.0233986
-0.025586499999999998
-0.027583700000000003
-0.028612
-0.030864999999999997
-0.0320594
-0.0353938
-0.0376686
-0.0383249
-0.045315799999999996
-0.0479556
-0.0506036
-0.0531087
-0.0555215
-0.057513199999999993
-0.0600686
-0.0627705
-0.0653643
-0.0680407
-0.0698925
-0.0764565
-0.0774837
-0.07905240000000001
-0.08501800000000001
-0.087435
-0.0909536
-0.0939846
-0.09002460000000001
-0.0960647
-0.099212
-0.102938
-0.105147
-0.107378
-0.111105
-0.113691
-0.11648499999999999
-0.119609
-0.12236300000000001
-0.125079
-0.12813899999999998
-0.131275
-0.134249
-0.13721999999999998

Vgs: 0.5
0.00149243
0.00149931
0.0015179500000000001
0.00152711
0.0015235
0.00153921
0.0015385800000000001
0.00153867
0.00153977
0.0015470100000000001
0.00159052
0.0015646
0.0015717399999999999
0.00157618
0.0015792199999999999
0.0015702799999999999
0.00162985
0.00157869
0.00165177
0.00160363
0.0016239400000000001
0.00163474
0.00163519
0.00172504
0.00167022
0.00178797
0.00190845
0.0024302200000000003
0.00187684
0.0024966700000000003
0.00310233
0.00342991
0.00454797
0.00540782
0.00640925
0.00605858
0.0159852
0.010152399999999999
0.0121469
0.0136578
0.0298789
0.045966900000000005
0.0686201
0.0692141
0.0663807
0.0657795
0.06409640000000001
0.0573781
0.0596401
0.0476848
0.0392538
0.0528117
0.0519499
0.0468512
0.0444917
0.0455172
0.040551199999999996
0.0388746
0.0365628
0.0339779
0.031974999999999996
0.0291544
0.0268387
0.024641899999999998
0.0227592
0.021504600000000002
0.017725400000000002
0.0157995
0.0130908
0.0109254
0.0265332
0.0249996
0.0211936
0.0102058
0.016325100000000002
-0.00467944
-0.00812061
-0.0114116
-0.0102691
-0.0126938
-0.012250599999999999

Vgs: 1.0
0.00803846
0.0049654799999999995
0.00793561
0.0059431300000000005
0.00685299
0.00735172
0.00706351
0.00732951
0.00938321
0.011114299999999999
0.015426299999999999
0.0203056
0.0251771
0.0270761
0.036211200000000006
0.0424749
0.053600999999999996
0.059753799999999996
0.0281007
0.038444900000000004
0.0307518
0.06819889999999999
0.043202
0.025834
0.0230188
0.0467592
0.054002
0.06853849999999999
0.07043569999999999
0.06891219999999999
0.07639040000000001
0.0612068
0.0826246
0.0922393
0.09935100000000001
0.112413
0.123695
0.137075
0.13767000000000001
0.150214
0.15559699999999999
0.153096
0.155093
0.107417
0.158692
0.150886
0.164196
0.164738
0.16502699999999998
0.164994
0.137627
0.162042
0.136794
0.16085
0.156435
0.160421
0.15677200000000002
0.154211
0.152034
0.155197
0.15233
0.150581
0.14929900000000002
0.146897
0.144742
0.142941
0.14120300000000002
0.139491
0.13743
0.13547
0.13331300000000001
0.13136699999999998
0.12931800000000002
0.127193
0.12487300000000001
0.122814
0.120555
0.11828
0.11618200000000001
0.114008
0.111766

Vgs: 1.5
0.0180618
0.0223364
0.0200259
0.0211595
0.0195623
0.0193221
0.0269019
0.0196497
0.017877399999999998
0.0207489
0.0192431
0.0281548
0.0298099
0.036785700000000005
0.0449463
0.0539814
0.0631223
0.0726277
0.0841929
0.0928377
0.08794629999999999
0.0783119
0.123864
0.130154
0.132945
0.10960400000000001
0.0584692
0.0847999
0.0709402
0.10932700000000001
0.126091
0.154728
0.13416799999999998
0.144856
0.148399
0.175013
0.156248
0.160356
0.17457999999999999
0.175402
0.191664
0.19007400000000002
0.199379
0.21252000000000001
0.200411
0.198746
0.196111
0.19170299999999998
0.201932
0.205568
0.184637
0.234678
0.234109
0.274716
0.226012
0.257563
0.253779
0.26733300000000004
0.276593
0.279167
0.278917
0.278295
0.277302
0.27599
0.27546899999999996
0.274657
0.27356800000000003
0.27228
0.271007
0.269717
0.26859
0.267325
0.265721
0.26412199999999997
0.262604
0.26104299999999997
0.259161
0.257785
0.255656
0.25376499999999996
0.25198499999999996

Vgs: 2.0
0.100729
0.10116299999999999
0.08498879999999999
0.08865880000000001
0.0842935
0.08413190000000001
0.09015240000000001
0.0829578
0.099473
0.0933925
0.08977239999999999
0.09964379999999999
0.104378
0.103013
0.104635
0.112886
0.111638
0.111654
0.11361199999999999
0.11256000000000001
0.115331
0.116974
0.120002
0.129851
0.123803
0.119771
0.126774
0.134277
0.1204
0.126943
0.125344
0.15212
0.133965
0.16437400000000002
0.126732
0.136696
0.126896
0.128554
0.133598
0.140338
0.136817
0.15023799999999998
0.169354
0.158634
0.21190799999999999
0.1863
0.24938
0.24438900000000002
0.26063
0.275988
0.292422
0.288626
0.30462
0.32288
0.347158
0.235257
0.29555899999999996
0.37677499999999997
0.320182
0.33716300000000005
0.37810099999999996
0.337442
0.308009
0.332035
0.34847
0.39975299999999997
0.40678600000000004
0.403296
0.407646
0.407551
0.406991
0.40182
0.399841
0.405084
0.404135
0.403254
0.402571
0.401557
0.40064099999999997
0.399254
0.397858

Vgs: 2.5
0.182082
0.182634
0.182604
0.184446
0.18503899999999998
0.18545
0.185006
0.185522
0.183449
0.181171
0.18221700000000002
0.186846
0.180613
0.186973
0.17687
0.187741
0.188107
0.18760200000000002
0.187455
0.187386
0.187333
0.18709099999999998
0.18724200000000002
0.185618
0.191376
0.192167
0.190447
0.19039099999999998
0.190108
0.190007
0.19038
0.190156
0.190781
0.190358
0.190733
0.19095399999999998
0.19171
0.192242
0.19209199999999998
0.192903
0.19315900000000003
0.193811
0.193418
0.19411499999999998
0.19428499999999999
0.194129
0.193889
0.194489
0.196574
0.19706500000000002
0.19879000000000002
0.20966600000000002
0.212242
0.232873
0.244114
0.256457
0.312273
0.266368
0.322649
0.404891
0.392924
0.395602
0.44068999999999997
0.450301
0.495269
0.491473
0.48082600000000003
0.494251
0.46489600000000003
0.5325380000000001
0.545339
0.540952
0.546218
0.546727
0.547043
0.547098
0.546774
0.54685
0.5471900000000001
0.546888
0.5462279999999999

Vgs: 3.0
0.205916
0.21359699999999998
0.217964
0.231243
0.242564
0.239372
0.242296
0.256131
0.251999
0.25144700000000003
0.25908000000000003
0.252196
0.250554
0.25449
0.252996
0.25172500000000003
0.25236200000000003
0.256419
0.255602
0.258239
0.26815500000000003
0.268408
0.26836600000000005
0.273277
0.274386
0.274849
0.275353
0.275272
0.27561399999999997
0.275582
0.275374
0.27604700000000004
0.27652200000000005
0.276517
0.276458
0.276337
0.276912
0.27709
0.27740000000000004
0.278392
0.278958
0.279464
0.28108099999999997
0.281239
0.280122
0.280452
0.28242300000000004
0.28123
0.282849
0.285402
0.289172
0.294417
0.295615
0.303044
0.314891
0.326795
0.350169
0.37607500000000005
0.531297
0.5385709999999999
0.5584840000000001
0.540884
0.5261079999999999
0.562303
0.546466
0.535946
0.543313
0.543528
0.574056
0.586449
0.596731
0.5963430000000001
0.622918
0.684464
0.686042
0.6876500000000001
0.688342
0.68963
0.690686
0.691724
0.692318

Vgs: 3.5
0.180907
0.18097
0.180978
0.181118
0.181489
0.181952
0.182493
0.23008699999999999
0.18695699999999998
0.26554500000000003
0.343721
0.361997
0.350844
0.361622
0.362399
0.36571200000000004
0.368021
0.366665
0.36848000000000003
0.36906100000000003
0.369799
0.369923
0.370141
0.37051100000000003
0.370404
0.37089700000000003
0.371039
0.371243
0.37137200000000004
0.371589
0.371529
0.37185799999999997
0.372033
0.372235
0.372919
0.373425
0.372907
0.37251500000000004
0.373471
0.373601
0.373102
0.372979
0.373511
0.373004
0.373353
0.372788
0.37354899999999996
0.373004
0.37372099999999997
0.373445
0.37342099999999995
0.374797
0.37476000000000004
0.37550399999999995
0.375725
0.377056
0.377153
0.37744
0.378037
0.378406
0.37867
0.378747
0.37941400000000003
0.381062
0.38051399999999996
0.382697
0.38105
0.38283300000000003
0.385021
0.38693799999999995
0.388848
0.39148299999999997
0.394143
0.39671999999999996
0.455247
0.778879
0.785084
0.828619
0.8314280000000001
0.817131
0.8019000000000001

Vgs: 4.0
0.250209
0.250141
0.25021899999999997
0.250767
0.251508
0.25221899999999997
0.252844
0.253722
0.25459400000000004
0.255508
0.256601
0.25782000000000005
0.259096
0.260629
0.26211
0.263919
0.26562800000000003
0.267451
0.26967599999999997
0.271887
0.274261
0.276828
0.27959700000000004
0.282606
0.285865
0.289659
0.293713
0.29793400000000003
0.302596
0.30790100000000004
0.314143
0.321059
0.32938599999999996
0.340342
0.354355
0.36934700000000004
0.39188500000000004
0.412455
0.43139900000000003
0.45221
0.47312899999999997
0.49343
0.5148830000000001
0.536693
0.5569620000000001
0.578066
0.5993529999999999
0.620363
0.64015
0.660867
0.680198
0.698427
0.716713
0.734463
0.75145
0.7680570000000001
0.783372
0.799198
0.813218
0.8273109999999999
0.840293
0.8524780000000001
0.863782
0.874645
0.883533
0.8936909999999999
0.901745
0.909842
0.9171090000000001
0.923725
0.930124
0.936384
0.94239
0.9482339999999999
0.953037
0.958346
0.962995
0.967272
0.970924
0.975028
0.9782479999999999

Vgs: 4.5
0.329336
0.329429
0.329419
0.329219
0.330072
0.331398
0.332204
0.33319000000000004
0.33429400000000004
0.335316
0.336615
0.33782700000000004
0.339188
0.340754
0.342335
0.34407
0.345949
0.34781
0.349979
0.352098
0.354342
0.356818
0.359116
0.361962
0.36494400000000005
0.367993
0.371398
0.37485799999999997
0.37855700000000003
0.382722
0.387136
0.391909
0.396963
0.40255199999999997
0.408575
0.41554
0.423481
0.432464
0.443982
0.459538
0.479277
0.500407
0.521246
0.5430539999999999
0.5647099999999999
0.587079
0.60904
0.631421
0.653495
0.676647
0.698827
0.721713
0.7429990000000001
0.7650250000000001
0.786239
0.806958
0.8270919999999999
0.846589
0.865769
0.884537
0.901506
0.918352
0.935172
0.9504370000000001
0.9653700000000001
0.978982
0.9930430000000001
1.00928
1.01816
1.02897
1.03897
1.04832
1.0568000000000002
1.06488
1.07234
1.07989
1.08619
1.09352
1.09969
1.10578
1.1104100000000001

Vgs: 5.0
0.41611000000000004
0.41615800000000003
0.41618900000000003
0.416188
0.416516
0.418006
0.419155
0.420344
0.421617
0.422959
0.42436999999999997
0.425798
0.427216
0.429003
0.430648
0.432428
0.434167
0.43622099999999997
0.438085
0.44020000000000004
0.442498
0.44482499999999997
0.447364
0.449959
0.452611
0.455475
0.45846
0.461584
0.46502499999999997
0.468309
0.471934
0.475894
0.47999400000000003
0.4843
0.488948
0.493948
0.49920200000000003
0.504946
0.511045
0.517756
0.5256
0.534058
0.544021
0.55706
0.572928
0.593688
0.616186
0.638414
0.661149
0.684942
0.70804
0.731085
0.754565
0.778219
0.802676
0.825701
0.848881
0.8724339999999999
0.895609
0.917663
0.939338
0.960639
0.9785320000000001
1.00698
1.02282
1.04215
1.0576299999999998
1.07714
1.0934
1.1101100000000002
1.1244399999999999
1.13845
1.15191
1.16415
1.17507
1.1855900000000001
1.19523
1.20485
1.21364
1.22224
1.23039

Vgs: 5.5
0.511209
0.5111939999999999
0.511266
0.5111920000000001
0.51146
0.512963
0.514968
0.516972
0.518985
0.521024
0.522728
0.5245449999999999
0.526565
0.528262
0.529355
0.5313180000000001
0.533302
0.53579
0.53768
0.539854
0.542078
0.544007
0.54699
0.549603
0.553569
0.550205
0.552839
0.555747
0.559974
0.56195
0.565207
0.568676
0.572102
0.575195
0.579778
0.5838380000000001
0.58834
0.5925830000000001
0.59744
0.602424
0.607852
0.613622
0.620069
0.62668
0.6340480000000001
0.642086
0.651278
0.662398
0.6756070000000001
0.693651
0.7155520000000001
0.73856
0.7628379999999999
0.7864420000000001
0.8109620000000001
0.8357829999999999
0.859619
0.8846219999999999
0.9089
0.93416
0.958611
0.983361
1.01322
1.03229
1.05613
1.0787200000000001
1.10137
1.1231399999999998
1.14523
1.16549
1.1853600000000002
1.20411
1.22316
1.2404600000000001
1.25805
1.27359
1.28803
1.3032199999999998
1.31594
1.3288099999999998
1.34007

Vgs: 6.0
0.614087
0.6141220000000001
0.614151
0.6140880000000001
0.6140749999999999
0.6153000000000001
0.616751
0.6183700000000001
0.619765
0.62151
0.622722
0.624773
0.626671
0.6283970000000001
0.630176
0.6320749999999999
0.634172
0.636015
0.6380370000000001
0.640212
0.642523
0.644796
0.6471279999999999
0.64969
0.652175
0.654768
0.657403
0.660159
0.662951
0.6658350000000001
0.669096
0.6723439999999999
0.675494
0.679011
0.682827
0.686365
0.690172
0.694124
0.698091
0.702417
0.707018
0.711561
0.7164079999999999
0.721607
0.727015
0.732785
0.7390100000000001
0.745555
0.7525299999999999
0.760182
0.7686630000000001
0.778029
0.789223
0.802798
0.821249
0.843424
0.867438
0.8927959999999999
0.91733
0.943617
0.968951
0.9941690000000001
1.02581
1.04635
1.0721699999999998
1.09806
1.1226999999999998
1.14777
1.1722
1.19702
1.2219900000000001
1.2438200000000001
1.26688
1.2887
1.3104900000000002
1.33207
1.3518700000000001
1.37124
1.38957
1.411
1.42469

Vgs: 6.5
0.7211179999999999
0.7210730000000001
0.721163
0.721443
0.721968
0.722046
0.724618
0.72606
0.727915
0.729616
0.730987
0.7328
0.7347589999999999
0.736385
0.7382829999999999
0.740138
0.741985
0.7441690000000001
0.746343
0.748698
0.7505339999999999
0.752623
0.755434
0.757853
0.759927
0.762856
0.7652180000000001
0.768196
0.770896
0.773768
0.7765810000000001
0.779794
0.7826829999999999
0.785726
0.788907
0.7924180000000001
0.795809
0.798688
0.802817
0.806697
0.810558
0.8147449999999999
0.8189029999999999
0.823266
0.827924
0.832667
0.837621
0.842773
0.848257
0.854073
0.86041
0.867116
0.873956
0.8813770000000001
0.889473
0.8984620000000001
0.90845
0.920254
0.934383
0.9534250000000001
0.9772559999999999
1.00872
1.0297100000000001
1.0552300000000001
1.08176
1.1081299999999998
1.1336499999999998
1.16033
1.1870699999999998
1.2134500000000001
1.2395500000000002
1.2654
1.29187
1.31672
1.34233
1.3669
1.39066
1.4147999999999998
1.43724
1.46011
1.4814100000000001

Vgs: 7.0
0.834144
0.834333
0.833967
0.833979
0.834116
0.834165
0.8362219999999999
0.837765
0.839596
0.841164
0.842997
0.844731
0.846347
0.848081
0.8500479999999999
0.8524809999999999
0.854337
0.856423
0.858556
0.860405
0.862523
0.86534
0.867374
0.8698119999999999
0.8720829999999999
0.874496
0.8770549999999999
0.879995
0.882621
0.884956
0.888275
0.891195
0.894056
0.89711
0.900392
0.9036219999999999
0.907003
0.910508
0.9138510000000001
0.91744
0.9213399999999999
0.925053
0.9291539999999999
0.9330849999999999
0.937378
0.941503
0.946206
0.9507260000000001
0.955584
0.960815
0.965983
0.9712390000000001
0.977126
0.9824180000000001
0.989417
0.994932
1.00467
1.01091
1.01866
1.0274699999999999
1.03722
1.04728
1.05943
1.07425
1.09355
1.11701
1.14324
1.1692600000000002
1.19577
1.2229599999999998
1.24977
1.2778100000000001
1.30395
1.33066
1.35867
1.38493
1.40932
1.43836
1.46445
1.49055
1.51598

Vgs: 7.5
0.952162
0.9523459999999999
0.952241
0.9522849999999999
0.952217
0.952701
0.953299
0.955509
0.9574079999999999
0.9592160000000001
0.960977
0.962841
0.964671
0.966368
0.9680179999999999
0.970243
0.9726309999999999
0.974333
0.976518
0.97857
0.9807920000000001
0.9828490000000001
0.985328
0.987711
0.9902400000000001
0.9929870000000001
0.9951059999999999
0.997627
1.0022600000000002
1.00441
1.00759
1.01055
1.01333
1.01617
1.0191899999999998
1.02235
1.0254400000000001
1.02865
1.03184
1.03507
1.03862
1.04225
1.0458399999999999
1.04952
1.0534400000000002
1.05736
1.06113
1.0647499999999999
1.06971
1.07427
1.0788799999999998
1.08339
1.0883
1.09328
1.09859
1.1039400000000001
1.10936
1.11527
1.1213600000000001
1.12795
1.1350799999999999
1.14222
1.14988
1.15792
1.16692
1.17691
1.18628
1.2006700000000001
1.21546
1.23525
1.25966
1.28546
1.31389
1.34035
1.3680700000000001
1.39569
1.4230200000000002
1.4512699999999998
1.47845
1.5068
1.5335699999999999

Vgs: 8.0
1.06226
1.06254
1.06233
1.0606
1.06309
1.065
1.0666
1.07064
1.0731
1.07507
1.07769
1.07958
1.08155
1.08297
1.08536
1.0873
1.08935
1.0916299999999999
1.09416
1.0945099999999999
1.0947699999999998
1.0948
1.095
1.0945099999999999
1.09435
1.0948399999999998
1.1020999999999999
1.11501
1.11844
1.12109
1.12411
1.12669
1.1298700000000002
1.13259
1.1357599999999999
1.13857
1.14193
1.14519
1.1484100000000002
1.1515900000000001
1.15517
1.1586400000000001
1.16232
1.16585
1.16949
1.1734799999999999
1.17732
1.18128
1.18551
1.18965
1.19323
1.19841
1.20292
1.2077900000000001
1.2124499999999998
1.2174
1.2226
1.22789
1.2335099999999999
1.2393599999999998
1.2451
1.2512599999999998
1.2580799999999999
1.2645899999999999
1.27184
1.27925
1.28713
1.29525
1.30397
1.31363
1.3239400000000001
1.33507
1.3478100000000002
1.36255
1.38151
1.40541
1.43209
1.46076
1.48839
1.51649
1.5446399999999998
