Vgs range: 0,8,0.1
Vds range: 0,8,0.5

Vgs: 0.0
-0.000113956
-0.000114731
-0.000115386
-0.000112008
-0.000114112
-0.00011536999999999999
-0.000116577
-0.000122308
-0.00012827
-0.000138745
-0.00016142200000000001
-0.000191933
-0.000231225
-0.00029356900000000003
-0.000371441
-0.00047896099999999997
-0.0006410259999999999
-0.000827213
-0.00105523
-0.00130904
-0.00167336
-0.00208721
-0.00268468
-0.00337287
-0.00422565
-0.00516293
-0.00612287
-0.00730298
-0.00856411
-0.00989153
-0.0114372
-0.012634699999999999
-0.0141969
-0.0158704
-0.0175179
-0.019349599999999998
-0.021254500000000003
-0.023201899999999998
-0.025075999999999998
-0.027075000000000002
-0.029109299999999998
-0.031197
-0.0333265
-0.035678800000000004
-0.0379553
-0.040578199999999995
-0.0429958
-0.0452954
-0.0478308
-0.0504933
-0.053164800000000005
-0.055601199999999996
-0.0581325
-0.0607078
-0.0634922
-0.0663077
-0.0690444
-0.0718001
-0.0743632
-0.0769963
-0.079833
-0.08265819999999999
-0.0855346
-0.08833629999999999
-0.0914169
-0.0945214
-0.0972288
-0.10105
-0.10355400000000001
-0.106334
-0.109275
-0.112061
-0.115049
-0.11813900000000001
-0.12118100000000001
-0.12417799999999998
-0.12744899999999998
-0.130803
-0.133688
-0.136858
-0.139903

Vgs: 0.5
0.00122299
0.00121856
0.00119771
0.00120072
0.00122573
0.00135894
0.00186962
0.0031493000000000003
0.00552452
0.00883482
0.0139448
0.0175869
0.0232845
0.0283716
0.033142599999999994
0.0377582
0.0420146
0.0458229
0.0493618
0.052653
0.0556556
0.058498100000000004
0.060983
0.0632681
0.0653613
0.06734470000000001
0.0688762
0.07023249999999999
0.0712824
0.07212489999999999
0.0726173
0.07284700000000001
0.0729696
0.0729808
0.0727267
0.0724496
0.0719497
0.0714893
0.0707601
0.0699182
0.0690704
0.06773779999999999
0.0666519
0.0653442
0.0641244
0.0627046
0.0613945
0.0598037
0.058248999999999995
0.0565069
0.054770900000000004
0.052805
0.050967500000000006
0.048992400000000005
0.0471294
0.0449436
0.0427094
0.040583900000000006
0.038637399999999995
0.0364045
0.034061299999999996
0.0316894
0.0291776
0.0270559
0.024714899999999998
0.0223493
0.019642800000000002
0.017083900000000003
0.0145392
0.011921300000000001
0.00922773
0.00644298
0.0044074399999999994
0.00194
-0.00132599
-0.0041093300000000004
-0.00670297
-0.009050039999999999
-0.0124689
-0.0146931
-0.0171689

Vgs: 1.0
0.00778884
0.00770299
0.00475846
0.00339377
0.00264327
0.0025636599999999997
0.00309597
0.0044725699999999995
0.00690615
0.0111366
0.0149982
0.0205314
0.0268456
0.034356500000000005
0.0424325
0.050880600000000005
0.0591852
0.068609
0.0771614
0.08524290000000001
0.0931808
0.10168
0.10716200000000001
0.113418
0.119331
0.12521400000000002
0.130332
0.13506600000000002
0.139512
0.143841
0.14785600000000002
0.151591
0.15449100000000002
0.157192
0.159742
0.16187100000000001
0.163636
0.165124
0.16627499999999998
0.16739500000000002
0.168431
0.169202
0.169544
0.170008
0.170336
0.17010699999999998
0.170318
0.170129
0.16964700000000002
0.16925600000000002
0.16848500000000002
0.167719
0.167081
0.166062
0.165069
0.16400599999999999
0.162632
0.161552
0.160148
0.158631
0.15693200000000002
0.155294
0.153795
0.151955
0.15020499999999998
0.148281
0.146701
0.14452099999999998
0.142367
0.140366
0.138078
0.13605799999999998
0.1338
0.132017
0.129112
0.12657000000000002
0.124273
0.12207799999999999
0.119621
0.117265
0.11461

Vgs: 1.5
0.020247499999999998
0.0202152
0.0173231
0.0147619
0.0127679
0.011078
0.00974121
0.009410620000000001
0.010224
0.0124479
0.0167961
0.022387999999999998
0.0290069
0.0364434
0.0447127
0.0537949
0.0636207
0.0736948
0.0830183
0.09629979999999999
0.109932
0.119596
0.12182599999999999
0.121839
0.121845
0.121847
0.121852
0.12184
0.156933
0.199118
0.207293
0.214846
0.221952
0.22853199999999999
0.234894
0.240719
0.246082
0.251043
0.255762
0.259565
0.26309499999999997
0.26632799999999995
0.268777
0.27154
0.273642
0.275858
0.278114
0.279647
0.281047
0.282394
0.28352
0.284372
0.28485099999999997
0.285326
0.285765
0.285876
0.28574299999999997
0.28585299999999997
0.285596
0.28523600000000005
0.285124
0.284455
0.283823
0.282962
0.28185699999999997
0.280958
0.279693
0.278489
0.277299
0.275849
0.274395
0.272798
0.27135499999999996
0.269331
0.267611
0.265432
0.26359499999999997
0.26217999999999997
0.260713
0.258822
0.25681800000000005

Vgs: 2.0
0.0395908
0.0395977
0.0387035
0.036393999999999996
0.0351566
0.0341107
0.033324400000000004
0.032854
0.032733700000000004
0.032963200000000005
0.0337495
0.0351961
0.037615499999999996
0.041423
0.0474758
0.0564734
0.065929
0.0764846
0.08775859999999999
0.0996942
0.11400500000000001
0.124943
0.137714
0.15141
0.165381
0.17963300000000001
0.193909
0.20783
0.219777
0.234221
0.24693
0.25888799999999995
0.270445
0.28114900000000004
0.29155000000000003
0.301483
0.310847
0.319897
0.328292
0.336559
0.344181
0.351119
0.357846
0.363642
0.368811
0.373845
0.37825499999999995
0.38165699999999997
0.38616300000000003
0.389765
0.392922
0.395732
0.398339
0.40050399999999997
0.402625
0.404729
0.40682799999999997
0.408191
0.409473
0.41084
0.41148999999999997
0.412156
0.412277
0.412903
0.412766
0.41271800000000003
0.412659
0.413064
0.413061
0.412318
0.411927
0.411478
0.410823
0.409908
0.40891099999999997
0.408124
0.40711600000000003
0.40618400000000005
0.405198
0.403992
0.403101

Vgs: 2.5
0.0735837
0.07359370000000001
0.0735508
0.0722286
0.07162249999999999
0.0711942
0.0709247
0.0708333
0.0709472
0.07127510000000001
0.07189179999999999
0.0727659
0.07385620000000001
0.0754654
0.07745729999999999
0.0801121
0.08352530000000001
0.08793329999999999
0.0942012
0.105145
0.11501499999999999
0.127685
0.141264
0.15509799999999999
0.16972299999999998
0.184721
0.200068
0.215751
0.230137
0.24777000000000002
0.264308
0.28041900000000003
0.296445
0.31179500000000004
0.326955
0.341631
0.35552799999999996
0.36903199999999997
0.381741
0.394091
0.405979
0.41729
0.428217
0.438457
0.448189
0.45761199999999996
0.46629400000000004
0.47439
0.48176
0.48877199999999993
0.49484599999999995
0.500746
0.506366
0.5110250000000001
0.515344
0.519772
0.523489
0.527132
0.5302720000000001
0.5332479999999999
0.536097
0.538374
0.5405260000000001
0.542185
0.5437000000000001
0.545241
0.546513
0.5480389999999999
0.548814
0.549916
0.551135
0.5518759999999999
0.552077
0.552333
0.552036
0.551974
0.552187
0.5520609999999999
0.552275
0.5517299999999999
0.551795

Vgs: 3.0
0.121577
0.121524
0.121612
0.121307
0.121149
0.120936
0.121031
0.121342
0.12183799999999999
0.122553
0.123273
0.12417799999999998
0.12524
0.126583
0.12803599999999998
0.12989699999999998
0.131929
0.13432
0.137177
0.14041800000000002
0.144476
0.149393
0.155513
0.163239
0.174541
0.188719
0.204025
0.220472
0.236354
0.252902
0.270864
0.28779499999999997
0.305931
0.323256
0.34131100000000003
0.35973
0.377857
0.396273
0.412603
0.42954400000000004
0.44612
0.461757
0.47709999999999997
0.49160100000000007
0.505737
0.5191290000000001
0.531879
0.544498
0.556059
0.5661419999999999
0.5783290000000001
0.588458
0.598454
0.607313
0.615046
0.622367
0.628692
0.635479
0.6412110000000001
0.646759
0.652034
0.656727
0.661502
0.665689
0.669558
0.673133
0.676053
0.6790299999999999
0.6818850000000001
0.684499
0.686709
0.688694
0.690396
0.692197
0.6933549999999999
0.694078
0.6952189999999999
0.696277
0.69713
0.6984750000000001
0.699531

Vgs: 3.5
0.18112799999999998
0.18113400000000002
0.18107299999999998
0.181135
0.181337
0.181813
0.18232900000000002
0.182839
0.18351
0.18425
0.185112
0.186038
0.187274
0.188497
0.189915
0.191667
0.193458
0.19549
0.197663
0.200116
0.20294299999999998
0.206025
0.209584
0.2134
0.21784699999999999
0.223105
0.22918
0.23632899999999998
0.24578000000000003
0.258728
0.275254
0.292627
0.311095
0.32930600000000004
0.34789499999999995
0.367037
0.386413
0.405974
0.425021
0.444624
0.464654
0.48424500000000004
0.501509
0.522859
0.541455
0.5593790000000001
0.576848
0.59385
0.609523
0.62546
0.6406229999999999
0.6548809999999999
0.668876
0.682504
0.69577
0.708182
0.71966
0.730325
0.740448
0.7496729999999999
0.758583
0.766861
0.774151
0.780928
0.787092
0.793169
0.798412
0.80395
0.809268
0.81391
0.818128
0.822279
0.8255750000000001
0.828605
0.83185
0.8343619999999999
0.837187
0.83958
0.841878
0.843704
0.845321

Vgs: 4.0
0.25058600000000003
0.250563
0.250607
0.250627
0.251343
0.251912
0.252534
0.253344
0.254365
0.255412
0.256541
0.257925
0.259212
0.26058800000000004
0.262166
0.26383
0.265633
0.26754300000000003
0.269608
0.271733
0.27409
0.27666399999999997
0.279392
0.282377
0.285593
0.289145
0.293066
0.297316
0.302147
0.30755099999999996
0.313502
0.32052699999999995
0.329263
0.339683
0.35408500000000004
0.37247
0.391705
0.412259
0.43190999999999996
0.450789
0.472545
0.49339700000000003
0.5143920000000001
0.5355960000000001
0.557332
0.5784349999999999
0.5991390000000001
0.620362
0.6407309999999999
0.6604140000000001
0.679799
0.69919
0.717166
0.734532
0.751863
0.7688929999999999
0.784305
0.800291
0.814689
0.829132
0.842789
0.855534
0.8677999999999999
0.879324
0.8900279999999999
0.899784
0.908554
0.916583
0.9244290000000001
0.932071
0.939141
0.945403
0.95128
0.956812
0.962118
0.966765
0.971321
0.975279
0.9795260000000001
0.983252
0.987465

Vgs: 4.5
0.329584
0.329603
0.32948299999999997
0.329573
0.330348
0.33164499999999997
0.33239599999999997
0.333215
0.334273
0.33503299999999997
0.336607
0.337869
0.339217
0.340701
0.342285
0.343975
0.34575
0.347572
0.34961600000000004
0.351728
0.353991
0.356476
0.358954
0.361591
0.364499
0.36753399999999997
0.370806
0.374187
0.37782
0.381889
0.385955
0.39053299999999996
0.395503
0.401128
0.406946
0.413881
0.421761
0.431177
0.442936
0.459018
0.478682
0.5002770000000001
0.521515
0.5429350000000001
0.565076
0.5866899999999999
0.608555
0.631197
0.653517
0.676616
0.699607
0.721017
0.742807
0.764428
0.7859889999999999
0.8072440000000001
0.826894
0.8473390000000001
0.865739
0.884765
0.9031440000000001
0.919503
0.9367369999999999
0.9527370000000001
0.9683930000000001
0.9835919999999999
0.9975819999999999
1.01494
1.02483
1.03662
1.04743
1.05688
1.06585
1.07448
1.08314
1.0907
1.09806
1.10422
1.11019
1.1164599999999998
1.12165

Vgs: 5.0
0.41724
0.41723299999999997
0.417098
0.417138
0.417381
0.418957
0.419947
0.421028
0.422227
0.423572
0.424822
0.42617000000000005
0.42755400000000005
0.429191
0.430882
0.43257799999999996
0.43445700000000004
0.436353
0.438288
0.440091
0.44242899999999996
0.444585
0.446764
0.44933
0.45233399999999996
0.455017
0.457833
0.460849
0.464005
0.4674
0.470938
0.474746
0.478795
0.482675
0.487183
0.492101
0.497191
0.50294
0.5089130000000001
0.515875
0.523468
0.53239
0.5425439999999999
0.556078
0.572466
0.593383
0.615321
0.6383829999999999
0.6616989999999999
0.684964
0.70867
0.731163
0.755129
0.777889
0.802012
0.825507
0.848572
0.87269
0.876757
0.8768549999999999
0.876891
0.876893
0.876933
0.876949
0.876968
0.950037
1.06427
1.07864
1.09615
1.1123800000000001
1.12809
1.14385
1.15786
1.17096
1.1835
1.19582
1.20624
1.21654
1.22577
1.2343300000000001
1.24246

Vgs: 5.5
0.515721
0.515905
0.515725
0.515719
0.515865
0.517689
0.519045
0.52008
0.521083
0.5228200000000001
0.524475
0.525998
0.5275040000000001
0.5290320000000001
0.5305019999999999
0.5317120000000001
0.530778
0.532766
0.5348459999999999
0.5368970000000001
0.5391779999999999
0.541233
0.5435960000000001
0.5460579999999999
0.548682
0.551216
0.5539
0.5567350000000001
0.5597380000000001
0.562705
0.566002
0.5693389999999999
0.572808
0.576377
0.580144
0.584214
0.5885410000000001
0.592877
0.597507
0.6023489999999999
0.607828
0.6135039999999999
0.619595
0.626218
0.633499
0.641771
0.6511750000000001
0.694765
0.749352
0.758393
0.760779
0.7646900000000001
0.792161
0.79973
0.8175250000000001
0.836224
0.857333
0.873825
0.8948940000000001
0.908504
0.929845
0.931256
0.933139
0.938044
0.943673
0.9437329999999999
0.940972
0.931159
0.967704
0.9800970000000001
0.964438
0.953711
0.9114080000000001
0.957202
0.918835
0.8757510000000001
0.86905
0.895966
0.8976970000000001
0.911019
0.953546

Vgs: 6.0
0.614218
0.6137910000000001
0.6140100000000001
0.6139319999999999
0.613842
0.614712
0.616515
0.617804
0.6192040000000001
0.620697
0.622822
0.6238980000000001
0.6258589999999999
0.628119
0.6288
0.631052
0.6329760000000001
0.635752
0.640214
0.638803
0.651382
0.645576
0.650413
0.656315
0.6578480000000001
0.661861
0.664689
0.668862
0.722043
0.67356
0.716622
0.886663
0.876782
0.893914
0.9021710000000001
0.905786
0.922634
0.914324
0.929036
0.910443
0.934828
0.943169
0.905411
0.915687
0.91997
0.909833
0.9447099999999999
0.953319
0.941229
0.960074
0.9204950000000001
0.961201
0.9624590000000001
0.954238
0.965266
0.964736
0.966575
0.96904
0.9677699999999999
0.971395
0.975324
0.976393
0.9802509999999999
0.9994850000000001
0.9898960000000001
0.989547
1.00542
0.9766779999999999
0.9849380000000001
0.9873519999999999
1.0179200000000002
1.02173
1.0294699999999999
0.99796
0.995793
0.9938130000000001
0.9954569999999999
0.998144
0.9946
0.996488
0.995765

Vgs: 6.5
0.720988
0.721237
0.7210409999999999
0.720782
0.721208
0.721104
0.722711
0.724245
0.7254619999999999
0.727071
0.728698
0.7304590000000001
0.7319450000000001
0.7337469999999999
0.735563
0.737283
0.739323
0.741298
0.743242
0.7455050000000001
0.747638
0.7498980000000001
0.752153
0.754409
0.756837
0.7593749999999999
0.762102
0.764783
0.767421
0.770284
0.773005
0.7757919999999999
0.779088
0.7821389999999999
0.785358
0.788723
0.792208
0.795797
0.7994089999999999
0.803388
0.807377
0.811374
0.81582
0.8202809999999999
0.824797
0.829566
0.834642
0.839862
0.845356
0.851292
0.857546
0.8641089999999999
0.871174
0.8787200000000001
0.887031
0.896415
0.906389
0.918415
0.933131
0.952781
0.972908
1.00843
1.03148
1.05735
1.07759
1.10759
1.13352
1.1599
1.1853
1.2103599999999999
1.2287299999999999
1.26384
1.2574100000000001
1.27475
1.3266
1.33754
1.3648600000000002
1.39287
1.42444
1.43253
1.47024

Vgs: 7.0
0.8351689999999999
0.834986
0.835241
0.8351390000000001
0.83521
0.835078
0.8368639999999999
0.838588
0.840247
0.842243
0.8526509999999999
0.85485
0.856109
0.8580289999999999
0.8591249999999999
0.8611909999999999
0.863077
0.865793
0.868341
0.8716
0.878438
0.880784
0.8802909999999999
0.869029
0.87134
0.873761
0.8762260000000001
0.878641
0.881406
0.883935
0.886843
0.889408
0.8921359999999999
0.89538
0.898385
0.9015110000000001
0.904809
0.907999
0.911509
0.914821
0.918466
0.922275
0.926123
0.9301090000000001
0.934171
0.938561
0.9428289999999999
0.947335
0.951774
0.957026
0.962097
0.967388
0.9730570000000001
0.978645
0.9851479999999999
0.9915869999999999
0.998425
1.00872
1.01509
1.02394
1.03321
1.04396
1.0562200000000002
1.07146
1.09202
1.11629
1.14218
1.16938
1.1965400000000002
1.22259
1.2495399999999999
1.27658
1.30395
1.33059
1.3581100000000002
1.38503
1.41114
1.43835
1.46448
1.49061
1.5159500000000001

Vgs: 7.5
0.955569
0.955378
0.955253
0.955759
0.955472
0.955296
0.956382
0.958351
0.959762
0.9615290000000001
0.963203
0.965047
0.966932
0.968935
0.970787
0.9729829999999999
0.9760749999999999
0.977475
0.98072
0.9838979999999999
0.9871920000000001
0.989713
0.9911640000000002
0.9946860000000001
0.9977280000000001
0.9996740000000001
1.00473
1.00894
1.01164
1.0150700000000001
1.01759
1.02023
1.02279
1.02687
1.02928
1.03298
1.03616
1.03926
1.04359
1.04705
1.05091
1.05548
1.0582799999999999
1.0621
1.07204
1.0762600000000002
1.08106
1.08515
1.08808
1.09264
1.0968099999999998
1.10015
1.1053199999999999
1.10962
1.11315
1.1183
1.12331
1.1287999999999998
1.13531
1.14164
1.14649
1.15408
1.15953
1.167
1.1753799999999999
1.18349
1.19239
1.20431
1.21706
1.23549
1.2593400000000001
1.28606
1.31307
1.3407099999999998
1.36777
1.39642
1.4125400000000001
1.42514
1.4398900000000001
1.4343299999999999
1.41802

Vgs: 8.0
1.0829900000000001
1.0836000000000001
1.08441
1.08423
1.08393
1.08373
1.0841100000000001
1.08642
1.0882699999999998
1.0892199999999999
1.09089
1.0931300000000002
1.09514
1.0969300000000002
1.09875
1.10082
1.10307
1.10473
1.1066699999999998
1.10867
1.11068
1.11278
1.1143399999999999
1.1173000000000002
1.11926
1.12223
1.1244200000000002
1.12689
1.12888
1.13139
1.13432
1.1366
1.1394
1.14215
1.14506
1.14817
1.15102
1.15426
1.15771
1.16086
1.1641299999999999
1.16724
1.17042
1.17396
1.17716
1.1810399999999999
1.18449
1.18833
1.19232
1.19627
1.20028
1.20446
1.20854
1.21282
1.21754
1.22218
1.2271
1.2319900000000001
1.2367400000000002
1.24238
1.2479
1.25442
1.26436
1.39432
1.50568
1.5296100000000001
1.53969
1.5416500000000002
1.54572
1.53216
1.54772
1.5471300000000001
1.5476699999999999
1.54897
1.5494700000000001
1.54972
1.5500399999999999
1.5504799999999999
1.55066
1.55116
1.55121
