Vgs range: 0,8,0.5
Vds range: 0,8,0.1

Vgs: 0.0
-0.000126379
0.00027364
0.000531612
0.000755334
0.000985232
0.00126443
0.0017881000000000001
0.00289646
0.0045696999999999995
0.0065464
0.008744330000000002
0.0110148
0.0134153
0.0158839
0.0184377
0.0210844
0.023892399999999998
0.0269784
0.0304649
0.0343797
0.0388323
0.0437921
0.049404
0.0554044
0.062068200000000004
0.0692514
0.0769746
0.0851494
0.09371070000000001
0.10307200000000001
0.11260999999999999
0.12260299999999999
0.133193
0.14396299999999998
0.155187
0.167248
0.179279
0.191775
0.204592
0.21810100000000002
0.231626
0.24563100000000002
0.25987
0.274594
0.289524
0.304845
0.32017999999999996
0.335915
0.352396
0.37017
0.386504
0.40244500000000005
0.420347
0.43776
0.456914
0.475471
0.49389099999999997
0.512841
0.5317930000000001
0.5497399999999999
0.570097
0.5900299999999999
0.6095929999999999
0.630618
0.650714
0.671597
0.6924239999999999
0.714322
0.7358640000000001
0.757098
0.779229
0.8013290000000001
0.82404
0.846413
0.8681490000000001
0.8934080000000001
0.9154070000000001
0.9376089999999999
0.959794
0.983297
1.00811

Vgs: 0.5
-0.000117289
0.000430469
0.000712084
0.0009425140000000001
0.00116997
0.00140193
0.00163181
0.00186411
0.0020942400000000003
0.00233763
0.00264139
0.00324903
0.00454368
0.006511090000000001
0.008996279999999999
0.01199
0.0154979
0.019459200000000003
0.023894
0.0288591
0.0342664
0.0401756
0.0465937
0.053495400000000005
0.0608526
0.068674
0.0769622
0.0856428
0.0948099
0.104504
0.114641
0.125062
0.135845
0.147149
0.158708
0.170766
0.18301299999999998
0.195843
0.208619
0.222156
0.235696
0.24999700000000002
0.264678
0.279519
0.294814
0.31012900000000004
0.326044
0.342016
0.358812
0.375763
0.392772
0.40917
0.426754
0.444753
0.4634
0.48170999999999997
0.500267
0.518096
0.537623
0.558048
0.5783090000000001
0.597477
0.6169199999999999
0.638814
0.6598179999999999
0.6803910000000001
0.701381
0.723518
0.745427
0.768356
0.7890539999999999
0.811662
0.832847
0.855861
0.879359
0.9023739999999999
0.9255669999999999
0.947777
0.973892
0.9977530000000001
1.02276

Vgs: 1.0
-0.00023706699999999999
0.00502847
0.00889665
0.0114734
0.0130474
0.0139004
0.0144032
0.014804
0.0151707
0.015525399999999998
0.015871100000000003
0.016207199999999998
0.016540399999999997
0.0168718
0.017224999999999997
0.01771
0.0187909
0.02125
0.0251601
0.0300955
0.035773
0.0419939
0.0489483
0.0562507
0.06414589999999999
0.0724469
0.08122610000000001
0.0903927
0.100111
0.11023
0.120656
0.13151
0.142704
0.15435500000000002
0.166393
0.178928
0.191862
0.20499599999999998
0.21855
0.232548
0.24649200000000002
0.261071
0.275978
0.291035
0.306796
0.322736
0.338681
0.355292
0.372355
0.389325
0.40685
0.424278
0.442168
0.460501
0.478771
0.497349
0.515982
0.535426
0.554587
0.5740149999999999
0.593456
0.6140549999999999
0.634785
0.655061
0.675748
0.696137
0.717601
0.739926
0.761338
0.78323
0.805761
0.828134
0.851409
0.873747
0.896748
0.9197120000000001
0.9432229999999999
0.966573
0.989649
1.01389
1.0382200000000001

Vgs: 1.5
-0.000931739
0.00896908
0.017793200000000002
0.025655999999999998
0.0325383
0.0383806
0.0431638
0.046879199999999996
0.0495817
0.051381899999999994
0.0525237
0.0532906
0.0538907
0.054450000000000005
0.0549696
0.0554743
0.0559679
0.0564354
0.0569059
0.0573909
0.05805709999999999
0.059552799999999996
0.0630888
0.0686143
0.0755266
0.0832762
0.0916928
0.100603
0.11008100000000001
0.120061
0.130482
0.141342
0.15256899999999998
0.16423
0.176271
0.188757
0.201465
0.214727
0.228259
0.242212
0.256388
0.271028
0.286009
0.30108799999999997
0.316706
0.33272
0.348709
0.36524300000000004
0.381775
0.398847
0.416088
0.43378
0.45162199999999997
0.46960300000000005
0.488096
0.506916
0.5257550000000001
0.544831
0.564439
0.584067
0.6041310000000001
0.623734
0.644037
0.664815
0.685537
0.707321
0.72892
0.750766
0.772053
0.794277
0.81618
0.837844
0.860133
0.8824339999999999
0.905172
0.9283199999999999
0.952903
0.9766119999999999
0.9995290000000001
1.0245199999999999
1.04836

Vgs: 2.0
-0.00290631
0.010285
0.022694
0.0343609
0.045309100000000005
0.055527
0.0649962
0.07364580000000001
0.0814399
0.0883398
0.0942818
0.0992424
0.103211
0.106226
0.10840000000000001
0.10989600000000001
0.11097199999999999
0.111835
0.112608
0.11330899999999999
0.113979
0.114624
0.115245
0.11586
0.11651099999999999
0.117408
0.119586
0.12425199999999999
0.13117
0.139524
0.148898
0.158979
0.169596
0.180834
0.192487
0.204649
0.217167
0.230233
0.243554
0.257365
0.271534
0.285851
0.300725
0.315969
0.331584
0.347338
0.363532
0.37982899999999997
0.396651
0.41370399999999996
0.431134
0.448572
0.46667200000000003
0.48482400000000003
0.50339
0.5220020000000001
0.54077
0.560061
0.579585
0.599288
0.6187830000000001
0.638981
0.6594409999999999
0.68001
0.7006859999999999
0.722181
0.743317
0.764889
0.786908
0.809265
0.830462
0.852796
0.875356
0.897956
0.920597
0.944032
0.967504
0.990395
1.0150599999999999
1.03867
1.0629199999999999

Vgs: 2.5
-0.00694524
0.00883274
0.023990900000000003
0.0383625
0.0522805
0.0660109
0.0791372
0.0916806
0.103601
0.114824
0.125288
0.134979
0.143863
0.151895
0.15901099999999999
0.16519
0.170403
0.17466700000000002
0.177991
0.180496
0.182309
0.18367899999999998
0.184799
0.185791
0.186681
0.18754700000000002
0.18838000000000002
0.189149
0.189914
0.190712
0.19182100000000002
0.194329
0.199682
0.207758
0.217407
0.228198
0.239687
0.25183
0.264496
0.27775
0.291369
0.305421
0.31990799999999997
0.334753
0.350006
0.3655
0.381368
0.39776900000000004
0.414437
0.43135
0.448731
0.46620500000000004
0.483901
0.5021
0.520712
0.5390090000000001
0.557964
0.5770919999999999
0.596543
0.616101
0.635958
0.656186
0.676961
0.697225
0.718054
0.73938
0.7605160000000001
0.781623
0.803578
0.825611
0.847722
0.869937
0.89254
0.915785
0.938603
0.961473
0.9845240000000001
1.01021
1.03414
1.05753
1.08095

Vgs: 3.0
-0.0134381
0.00343559
0.0206432
0.0374732
0.0540492
0.07033650000000001
0.08631520000000001
0.10206599999999999
0.117391
0.13228099999999998
0.146637
0.160389
0.173471
0.185817
0.19739
0.208168
0.218094
0.227178
0.23541299999999998
0.24272000000000002
0.249092
0.254423
0.25888300000000003
0.262432
0.26519800000000004
0.26728500000000005
0.26891699999999996
0.27026300000000003
0.271459
0.272559
0.273581
0.27453900000000003
0.27547
0.27637799999999996
0.27730499999999997
0.278536
0.281222
0.28702000000000005
0.295853
0.30667900000000003
0.31855
0.33126500000000003
0.344688
0.358545
0.37308
0.38795700000000005
0.403412
0.419169
0.43539
0.45186
0.468708
0.486024
0.5035229999999999
0.5213760000000001
0.539662
0.557998
0.576763
0.595934
0.6155229999999999
0.634681
0.654648
0.674734
0.6948040000000001
0.7154229999999999
0.736235
0.757526
0.778556
0.799312
0.820688
0.842743
0.8643350000000001
0.8869849999999999
0.90997
0.932076
0.9546370000000001
0.97821
1.00266
1.02593
1.04911
1.07286
1.0974400000000002

Vgs: 3.5
-0.022169499999999998
-0.00320372
0.015474299999999998
0.033817
0.052058600000000003
0.0702632
0.0884048
0.106495
0.124437
0.142116
0.159466
0.176353
0.19287100000000001
0.20926
0.224207
0.239267
0.253555
0.267059
0.279732
0.291592
0.302626
0.312624
0.32185800000000003
0.330169
0.337571
0.344013
0.349535
0.35409
0.35780300000000004
0.360726
0.363028
0.364874
0.36643800000000004
0.367815
0.36909200000000003
0.370294
0.371388
0.37246399999999996
0.373506
0.37455000000000005
0.375987
0.379085
0.38569899999999996
0.395318
0.407022
0.419829
0.433573
0.447973
0.46297299999999997
0.478512
0.49453400000000003
0.5109929999999999
0.527876
0.545034
0.562663
0.580568
0.598804
0.617505
0.636373
0.655723
0.675156
0.694859
0.7148770000000001
0.735217
0.756053
0.776786
0.797779
0.8187030000000001
0.84018
0.862197
0.883834
0.905756
0.927806
0.950232
0.973043
0.9955249999999999
1.0202200000000001
1.0436899999999998
1.06748
1.09063
1.11425

Vgs: 4.0
-0.0317167
-0.011543
0.00821712
0.0278085
0.0475181
0.06735730000000001
0.0876295
0.107448
0.127129
0.147065
0.166885
0.186534
0.20586700000000002
0.22504
0.243781
0.26222300000000004
0.279977
0.297326
0.31397499999999995
0.329906
0.345013
0.35921800000000004
0.372684
0.38526
0.397011
0.407988
0.418123
0.427267
0.43543899999999996
0.44274199999999997
0.449113
0.45455700000000004
0.459124
0.462842
0.465833
0.468275
0.47025
0.471966
0.47351
0.474908
0.476254
0.477523
0.478697
0.479896
0.481084
0.482476
0.485242
0.491523
0.5015259999999999
0.513713
0.527459
0.542149
0.5576760000000001
0.573677
0.5903809999999999
0.607377
0.624825
0.642825
0.660985
0.679804
0.6987570000000001
0.718159
0.737953
0.758103
0.7781819999999999
0.7985909999999999
0.819465
0.840175
0.861221
0.882665
0.904516
0.926207
0.9484600000000001
0.9703440000000001
0.992765
1.0173
1.0405499999999999
1.06345
1.0868099999999998
1.11012
1.13378

Vgs: 4.5
-0.0417525
-0.0206022
0.000187355
0.0208744
0.041547
0.062296699999999997
0.0833468
0.104468
0.125809
0.14729799999999998
0.16881000000000002
0.190325
0.211681
0.232976
0.254249
0.27502800000000005
0.295663
0.316018
0.335881
0.355372
0.37426499999999996
0.392405
0.410212
0.427057
0.443185
0.458519
0.472945
0.486424
0.49899899999999997
0.510799
0.5216869999999999
0.531702
0.540786
0.548978
0.556182
0.562457
0.56782
0.5723590000000001
0.576098
0.579159
0.581728
0.5838730000000001
0.585741
0.587438
0.588995
0.590432
0.591811
0.593153
0.5944159999999999
0.595734
0.597201
0.6001179999999999
0.606622
0.617059
0.630004
0.64456
0.660082
0.676312
0.6931860000000001
0.710682
0.728665
0.7471030000000001
0.7658240000000001
0.784953
0.804465
0.8244199999999999
0.8446589999999999
0.8651899999999999
0.885913
0.906922
0.9283250000000001
0.949728
0.97136
0.993303
1.01723
1.03978
1.0623500000000001
1.08474
1.10731
1.1307800000000001
1.15408

Vgs: 5.0
-0.0535382
-0.0316391
-0.0101413
0.011417799999999999
0.0332245
0.0548026
0.076888
0.0992875
0.121888
0.14452500000000001
0.16772700000000001
0.190493
0.213688
0.236701
0.25975899999999996
0.282677
0.305562
0.32811500000000005
0.350412
0.37244900000000003
0.394086
0.41536999999999996
0.43647199999999997
0.45689
0.47680500000000003
0.496081
0.5146470000000001
0.532443
0.5495819999999999
0.565681
0.580931
0.595332
0.608662
0.621042
0.632603
0.643322
0.6531450000000001
0.662068
0.6700119999999999
0.677036
0.683179
0.688453
0.6928979999999999
0.696633
0.6997410000000001
0.702361
0.704574
0.70656
0.708377
0.710036
0.711615
0.7131000000000001
0.714549
0.7159300000000001
0.7173
0.718871
0.721846
0.728654
0.739566
0.7531699999999999
0.7682249999999999
0.784435
0.801543
0.819305
0.83745
0.8562580000000001
0.8753489999999999
0.894788
0.914682
0.934991
0.955571
0.976556
0.99779
1.02059
1.04257
1.06433
1.08655
1.10895
1.13188
1.1547
1.17781

Vgs: 5.5
-0.06590979999999999
-0.0436055
-0.021477100000000002
0.000570587
0.0231732
0.0459916
0.06864250000000001
0.0918911
0.115524
0.13922
0.16325199999999998
0.187359
0.212072
0.23635299999999998
0.260452
0.285005
0.30953
0.33349999999999996
0.357737
0.381755
0.405602
0.42938699999999996
0.452823
0.475631
0.498622
0.520884
0.5427420000000001
0.564201
0.5847610000000001
0.604882
0.624414
0.6432220000000001
0.661376
0.678562
0.694688
0.7099460000000001
0.724216
0.737442
0.749659
0.761059
0.771617
0.781236
0.789888
0.797608
0.804477
0.8104129999999999
0.815562
0.819926
0.823615
0.8267180000000001
0.8293969999999999
0.831707
0.833807
0.835699
0.837469
0.839143
0.840725
0.842229
0.84369
0.8451259999999999
0.8468030000000001
0.8500270000000001
0.8571730000000001
0.8686429999999999
0.882667
0.898366
0.9151670000000001
0.9328799999999999
0.951226
0.970183
0.989595
1.0108000000000001
1.0312299999999999
1.05184
1.07278
1.09404
1.11567
1.1374499999999999
1.1597
1.18196
1.2045000000000001

Vgs: 6.0
-0.0793525
-0.0563817
-0.0338881
-0.0118087
0.011064699999999998
0.0344059
0.0578433
0.08204850000000001
0.10658999999999999
0.131108
0.156187
0.18143900000000002
0.206666
0.232285
0.257925
0.283617
0.309569
0.334934
0.36044000000000004
0.386308
0.41184400000000004
0.436971
0.462185
0.487002
0.512088
0.5363800000000001
0.560634
0.584515
0.607954
0.631236
0.653763
0.676032
0.697568
0.718475
0.739094
0.758986
0.777853
0.795926
0.812954
0.829213
0.844352
0.858633
0.8717659999999999
0.883722
0.894876
0.9051830000000001
0.914605
0.923124
0.930741
0.937411
0.943266
0.9483029999999999
0.952624
0.956242
0.959361
0.962091
0.964486
0.966631
0.968669
0.970551
0.972266
0.97392
0.97551
0.9770829999999999
0.9785950000000001
0.980399
0.983788
0.991323
1.00461
1.01907
1.0353400000000001
1.05265
1.0711
1.09
1.10955
1.1294600000000001
1.14985
1.1705299999999998
1.19175
1.21335
1.23506

Vgs: 6.5
-0.09357120000000001
-0.0701014
-0.0467947
-0.0236506
-0.000136145
0.023593
0.047750100000000004
0.0723941
0.09759759999999999
0.122965
0.148703
0.174737
0.200692
0.227124
0.253753
0.280576
0.30724700000000005
0.333939
0.36086799999999997
0.388232
0.415248
0.441921
0.468778
0.495266
0.522193
0.548326
0.574392
0.60013
0.625706
0.651367
0.6763239999999999
0.701122
0.725324
0.749167
0.772429
0.795481
0.817724
0.8395940000000001
0.860702
0.8810899999999999
0.900508
0.919375
0.9371740000000001
0.954166
0.970358
0.9852509999999999
0.999139
1.0136100000000001
1.02559
1.0365199999999999
1.04646
1.05556
1.0637100000000002
1.07094
1.07737
1.08297
1.08785
1.0920400000000001
1.09563
1.0987799999999999
1.10151
1.10397
1.10617
1.1081999999999999
1.1100999999999999
1.1119400000000002
1.11369
1.11534
1.11696
1.1184800000000001
1.12023
1.12348
1.13101
1.1431799999999999
1.1581899999999998
1.17491
1.1927699999999999
1.21152
1.231
1.25096
1.27143

Vgs: 7.0
-0.109429
-0.08759600000000001
-0.0634859
-0.039527200000000005
-0.015658000000000002
0.008729859999999999
0.0339298
0.0593613
0.08546519999999999
0.111391
0.138292
0.165167
0.192081
0.219289
0.246639
0.27428100000000005
0.302321
0.33034399999999997
0.358239
0.386419
0.414362
0.44214200000000003
0.470239
0.49854299999999996
0.5266580000000001
0.554485
0.582199
0.6097849999999999
0.6374110000000001
0.664578
0.691345
0.718069
0.744223
0.77064
0.7963560000000001
0.821594
0.846546
0.871181
0.8952819999999999
0.918825
0.941763
0.964171
0.9858399999999999
1.0085000000000002
1.02906
1.04861
1.0673
1.0850600000000001
1.1018
1.11768
1.13227
1.14584
1.15844
1.16992
1.1805400000000001
1.19015
1.1988400000000001
1.20671
1.2136799999999999
1.21986
1.22527
1.22993
1.23397
1.23746
1.2405199999999998
1.24322
1.2456800000000001
1.24791
1.25004
1.25201
1.2539
1.25567
1.25738
1.2590299999999999
1.26068
1.26247
1.2656500000000002
1.27332
1.28568
1.3010700000000002
1.31833

Vgs: 7.5
-0.123889
-0.100897
-0.0770679
-0.053293
-0.0289154
-0.004549790000000001
0.0204466
0.046151700000000004
0.0723749
0.0988928
0.126237
0.15342
0.18107099999999998
0.208879
0.237335
0.265304
0.293715
0.322438
0.350777
0.3798
0.408833
0.437585
0.46649799999999997
0.495523
0.524863
0.553736
0.583174
0.611779
0.640435
0.6691069999999999
0.697517
0.7258800000000001
0.754334
0.782246
0.809917
0.837115
0.8641220000000001
0.891477
0.917974
0.9441630000000001
0.9695250000000001
0.994748
1.02084
1.04554
1.0695
1.09296
1.1158
1.13779
1.1590699999999998
1.17938
1.19901
1.2175
1.23515
1.2517699999999998
1.26717
1.28156
1.2946900000000001
1.30692
1.3180399999999999
1.32836
1.3376
1.34599
1.3535000000000001
1.36026
1.3661400000000001
1.3713600000000001
1.37584
1.37979
1.3831799999999999
1.38623
1.38896
1.39143
1.3937000000000002
1.3958499999999998
1.3978899999999999
1.39978
1.4016
1.40335
1.40499
1.4066400000000001
1.4084699999999999

Vgs: 8.0
-0.14042500000000002
-0.115807
-0.09108999999999999
-0.0668831
-0.0419009
-0.0165329
0.00861037
0.0349478
0.06191289999999999
0.08878069999999999
0.116921
0.14512999999999998
0.17306600000000003
0.20126899999999998
0.22988699999999998
0.258742
0.287715
0.31693699999999997
0.34640400000000005
0.37539700000000004
0.405194
0.434861
0.46519699999999997
0.495612
0.525566
0.5554250000000001
0.585232
0.6152599999999999
0.645131
0.67503
0.7048030000000001
0.73458
0.764178
0.793925
0.823219
0.852513
0.881448
0.9100980000000001
0.938485
0.966604
0.994617
1.0236699999999999
1.0504799999999999
1.0773300000000001
1.10366
1.1299400000000002
1.1550799999999999
1.1800599999999999
1.20441
1.22798
1.25129
1.27366
1.29547
1.3163
1.33631
1.35531
1.37331
1.3904
1.40632
1.42108
1.4348
1.44757
1.4591999999999998
1.4699
1.4796200000000002
1.4885300000000001
1.4965600000000001
1.50373
1.51018
1.51583
1.5208000000000002
1.52508
1.5289
1.53224
1.5352700000000001
1.53797
1.54037
1.5426199999999999
1.54479
1.5467899999999999
1.54878
