Vgs range: 0,8,0.5
Vds range: 0,8,0.1

Vgs: 0.0
-3.1133e-05
0.000690496
0.0010817899999999998
0.0014187499999999999
0.00181072
0.00235493
0.00331777
0.00488827
0.00699677
0.00955757
0.0124043
0.0155168
0.0188735
0.022456300000000002
0.0263327
0.0306344
0.0357764
0.0422859
0.050732
0.0833516
0.0751362
0.0914459
0.110804
0.133435
0.15903099999999998
0.187927
0.219952
0.25533700000000004
0.293746
0.33485
0.38034
0.428645
0.4794
0.534162
0.590377
0.650796
0.714456
0.780656
0.85052
0.9214270000000001
0.9949150000000001
1.0737999999999999
1.15313
1.23592
1.32067
1.4091399999999998
1.4986000000000002
1.592
1.6844
1.7811299999999999
1.88174
1.9829
2.0883999999999996
2.19345
2.3033200000000003
2.4095
2.5224100000000003
2.63502
2.75163
2.86821
2.98436
3.1029500000000003
3.2311
3.35536
3.4804
3.6072
3.7338
3.86742
3.9963100000000003
4.1344199999999995
4.27252
4.40487
4.5418400000000005
4.6739
4.81682
4.960240000000001
5.098809999999999
5.25018
5.40754
5.5557799999999995
5.70939

Vgs: 0.5
-3.70063e-05
0.0022362
0.0029449700000000003
0.00337139
0.0038188099999999997
0.0043068099999999995
0.00484516
0.005421029999999999
0.00603478
0.00669771
0.00757271
0.00915588
0.0118141
0.0155352
0.0203354
0.0263915
0.0338971
0.043086900000000004
0.054096
0.06717730000000001
0.08246310000000001
0.09987850000000001
0.120016
0.142722
0.16797700000000002
0.196249
0.22698600000000002
0.260325
0.296396
0.33552899999999997
0.378516
0.430396
0.47012600000000004
0.520362
0.57378
0.6282650000000001
0.688546
0.751322
0.813134
0.8776860000000001
0.945904
1.02069
1.0936400000000002
1.16955
1.25128
1.3349
1.42235
1.50987
1.6019700000000001
1.6967700000000001
1.79698
1.89478
1.9991599999999998
2.10392
2.20796
2.31952
2.42916
2.5447
2.66087
2.78269
2.9042600000000003
3.02011
3.13931
3.26973
3.3994199999999997
3.53038
3.66571
3.7927999999999997
3.94366
4.08359
4.22196
4.36528
4.51438
4.66426
4.8009
4.9581800000000005
5.09599
5.24274
5.3882699999999994
5.54633
5.69915

Vgs: 1.0
-0.000163339
0.0261244
0.0457184
0.059101
0.0671344
0.0713069
0.0734812
0.07501859999999999
0.07637820000000001
0.0777148
0.0790662
0.0803854
0.08170870000000001
0.08302319999999999
0.0844543
0.0866599
0.0912957
0.0992856
0.110414
0.12429899999999999
0.140723
0.159593
0.181292
0.205368
0.232317
0.262229
0.29457
0.329721
0.367957
0.408961
0.45263200000000003
0.499394
0.548426
0.603349
0.654524
0.7119
0.9196420000000001
0.8350690000000001
0.9200389999999999
0.969414
1.0426
1.1145
1.1907
1.27046
1.35019
1.43407
1.5202499999999999
1.6086200000000002
1.6985999999999999
1.79452
1.89028
1.9906799999999998
2.09197
2.19555
2.29916
2.40976
2.51858
2.63396
2.749
2.86976
2.9866099999999998
3.11204
3.23842
3.36811
3.49782
3.63458
3.7700099999999996
3.90656
4.04115
4.17164
4.32744
4.46693
4.615069999999999
4.75488
4.89984
5.040290000000001
5.19786
5.34394
5.4947099999999995
5.64164
5.7921700000000005

Vgs: 1.5
-0.000710167
0.051718
0.0982177
0.13886500000000002
0.17376
0.202815
0.226067
0.24360500000000002
0.255911
0.26383100000000004
0.268602
0.271778
0.27429899999999996
0.27658
0.278746
0.28084600000000004
0.2829
0.28487199999999996
0.290188
0.331659
0.32660300000000003
0.402881
0.42754000000000003
0.47246499999999997
0.557137
0.601436
0.6363500000000001
0.622813
0.588292
0.677304
0.747417
0.8137319999999999
0.657289
0.711465
0.763522
0.821889
0.8987189999999999
0.945446
1.01288
1.2703
1.1534099999999998
1.3603
1.32611
1.42761
1.4676699999999998
1.55631
1.63863
1.7268400000000002
1.8189499999999998
1.93785
2.0120099999999996
2.10807
2.2083
2.31357
2.42439
2.53266
2.64358
2.75583
2.87366
2.98823
3.10541
3.23026
3.35749
3.48395
3.61138
3.74369
3.87531
4.01119
4.1536
4.28763
4.42938
4.5657700000000006
4.70408
4.85081
4.989719999999999
5.137840000000001
5.29516
5.4382399999999995
5.6000499999999995
5.75255
5.90832

Vgs: 2.0
-0.00265103
0.07177940000000001
0.14148
0.20617000000000002
0.265995
0.32073799999999997
0.37026000000000003
0.414365
0.45303200000000005
0.486118
0.513577
0.5355270000000001
0.552275
0.564274
0.572406
0.577842
0.581859
0.5851959999999999
0.588245
0.591159
0.593901
0.5965560000000001
0.5991920000000001
0.601767
0.604486
0.608775
0.618588
0.6358969999999999
0.66022
0.690112
0.724507
0.763753
0.80638
0.853547
0.906
1.24958
1.01776
1.07898
1.14361
1.2109
1.28136
1.35523
1.43078
1.51005
1.59257
1.67579
1.76217
1.85263
1.94316
2.03723
2.13469
2.2326799999999998
2.33535
2.44006
2.54603
2.65435
2.7648
2.8769199999999997
2.99272
3.1097099999999998
3.23006
3.35116
3.47413
3.6037
3.72815
3.85963
3.9887200000000003
4.12964
4.259469999999999
4.39828
4.54182
4.677449999999999
4.81642
4.96346
5.11137
5.25953
5.4076200000000005
5.55899
5.71234
5.86492
6.0195300000000005

Vgs: 2.5
-0.0079133
0.0840773
0.17269700000000002
0.257526
0.338876
0.416276
0.489372
0.557832
0.6214970000000001
0.680263
0.7336699999999999
0.7818229999999999
0.824531
0.861963
0.893894
0.9204690000000001
0.9417749999999999
0.9582320000000001
0.970293
0.9788060000000001
0.9849150000000001
0.9896539999999999
0.993889
0.9977020000000001
1.00296
1.0064
1.00975
1.013
1.01617
1.0196
1.02488
1.0369599999999999
1.0582799999999999
1.08817
1.1245999999999998
1.167
1.21433
1.26584
1.3216
1.3816499999999998
1.44513
1.5126899999999999
1.5835000000000001
1.6578700000000002
1.7356699999999998
1.81497
1.8989600000000002
1.98577
2.0754900000000003
2.1679500000000003
2.26262
2.36112
2.46193
2.56328
2.66892
2.7758499999999997
2.88425
2.99513
3.10911
3.22574
3.34299
3.46386
3.58733
3.71148
3.83797
3.9679499999999996
4.09366
4.23325
4.36527
4.50094
4.63806
4.7821299999999995
4.92341
5.0615499999999995
5.20777
5.3549
5.50289
5.651319999999999
5.80453
5.96074
6.11079

Vgs: 3.0
-0.015092900000000001
0.0918123
0.19583099999999998
0.29710000000000003
0.395625
0.49132699999999996
0.5838139999999999
0.672979
0.7583260000000001
0.839789
0.916859
0.9894490000000001
1.05881
1.12166
1.1792099999999999
1.23157
1.27869
1.3205300000000002
1.35698
1.38821
1.41421
1.43499
1.45136
1.4635799999999999
1.47261
1.47953
1.48533
1.48949
1.36206
1.45761
1.49222
1.4426599999999998
1.52447
1.59605
1.61728
1.65832
1.71424
1.81245
1.93874
2.02508
1.9603099999999998
2.09034
2.1986000000000003
2.2237400000000003
2.3042800000000003
2.0204
2.27019
2.1654500000000003
2.2533499999999997
2.33864
2.43071
2.86058
2.61567
2.94935
2.81767
2.9425
3.19319
3.13294
3.24502
3.35749
3.47422
3.5943899999999998
3.71238
3.83611
3.9614200000000004
4.08695
4.2166
4.3457799999999995
4.47846
4.61478
4.74939
4.8924900000000004
5.035869999999999
5.17631
5.32023
5.46647
5.61643
5.77011
5.91956
6.09577
6.2157599999999995

Vgs: 3.5
-0.0243866
0.0944431
0.211304
0.31902800000000003
0.423933
0.535998
0.658126
0.763616
0.866523
0.966445
1.0653299999999999
1.1402
1.11725
1.19582
1.08764
1.02718
1.30309
1.3514300000000001
1.44821
1.7518099999999999
1.77516
1.82341
1.88669
1.9086699999999999
1.96836
1.95243
1.97759
2.1114900000000003
2.06549
2.0501500000000004
2.0187500000000003
1.9904100000000002
1.97788
2.00417
2.07196
2.0771100000000002
2.10449
2.19598
2.19854
2.2340400000000002
2.30545
2.33931
2.35635
2.47273
2.50402
2.8468999999999998
2.88463
3.05928
3.23778
3.3967300000000002
3.57204
3.69143
3.16385
2.90485
3.19406
3.63679
4.15013
3.30451
3.4121
3.5225
3.6350100000000003
3.75101
3.86835
3.9869
4.10921
4.2377400000000005
4.36151
4.49113
4.62005
4.7545
4.88849
5.02468
5.16446
5.3021199999999995
5.44501
5.5899399999999995
5.73655
5.88296
6.02984
6.18156
6.33389

Vgs: 4.0
-0.0365342
0.0926906
0.220624
0.346981
0.47229
0.5949180000000001
0.7169989999999999
0.836741
0.954489
1.07112
1.18436
1.29436
1.40283
1.50766
1.60917
1.7072100000000001
1.80217
1.8930399999999998
1.9797299999999998
2.0621300000000002
2.1391600000000004
2.211
2.27816
2.33969
2.39623
2.44707
2.49284
2.53308
2.56814
2.59826
2.62335
2.64387
2.65995
2.6726699999999997
2.68263
2.69088
2.69801
2.70445
2.7104299999999997
2.71607
2.72143
2.72654
2.73156
2.73646
2.74151
2.74885
2.76501
2.79498
2.83737
2.8890000000000002
2.9491
3.0150200000000003
3.08704
3.16419
3.24683
3.3342
3.42543
3.52242
3.6217799999999998
3.72494
3.8317300000000003
3.9412199999999995
4.05509
4.17019
4.287789999999999
4.40912
4.53143
4.656569999999999
4.78358
4.91508
5.0456199999999995
5.179279999999999
5.31519
5.45197
5.59023
5.72853
5.86945
6.01239
6.15991
6.30626
6.45529

Vgs: 4.5
-0.0492475
0.0883112
0.224863
0.360045
0.493967
0.6278009999999999
0.762167
0.892781
1.02498
1.15447
1.28132
1.40616
1.52955
1.64924
1.76726
1.8825
1.9949999999999999
2.1046799999999997
2.21136
2.3148299999999997
2.41458
2.50939
2.60138
2.68827
2.77115
2.8484700000000003
2.9206000000000003
2.98742
3.04873
3.10472
3.1548000000000003
3.19987
3.2393500000000004
3.27382
3.30296
3.3277699999999997
3.3477200000000003
3.36383
3.37668
3.3869
3.3958299999999997
3.40355
3.41056
3.4170200000000004
3.4232899999999997
3.42917
3.43481
3.4403799999999998
3.44565
3.45118
3.45897
3.47636
3.50813
3.55265
3.60757
3.67074
3.74145
3.8186999999999998
3.9014599999999997
3.9907700000000004
4.08362
4.18149
4.283399999999999
4.38974
4.4998
4.61348
4.729159999999999
4.8487599999999995
4.97025
5.0922600000000005
5.2185299999999994
5.34815
5.479559999999999
5.61386
5.749040000000001
5.88507
6.0234499999999995
6.16446
6.306800000000001
6.45247
6.59699

Vgs: 5.0
-0.0670496
0.0767178
0.220808
0.363703
0.507739
0.6503840000000001
0.791771
0.932675
1.0729
1.21424
1.35039
1.48908
1.6245
1.75878
1.89025
2.01986
2.14791
2.27166
2.39558
2.5143
2.6328300000000002
2.74698
2.86009
2.96809
3.07327
3.17406
3.27148
3.36442
3.4526000000000003
3.53645
3.61471
3.68745
3.7538099999999996
3.81467
3.86985
3.9192899999999997
3.96347
4.00242
4.03614
4.06482
4.08865
4.10824
4.1242
4.13704
4.14769
4.1569
4.16512
4.17272
4.17975
4.18638
4.1928399999999995
4.1989
4.20478
4.21031
4.21631
4.224399999999999
4.2426699999999995
4.276140000000001
4.32325
4.382020000000001
4.44935
4.52424
4.60614
4.69347
4.78651
4.88518
4.9884200000000005
5.0955699999999995
5.20658
5.32236
5.440569999999999
5.56187
5.68567
5.81231
5.941400000000001
6.07364
6.20829
6.34351
6.48039
6.61988
6.76257

Vgs: 5.5
-0.08273330000000001
0.0646809
0.213086
0.360873
0.5088659999999999
0.6579809999999999
0.8084830000000001
0.957072
1.10993
1.25923
1.40938
1.55611
1.70193
1.8482500000000002
1.9927399999999997
2.13417
2.27629
2.41603
2.55444
2.69067
2.8242599999999998
2.95397
3.08447
3.21082
3.33345
3.45168
3.56888
3.68222
3.7928100000000002
3.8996299999999997
4.00019
4.0979399999999995
4.19076
4.27884
4.3614999999999995
4.43869
4.50999
4.57544
4.63483
4.68872
4.7367
4.77958
4.8172
4.84945
4.8770999999999995
4.899749999999999
4.91871
4.9342500000000005
4.9469199999999995
4.95773
4.96727
4.975829999999999
4.9837
4.991149999999999
4.99817
5.00464
5.01115
5.0174199999999995
5.02334
5.02951
5.03765
5.05596
5.089729999999999
5.13852
5.199299999999999
5.269570000000001
5.34744
5.432720000000001
5.52478
5.62235
5.7249
5.83212
5.94463
6.06019
6.17953
6.302160000000001
6.42751
6.55586
6.68719
6.8194
6.9554

Vgs: 6.0
-0.100189
0.053184499999999996
0.204036
0.35774500000000004
0.51114
0.6622969999999999
0.8172579999999999
0.9747290000000001
1.13258
1.29085
1.446
1.59721
1.7494699999999999
1.90343
2.05639
2.20927
2.3619700000000003
2.5141199999999997
2.66465
2.81579
2.9635
3.11215
3.25659
3.40021
3.5404999999999998
3.67615
3.81143
3.94334
4.069640000000001
4.19445
4.31707
4.43544
4.5509699999999995
4.6598999999999995
4.76549
4.8677
4.96525
5.05783
5.14477
5.22714
5.3029
5.37383
5.43807
5.496230000000001
5.54867
5.59543
5.63644
5.67205
5.7032300000000005
5.72949
5.75148
5.76955
5.7846
5.79723
5.80816
5.81785
5.8267500000000005
5.83479
5.8424499999999995
5.8497200000000005
5.85661
5.86313
5.86949
5.8758300000000006
5.8821
5.89032
5.90778
5.94169
5.991040000000001
6.05348
6.12589
6.20628
6.294980000000001
6.39013
6.491969999999999
6.59758
6.70853
6.8246
6.9444099999999995
7.067
7.19344

Vgs: 6.5
-0.120003
0.0346174
0.19300099999999998
0.348588
0.5094719999999999
0.668167
0.82836
0.9869430000000001
1.14619
1.30634
1.46616
1.62655
1.79096
1.9539499999999999
2.11463
2.27176
2.4377600000000004
2.59925
2.76116
2.92193
3.08188
3.2369
3.3927300000000002
3.54847
3.7037400000000003
3.85367
4.00176
4.15087
4.29366
4.43902
4.57822
4.71521
4.84671
4.97654
5.102480000000001
5.2256
5.343859999999999
5.45898
5.569529999999999
5.67734
5.77885
5.87573
5.96753
6.0543000000000005
6.13547
6.20983
6.27843
6.34092
6.3973700000000004
6.44741
6.49188
6.53084
6.56459
6.593660000000001
6.61796
6.63882
6.65589
6.67032
6.68247
6.69343
6.70311
6.7120299999999995
6.72021
6.727989999999999
6.73527
6.742470000000001
6.74916
6.75568
6.76197
6.76837
6.77639
6.79252
6.82522
6.8742600000000005
6.93784
7.0117199999999995
7.09482
7.18539
7.28261
7.38681
7.49552

Vgs: 7.0
-0.13837300000000002
0.022813999999999997
0.178778
0.340694
0.503914
0.665285
0.828422
0.986289
1.15196
1.30237
1.46753
1.63391
1.80038
1.96877
2.1378999999999997
2.3134599999999996
2.4769900000000002
2.64596
2.80574
2.96931
3.13598
3.3050100000000002
3.47304
3.64033
3.8070600000000003
3.9489499999999995
4.109640000000001
4.2808
4.43963
4.5992999999999995
4.751390000000001
4.91279
5.06482
5.21503
5.36205
5.5047500000000005
5.645
5.7804199999999994
5.91366
6.04017
6.16441
6.28219
6.3978
6.50779
6.613650000000001
6.71453
6.81047
6.90031
6.98607
7.06442
7.13732
7.2039
7.264600000000001
7.31801
7.36651
7.40922
7.44622
7.47844
7.50543
7.52872
7.54799
7.564279999999999
7.57816
7.59005
7.60077
7.61049
7.6190299999999995
7.6273599999999995
7.63526
7.64284
7.649760000000001
7.65642
7.66289
7.6692
7.676159999999999
7.68353
7.699260000000001
7.731199999999999
7.78094
7.84435
7.918980000000001

Vgs: 7.5
-0.15923
0.0048273000000000005
0.169349
0.335341
0.502284
0.660262
0.83358
0.9985350000000001
1.17223
1.3383399999999999
1.49909
1.6515099999999998
1.8203
1.9961699999999998
2.1805399999999997
2.3575
2.53004
2.71472
2.8823
3.0612399999999997
3.22921
3.3943499999999998
3.57632
3.75272
3.9248800000000004
4.09839
4.2740599999999995
4.45236
4.623119999999999
4.793290000000001
4.95679
5.12463
5.286790000000001
5.4494299999999996
5.60776
5.76312
5.91539
6.06438
6.21553
6.359369999999999
6.49885
6.6358299999999995
6.76966
6.89678
7.0215700000000005
7.1419
7.25917
7.37051
7.47895
7.58211
7.68001
7.7735199999999995
7.86133
7.94278
8.01915
8.08905
8.1525
8.21035
8.26203
8.30752
8.34742
8.382620000000001
8.412040000000001
8.43781
8.459150000000001
8.4774
8.49272
8.50579
8.5173
8.52792
8.53726
8.545860000000001
8.553889999999999
8.56168
8.569790000000001
8.57634
8.583260000000001
8.589609999999999
8.59584
8.601980000000001
8.60922

Vgs: 8.0
-0.178887
-0.0129932
0.150351
0.30904899999999996
0.48281799999999997
0.649514
0.814662
0.9860540000000001
1.15536
1.32811
1.4959699999999998
1.66838
1.84943
2.02868
2.20492
2.39487
2.56511
2.7413
2.92978
3.1038300000000003
3.27908
3.46503
3.64425
3.8277300000000003
4.021389999999999
4.187930000000001
4.36672
4.5437899999999996
4.72345
4.890969999999999
5.0715200000000005
5.25298
5.432659999999999
5.60553
5.76945
5.94487
6.10979
6.2769699999999995
6.43888
6.59879
6.75532
6.90644
7.058400000000001
7.20986
7.352530000000001
7.488090000000001
7.6290000000000004
7.76166
7.893050000000001
8.014429999999999
8.13241
8.24854
8.35636
8.46163
8.563329999999999
8.65739
8.74722
8.83215
8.91033
8.979890000000001
9.052100000000001
9.10739
9.161890000000001
9.208499999999999
9.251489999999999
9.2887
9.320979999999999
9.3493
9.37189
9.39215
9.40968
9.424470000000001
9.43625
9.447799999999999
9.458269999999999
9.467609999999999
9.4763
9.4838
9.49117
9.49908
9.50595
