Vgs range: 0,8,0.1
Vds range: 0,8,0.5

Vgs: 0.0
-3.0448600000000002e-05
-3.0092899999999998e-05
-2.7996199999999998e-05
-2.8258e-05
-2.7398199999999998e-05
-2.96947e-05
-3.42812e-05
-4.33959e-05
-5.11569e-05
-6.41331e-05
-7.99169e-05
-9.99496e-05
-0.000199419
-0.000271593
-0.000354652
-0.000467529
-0.000626389
-0.000821027
-0.00111597
-0.00140944
-0.00181638
-0.00234997
-0.00299886
-0.0037259100000000002
-0.00458491
-0.00557126
-0.00654529
-0.007807789999999999
-0.00906878
-0.010649700000000002
-0.0118389
-0.013330600000000001
-0.0147638
-0.0164625
-0.0182465
-0.0201505
-0.022080199999999998
-0.024134600000000003
-0.0262714
-0.0284372
-0.030954699999999998
-0.0332956
-0.0359782
-0.0383905
-0.0407245
-0.0438071
-0.0468329
-0.0497146
-0.0524368
-0.056370699999999996
-0.0588436
-0.0618554
-0.0653805
-0.0691469
-0.07238739999999999
-0.0760309
-0.0806714
-0.0845442
-0.0879617
-0.0911918
-0.0942503
-0.097384
-0.101226
-0.104182
-0.108277
-0.11191799999999999
-0.11507099999999999
-0.119926
-0.12159099999999999
-0.12585
-0.129818
-0.133528
-0.13694299999999998
-0.140662
-0.145774
-0.151131
-0.15507300000000002
-0.159258
-0.163604
-0.167402
-0.172635

Vgs: 0.5
0.0023974300000000003
0.0023727
0.00224157
0.00228741
0.00258441
0.00397337
0.007726299999999999
0.0174697
0.0284933
0.0458661
0.06774920000000001
0.092767
0.12345999999999999
0.14565
0.171573
0.19837000000000002
0.22331499999999999
0.249112
0.271828
0.29474500000000003
0.317312
0.339038
0.36002
0.380011
0.399188
0.418352
0.435881
0.45315500000000003
0.468996
0.484483
0.499284
0.513345
0.526332
0.539172
0.549991
0.5619820000000001
0.572437
0.582522
0.5912130000000001
0.600476
0.608956
0.6172340000000001
0.624578
0.630988
0.63786
0.64399
0.64873
0.6536540000000001
0.659003
0.663126
0.666068
0.669802
0.671765
0.672237
0.674848
0.677433
0.6786420000000001
0.681269
0.6811020000000001
0.683734
0.680437
0.681188
0.6771130000000001
0.678027
0.678634
0.68124
0.67749
0.674787
0.668305
0.670239
0.674137
0.67333
0.67179
0.670872
0.6667799999999999
0.663148
0.662435
0.660454
0.6542629999999999
0.652329
0.65005

Vgs: 1.0
0.0121037
0.0120793
0.008415830000000001
0.00719222
0.00639098
0.00705323
0.0123396
0.0199065
0.0330573
0.0357859
0.0357994
0.0358021
0.0357919
0.035800000000000005
0.0358012
0.035806300000000006
0.29042500000000004
0.357288
0.407323
0.456484
0.5010330000000001
0.5507529999999999
0.596271
0.639768
0.682656
0.724749
0.765223
0.804047
0.8408610000000001
0.877487
0.912949
0.94606
0.9784290000000001
1.01617
1.03962
1.06686
1.09355
1.1195300000000001
1.14428
1.16723
1.1912699999999998
1.21364
1.23321
1.2513699999999999
1.26965
1.28596
1.3029300000000001
1.3185799999999999
1.33146
1.34487
1.35677
1.36863
1.37907
1.39145
1.40376
1.40763
1.4157499999999998
1.42727
1.43255
1.4407
1.44682
1.44577
1.4497799999999998
1.454
1.44982
1.46484
1.47043
1.47461
1.47341
1.47938
1.48112
1.47861
1.49894
1.50198
1.502
1.50876
1.4962499999999999
1.49171
1.49873
1.50192
1.50202

Vgs: 1.5
0.0295128
0.0295239
0.027232700000000002
0.0252778
0.0250013
0.026443499999999998
0.0298497
0.036383
0.0462775
0.0602
0.0826575
0.11565299999999999
0.142854
0.181422
0.22382200000000002
0.27138900000000005
0.32299500000000003
0.37761700000000004
0.437531
0.49894800000000006
0.5676950000000001
0.6339199999999999
0.703773
0.771287
0.839293
0.906438
0.972064
1.04942
1.09798
1.1582400000000002
1.2193200000000002
1.2760600000000002
1.33243
1.3850399999999998
1.43583
1.48628
1.53532
1.58093
1.62425
1.6667800000000002
1.7066
1.74457
1.78437
1.81751
1.85253
1.88784
1.91318
1.9468400000000001
1.9757799999999999
2.0016000000000003
2.02689
2.04981
2.0726199999999997
2.09442
2.11378
2.1331700000000002
2.14913
2.16478
2.1806
2.19032
2.2077899999999997
2.22457
2.23864
2.24756
2.2588500000000002
2.26482
2.27275
2.2815499999999997
2.28437
2.29457
2.30571
2.2987900000000003
2.30828
2.3177100000000004
2.32855
2.33689
2.3313800000000002
2.3299000000000003
2.34209
2.36026
2.36549

Vgs: 2.0
0.0742049
0.0742947
0.0743304
0.07773669999999999
0.0813748
0.0862812
0.092585
0.102358
0.11065799999999999
0.12285599999999999
0.138124
0.15612199999999998
0.178704
0.206286
0.2419
0.285337
0.33393300000000004
0.38975899999999997
0.45030200000000004
0.512895
0.580715
0.653504
0.730016
0.803104
0.884371
0.9694560000000001
1.07198
1.14132
1.22576
1.31204
1.3963999999999999
1.47936
1.55942
1.63839
1.71202
1.78732
1.85872
1.9297
1.997
2.06365
2.1286899999999997
2.18855
2.2488
2.30464
2.3592999999999997
2.4105
2.4620599999999997
2.50853
2.55319
2.5985
2.64359
2.68347
2.72231
2.76018
2.7988
2.83339
2.86456
2.89392
2.92366
2.95017
2.97642
3.00059
3.02225
3.04639
3.06836
3.08846
3.1038799999999998
3.1179699999999997
3.13454
3.14594
3.1585799999999997
3.17342
3.18659
3.2030499999999997
3.20859
3.21494
3.22795
3.23926
3.24371
3.24739
3.25286

Vgs: 2.5
0.186565
0.18639899999999998
0.18660000000000002
0.193375
0.200934
0.20847300000000002
0.217052
0.22697799999999999
0.238058
0.250716
0.265302
0.281613
0.30004000000000003
0.322057
0.34538599999999997
0.37076200000000004
0.404721
0.441499
0.48467
0.535943
0.597406
0.666614
0.741773
0.819248
0.901251
0.9884850000000001
1.09548
1.1734499999999999
1.26229
1.3600999999999999
1.45932
1.56075
1.663
1.76234
1.8618599999999998
1.9626299999999999
2.05849
2.1544899999999996
2.2444499999999996
2.33549
2.4242999999999997
2.51118
2.59787
2.67511
2.75352
2.83061
2.90449
2.97499
3.04036
3.10639
3.16786
3.2254699999999996
3.28825
3.3399900000000002
3.3951200000000004
3.4450700000000003
3.49256
3.54025
3.58736
3.63201
3.67102
3.7116100000000003
3.7495100000000003
3.78045
3.8101
3.8419
3.87087
3.9013
3.9247400000000003
3.94995
3.967
3.98631
4.0038
4.0198100000000005
4.02652
4.03406
4.04405
4.06087
4.08564
4.105049999999999
4.12544

Vgs: 3.0
0.377368
0.377147
0.377052
0.379003
0.392697
0.402475
0.412689
0.424456
0.436415
0.449714
0.4632
0.480461
0.496435
0.515672
0.53595
0.558699
0.5839979999999999
0.611316
0.642382
0.676119
0.715437
0.760206
0.80779
0.863993
0.929775
1.02472
1.09474
1.18743
1.28141
1.3812200000000001
1.48651
1.5877000000000001
1.69337
1.80561
1.91249
2.02958
2.1436900000000003
2.25848
2.37257
2.48687
2.59946
2.70821
2.82149
2.92441
3.0279700000000003
3.12968
3.23167
3.3262
3.41779
3.51131
3.59938
3.68262
3.76324
3.8397200000000002
3.91458
3.98583
4.05243
4.1217500000000005
4.18109
4.2426699999999995
4.30217
4.358820000000001
4.41289
4.46942
4.5287299999999995
4.58302
4.62964
4.670859999999999
4.7050399999999994
4.74692
4.7814700000000006
4.81307
4.84426
4.87509
4.901929999999999
4.92657
4.95586
4.9858400000000005
5.00506
5.02262
5.03674

Vgs: 3.5
0.644335
0.643511
0.64344
0.643618
0.6562220000000001
0.668327
0.679888
0.692172
0.7055279999999999
0.720302
0.733793
0.749442
0.766194
0.784548
0.803729
0.8240810000000001
0.846232
0.866764
0.894373
0.921668
0.9522550000000001
0.985156
1.0296100000000001
1.06154
1.10432
1.15322
1.2069800000000002
1.2687300000000001
1.33545
1.41388
1.5064099999999998
1.6076300000000001
1.71579
1.82429
1.94177
2.05819
2.17308
2.29304
2.41622
2.5399900000000004
2.6715799999999996
2.7939499999999997
2.92249
3.04853
3.17943
3.30299
3.4239
3.5471500000000002
3.6643399999999997
3.78013
3.89746
4.005459999999999
4.11243
4.21795
4.31633
4.39832
4.50695
4.59723
4.68225
4.76465
4.84314
4.91821
4.994529999999999
5.06217
5.13166
5.1951
5.25444
5.31818
5.3773800000000005
5.43275
5.488619999999999
5.54076
5.588690000000001
5.63692
5.67955
5.74241
5.7847
5.817100000000001
5.850219999999999
5.87761
5.90644

Vgs: 4.0
0.9822889999999999
0.981474
0.9810789999999999
0.9808060000000001
0.9848549999999999
1.00826
1.01672
1.02898
1.0437
1.05885
1.07125
1.08756
1.10415
1.1221
1.14014
1.15927
1.17989
1.20022
1.2242600000000001
1.24778
1.2733
1.30077
1.3303
1.36126
1.39514
1.43221
1.47311
1.51548
1.56147
1.61356
1.6714200000000001
1.73464
1.8047199999999999
1.88364
1.97523
2.0829199999999997
2.21942
2.31812
2.4409
2.57204
2.69784
2.8262899999999997
2.9602999999999997
3.0951
3.2302899999999997
3.36808
3.50592
3.64642
3.7840399999999996
3.9235399999999996
4.06062
4.19319
4.33083
4.4530899999999995
4.58274
4.7051
4.82531
4.94584
5.05897
5.1681799999999996
5.27508
5.37565
5.47519
5.56875
5.65783
5.74457
5.82596
5.90433
5.97744
6.05717
6.1317699999999995
6.1944799999999995
6.2623
6.33274
6.4101
6.47177
6.52821
6.58218
6.63367
6.68146
6.72607

Vgs: 4.5
1.39248
1.391
1.39283
1.39229
1.3928600000000002
1.40645
1.42086
1.43327
1.44779
1.4614999999999998
1.47704
1.49217
1.5089599999999999
1.52678
1.5444499999999999
1.5621299999999998
1.5811600000000001
1.6025200000000002
1.62212
1.64329
1.66733
1.69322
1.71819
1.74466
1.77417
1.80529
1.83763
1.87192
1.90825
1.9477
1.9909599999999998
2.03698
2.08604
2.13964
2.19895
2.2668
2.3359900000000002
2.41635
2.50448
2.60881
2.72752
2.85477
2.9887
3.12339
3.2610799999999998
3.40301
3.54307
3.68845
3.83132
3.98093
4.13019
4.275110000000001
4.43307
4.5737499999999995
4.72322
4.8707400000000005
5.01241
5.15866
5.29423
5.429889999999999
5.56436
5.6912400000000005
5.81837
5.93926
6.05978
6.17396
6.28216
6.38925
6.476319999999999
6.5833
6.67701
6.76184
6.84769
6.93046
7.017790000000001
7.0869599999999995
7.1577
7.24135
7.31101
7.3775200000000005
7.44525

Vgs: 5.0
1.8675300000000001
1.8676000000000001
1.86738
1.8667099999999999
1.8671200000000001
1.8704399999999999
1.8902400000000001
1.90541
1.92033
1.93329
1.9494200000000002
1.96377
1.9789999999999999
1.99542
2.01375
2.03149
2.04867
2.06832
2.08912
2.10873
2.1305
2.1534
2.17598
2.20025
2.2256400000000003
2.25297
2.28198
2.31203
2.34246
2.3755
2.40974
2.44652
2.48513
2.52564
2.57026
2.61846
2.6690400000000003
2.72555
2.78436
2.8504
2.92269
3.00206
3.09229
3.19124
3.30494
3.43191
3.5712800000000002
3.72354
3.86449
4.013680000000001
4.16226
4.31433
4.47014
4.620939999999999
4.7783
4.93925
5.09126
5.25184
5.40486
5.56639
5.7192
5.87399
6.01863
6.165559999999999
6.312609999999999
6.45182
6.58784
6.72257
6.84828
6.9742500000000005
7.09578
7.20812
7.30025
7.420310000000001
7.52475
7.6169899999999995
7.70831
7.800009999999999
7.8829
7.966489999999999
8.04696

Vgs: 5.5
2.39345
2.39375
2.39601
2.39549
2.39605
2.39886
2.41075
2.42856
2.44212
2.4571300000000003
2.47033
2.48671
2.50306
2.5178499999999997
2.53342
2.55115
2.5709
2.5892
2.60849
2.62709
2.64857
2.66805
2.69107
2.71289
2.7379499999999997
2.7625
2.7879
2.8136699999999997
2.84008
2.86955
2.89858
2.93052
2.96359
2.9982699999999998
3.0338700000000003
3.07312
3.11429
3.1575100000000003
3.2039500000000003
3.25283
3.3078
3.3627599999999997
3.42276
3.4902
3.56333
3.64257
3.7276700000000003
3.8258300000000003
3.9324599999999994
4.05661
4.19457
4.34175
4.49849
4.65604
4.814
4.97402
5.13248
5.298299999999999
5.4574300000000004
5.621390000000001
5.78578
5.94771
6.11522
6.28217
6.4401399999999995
6.60315
6.76535
6.91908
7.06776
7.2218
7.3681600000000005
7.49543
7.65197
7.78338
7.913679999999999
8.04073
8.1624
8.27469
8.383740000000001
8.48705
8.58831

Vgs: 6.0
2.9791700000000003
2.9792400000000003
2.97387
2.97816
2.97553
2.98198
2.97745
3.0033999999999996
3.01663
3.0309999999999997
3.04644
3.06236
3.08236
3.09418
3.10867
3.1245000000000003
3.14097
3.1616
3.17893
3.19996
3.21975
3.2410400000000004
3.2624899999999997
3.28043
3.30371
3.33204
3.35169
3.3794099999999996
3.4022599999999996
3.42951
3.4560400000000002
3.48424
3.51264
3.54317
3.57465
3.60904
3.64377
3.6809
3.7181599999999997
3.75954
3.80183
3.84682
3.89469
3.9458100000000003
4.00045
4.0559899999999995
4.11664
4.1837599999999995
4.24995
4.33491
4.41912
4.51228
4.61331
4.72704
4.86225
5.0109200000000005
5.16532
5.32949
5.49144
5.65963
5.82651
5.991350000000001
6.162070000000001
6.32852
6.4998499999999995
6.67159
6.83948
7.01166
7.1775
7.348999999999999
7.5168099999999995
7.67843
7.8210999999999995
7.99811
8.15587
8.30567
8.451699999999999
8.597290000000001
8.7352
8.867669999999999
8.99809

Vgs: 6.5
3.61103
3.6118
3.60815
3.61205
3.60721
3.60414
3.60641
3.61567
3.6359399999999997
3.64608
3.66586
3.6773700000000002
3.6926099999999997
3.7097800000000003
3.7281
3.74604
3.76305
3.7814699999999997
3.8005500000000003
3.8143000000000002
3.83213
3.85303
3.8729799999999996
3.89289
3.9130700000000003
3.93648
3.9595999999999996
3.9814100000000003
4.00662
4.03435
4.05768
4.0831
4.11044
4.1383
4.16711
4.19754
4.2294
4.261629999999999
4.29362
4.32812
4.365220000000001
4.4040099999999995
4.44502
4.48742
4.53022
4.5766599999999995
4.62569
4.676740000000001
4.73141
4.789759999999999
4.85192
4.9176400000000005
4.98809
5.06824
5.1483099999999995
5.240469999999999
5.3373800000000005
5.44618
5.56703
5.705380000000001
5.860449999999999
6.02647
6.198849999999999
6.36879
6.53526
6.70833
6.88103
7.05314
7.22741
7.40239
7.57524
7.7485
7.926209999999999
8.09553
8.27011
8.43938
8.6052
8.77478
8.93734
9.09648
9.25366

Vgs: 7.0
4.31011
4.308529999999999
4.30664
4.3007599999999995
4.30161
4.302829999999999
4.3062
4.30271
4.32168
4.34065
4.35586
4.37547
4.39217
4.4117
4.42788
4.44395
4.46218
4.48123
4.49472
4.51339
4.53212
4.550949999999999
4.56817
4.59029
4.61145
4.63244
4.65096
4.67309
4.6935400000000005
4.717479999999999
4.74033
4.76252
4.78725
4.8119499999999995
4.83838
4.86387
4.89264
4.91974
4.94819
4.97913
5.01248
5.04477
5.0791200000000005
5.11683
5.15504
5.189
5.2286
5.26844
5.31045
5.3576
5.4054
5.449739999999999
5.51065
5.56952
5.62919
5.69376
5.76099
5.83682
5.915369999999999
6.00232
6.0961799999999995
6.198160000000001
6.3127699999999995
6.437080000000001
6.58272
6.74471
6.91099
7.0918
7.26112
7.43899
7.6164700000000005
7.79645
7.96967
8.14292
8.32372
8.47791
8.67694
8.855
9.02866
9.20416
9.37545

Vgs: 7.5
5.02037
5.02616
5.02375
5.0191799999999995
5.0191799999999995
5.02568
5.02076
5.0254
5.0347
5.056030000000001
5.06999
5.09104
5.10618
5.12328
5.13803
5.15549
5.16741
5.18738
5.20453
5.22269
5.23561
5.254639999999999
5.27191
5.29027
5.308120000000001
5.33106
5.3500700000000005
5.36934
5.38921
5.412710000000001
5.43424
5.4530400000000006
5.4748
5.50033
5.52362
5.5496
5.57293
5.59959
5.62859
5.65547
5.68473
5.7158
5.74752
5.778239999999999
5.81308
5.84542
5.88154
5.91659
5.95378
5.99359
6.03427
6.0766
6.12057
6.16512
6.21455
6.26378
6.317419999999999
6.37247
6.4325
6.4952
6.56391
6.63476
6.71369
6.80014
6.88625
6.98502
7.09399
7.211
7.33899
7.4859599999999995
7.649859999999999
7.82595
7.987259999999999
8.17877
8.36429
8.53872
8.71664
8.90102
9.07537
9.25604
9.433789999999998

Vgs: 8.0
5.72441
5.720829999999999
5.7216000000000005
5.72476
5.7200999999999995
5.7232
5.72693
5.70647
5.71213
5.73537
5.756200000000001
5.7726
5.79645
5.8133799999999995
5.8353399999999995
5.85528
5.87646
5.90458
5.92192
5.94505
5.97481
6.0011600000000005
6.01328
6.032789999999999
6.05245
6.068429999999999
6.08866
6.10827
6.12854
6.15002
6.17079
6.1935
6.2131
6.2313
6.25305
6.2793600000000005
6.30046
6.32411
6.35009
6.37223
6.394979999999999
6.4186
6.44408
6.47316
6.50026
6.52757
6.55689
6.58549
6.61444
6.64663
6.68142
6.714720000000001
6.750500000000001
6.7871
6.824389999999999
6.8643
6.90471
6.94974
6.99343
7.04293
7.093310000000001
7.14253
7.199470000000001
7.2579
7.32091
7.38765
7.46111
7.53643
7.61816
7.7097299999999995
7.8091
7.914650000000001
8.03543
8.163780000000001
8.31572
8.48456
8.65548
8.839670000000002
9.013250000000001
9.19462
9.37606
