Vgs range: 0,8,0.1
Vds range: 0,8,0.5

Vgs: 0.0
-2.63702e-05
-2.5536399999999998e-05
-2.5185800000000002e-05
-2.53551e-05
-2.41733e-05
-2.62121e-05
-3.31342e-05
-4.22137e-05
-5.5731e-05
-7.30155e-05
-9.353290000000001e-05
-0.00019629
-0.000264343
-0.000365015
-0.000499415
-0.0006738740000000001
-0.00089079
-0.00122242
-0.00155766
-0.00203445
-0.00266694
-0.00339725
-0.0042566
-0.00518832
-0.00629346
-0.00751311
-0.00882981
-0.010409400000000001
-0.011641799999999999
-0.0131719
-0.0147442
-0.0164362
-0.018307
-0.0201749
-0.0222057
-0.0242403
-0.0263997
-0.028564
-0.030950900000000003
-0.0333324
-0.0358771
-0.038339200000000004
-0.0408605
-0.0436927
-0.0467546
-0.0495346
-0.052498199999999995
-0.0556775
-0.0593101
-0.062522
-0.0656498
-0.0689848
-0.0724682
-0.0760498
-0.0800907
-0.0827966
-0.0861253
-0.0899866
-0.0935213
-0.0969069
-0.100898
-0.104653
-0.107977
-0.110889
-0.114288
-0.118897
-0.12296900000000001
-0.125544
-0.129882
-0.133131
-0.138169
-0.141236
-0.146369
-0.149738
-0.153382
-0.157331
-0.16128
-0.164733
-0.16925199999999999
-0.172779
-0.178366

Vgs: 0.5
0.00237875
0.00235756
0.0022514799999999997
0.00229366
0.00258905
0.00394788
0.007785589999999999
0.017454
0.028405899999999998
0.045689799999999996
0.0670344
0.09288819999999999
0.12342700000000001
0.145319
0.172014
0.198651
0.223605
0.248464
0.272857
0.295068
0.317681
0.33980099999999996
0.360289
0.37973100000000004
0.398946
0.417597
0.43493
0.45110300000000003
0.466494
0.481516
0.49547399999999997
0.5090920000000001
0.5218430000000001
0.533368
0.544955
0.555917
0.565846
0.575442
0.5846589999999999
0.592992
0.601651
0.6095929999999999
0.6164649999999999
0.6226060000000001
0.6283690000000001
0.6338119999999999
0.638414
0.642296
0.6459159999999999
0.649127
0.652737
0.655135
0.656536
0.65806
0.6612709999999999
0.661666
0.660162
0.660099
0.662417
0.662046
0.665143
0.664883
0.665569
0.662497
0.664959
0.668042
0.6671999999999999
0.664821
0.66648
0.6611520000000001
0.658651
0.6546759999999999
0.652536
0.651669
0.647221
0.653061
0.648341
0.64946
0.649725
0.650076
0.649783

Vgs: 1.0
0.011208000000000001
0.0117619
0.00825014
0.00699982
0.00623005
0.00716994
0.012324700000000001
0.0194759
0.032735099999999996
0.0518139
0.07472680000000001
0.108251
0.135783
0.172828
0.214608
0.260924
0.30727
0.35753
0.407409
0.457517
0.505886
0.5522
0.594487
0.639952
0.680783
0.725498
0.763288
0.800121
0.837419
0.8787159999999999
0.9071049999999999
0.952263
0.964313
1.02165
1.0270299999999999
1.0730600000000001
1.09979
1.1252
1.14913
1.17092
1.19468
1.21714
1.23672
1.25579
1.27436
1.29278
1.30927
1.3251000000000002
1.3400400000000001
1.35436
1.36744
1.3799400000000002
1.39155
1.40277
1.4048100000000001
1.4225100000000002
1.43125
1.44059
1.44516
1.45019
1.45727
1.4635799999999999
1.46087
1.47543
1.47856
1.48638
1.48718
1.48522
1.49314
1.49454
1.4928599999999999
1.4860900000000001
1.48899
1.4909700000000001
1.49011
1.4800600000000002
1.4899
1.48378
1.48759
1.49062
1.49557

Vgs: 1.5
0.0298815
0.0298719
0.027441
0.0253796
0.025106899999999998
0.0262863
0.0296081
0.035756300000000005
0.0457111
0.0607443
0.0818774
0.115668
0.142938
0.182339
0.224063
0.272476
0.323651
0.378353
0.437465
0.499973
0.5656739999999999
0.6240110000000001
0.702898
0.771496
0.83982
0.908816
0.974916
1.05301
1.10491
1.1639199999999998
1.2238900000000001
1.2828
1.33846
1.39182
1.4465599999999998
1.49498
1.54316
1.58972
1.63263
1.6753099999999999
1.7155600000000002
1.7531
1.79021
1.8246200000000001
1.85816
1.89005
1.92059
1.95121
1.97947
2.00569
2.03172
2.05425
2.07724
2.1007000000000002
2.12047
2.1408199999999997
2.15926
2.17533
2.1914000000000002
2.2070499999999997
2.2213
2.23134
2.24417
2.2591799999999997
2.26977
2.27832
2.29058
2.29881
2.3051399999999997
2.31308
2.31698
2.32586
2.33421
2.33882
2.33898
2.32877
2.34015
2.3536099999999998
2.36807
2.35017
2.35353

Vgs: 2.0
0.0770858
0.07707040000000001
0.0772389
0.0802708
0.0835888
0.0881236
0.09405909999999999
0.10344
0.111996
0.123807
0.138281
0.15653299999999998
0.178056
0.20677299999999998
0.240343
0.284057
0.33443
0.389744
0.449378
0.5142789999999999
0.5823360000000001
0.652899
0.7264250000000001
0.8036249999999999
0.88464
0.969005
1.07252
1.14211
1.2281
1.31294
1.39956
1.48221
1.56219
1.641
1.72142
1.79842
1.86827
1.9417099999999998
2.00585
2.07346
2.12845
2.1975
2.25743
2.31513
2.36714
2.4166499999999997
2.46807
2.5132700000000003
2.55771
2.60225
2.64293
2.68274
2.7219100000000003
2.7589200000000003
2.79692
2.82996
2.86056
2.88827
2.91721
2.94502
2.9722899999999997
2.99958
3.02272
3.04421
3.0657
3.08595
3.09851
3.11647
3.13001
3.1485800000000004
3.1587199999999998
3.1662399999999997
3.18176
3.1907
3.20099
3.20812
3.22083
3.23977
3.23769
3.23408
3.2615000000000003

Vgs: 2.5
0.196315
0.196419
0.196505
0.202516
0.209535
0.216544
0.224212
0.233278
0.244035
0.256074
0.269692
0.285432
0.302155
0.323687
0.346808
0.374427
0.405986
0.44177700000000003
0.484242
0.535416
0.5963229999999999
0.66604
0.741615
0.818992
0.9016799999999999
0.9884589999999999
1.09561
1.17065
1.2641200000000001
1.35993
1.46083
1.5624
1.6630200000000002
1.7649899999999998
1.86507
1.96504
2.06637
2.16028
2.2521
2.3436500000000002
2.43488
2.52176
2.60751
2.68989
2.76786
2.84446
2.9167899999999998
2.98913
3.05702
3.1215100000000002
3.18545
3.24222
3.30064
3.35578
3.41012
3.4590799999999997
3.50855
3.55483
3.59917
3.64378
3.68514
3.72363
3.76241
3.7973999999999997
3.82811
3.8636600000000003
3.8917499999999996
3.92047
3.9476499999999994
3.9739500000000003
3.9968299999999997
4.018759999999999
4.037330000000001
4.05587
4.07032
4.08239
4.10094
4.11644
4.13171
4.14562
4.16001

Vgs: 3.0
0.39807
0.39786
0.397696
0.399402
0.41197100000000003
0.420497
0.42968100000000004
0.440044
0.451237
0.46357499999999996
0.477472
0.49164300000000005
0.507799
0.525741
0.5454089999999999
0.5669810000000001
0.591546
0.5953109999999999
0.595315
0.5953189999999999
0.5953879999999999
0.595376
0.595196
0.595401
0.7371390000000001
1.02474
1.09657
1.18746
1.2831
1.38513
1.4866899999999998
1.59198
1.6941899999999999
1.80263
1.91347
2.0296
2.14372
2.26268
2.37378
2.4898
2.60866
2.7134899999999997
2.82165
2.93303
3.03884
3.14192
3.2393
3.33886
3.4291500000000004
3.52299
3.6088
3.6916599999999997
3.77242
3.84838
3.92255
3.9951600000000003
4.06157
4.12795
4.18873
4.2534
4.31139
4.3602
4.420170000000001
4.47306
4.52318
4.57193
4.61591
4.65807
4.69566
4.73158
4.7677
4.80081
4.83001
4.86099
4.89092
4.91552
4.93735
4.96511
4.97567
5.00183
5.032069999999999

Vgs: 3.5
0.6773509999999999
0.678164
0.677624
0.677647
0.687908
0.6992889999999999
0.710202
0.722056
0.733243
0.7457349999999999
0.759
0.773443
0.788145
0.805918
0.8229519999999999
0.842104
0.863458
0.884548
0.908626
0.9348270000000001
0.963201
0.995058
1.03731
1.0675299999999999
1.1092199999999999
1.1572500000000001
1.20955
1.2687499999999998
1.33555
1.41553
1.5108000000000001
1.60842
1.71524
1.8269
1.9383899999999998
2.05733
2.17335
2.29349
2.4153
2.53905
2.66656
2.7935299999999996
2.9230300000000002
3.05137
3.1803999999999997
3.30796
3.42712
3.5554900000000003
3.6697
3.7888800000000002
3.90315
4.01281
4.12147
4.22576
4.32752
4.4249
4.5201199999999995
4.61017
4.693079999999999
4.776619999999999
4.85456
4.92856
5.001860000000001
5.07232
5.14081
5.2038199999999994
5.2663
5.32613
5.38421
5.44098
5.496560000000001
5.545999999999999
5.592169999999999
5.64039
5.69289
5.7314
5.77057
5.80591
5.839770000000001
5.8727
5.90477

Vgs: 4.0
1.03583
1.03657
1.03725
1.03641
1.03617
1.05406
1.0647499999999999
1.0768
1.0890900000000001
1.1017100000000002
1.11548
1.13062
1.14557
1.16044
1.17672
1.19489
1.21279
1.2321199999999999
1.2532999999999999
1.27424
1.29987
1.3246
1.35232
1.3827399999999999
1.41377
1.44804
1.4858
1.52753
1.57219
1.62168
1.67878
1.74012
1.8085600000000002
1.8870200000000001
1.9750100000000002
2.08072
2.19705
2.3194399999999997
2.44233
2.5676
2.6978
2.8267800000000003
2.96219
3.10052
3.2369299999999996
3.3700200000000002
3.50739
3.6498899999999996
3.78825
3.92816
4.06611
4.20008
4.33455
4.4634599999999995
4.59206
4.72335
4.8382499999999995
4.95916
5.07219
5.1850000000000005
5.28913
5.38958
5.48911
5.58286
5.67673
5.75809
5.84284
5.920100000000001
5.99468
6.0641300000000005
6.13823
6.20787
6.27528
6.33825
6.39935
6.4583
6.51072
6.57023
6.618609999999999
6.667730000000001
6.70732

Vgs: 4.5
1.45822
1.4569999999999999
1.4574900000000002
1.45752
1.4558200000000001
1.46736
1.48136
1.49465
1.5071800000000002
1.5202600000000002
1.53367
1.54779
1.56204
1.57825
1.59392
1.61096
1.62777
1.6463999999999999
1.6663299999999999
1.6865400000000002
1.70854
1.73061
1.7547000000000001
1.77922
1.8052599999999999
1.8344
1.8647200000000002
1.89726
1.93122
1.9687
2.0092
2.05301
2.1009499999999997
2.15213
2.20911
2.2730099999999998
2.343
2.42023
2.5077900000000004
2.609
2.7265800000000002
2.85338
2.98701
3.1084300000000002
3.26274
3.40282
3.54247
3.68875
3.82174
3.98219
4.1307599999999995
4.27666
4.42935
4.567049999999999
4.73126
4.87487
5.02237
5.16378
5.3015099999999995
5.44126
5.57556
5.706390000000001
5.83389
5.957439999999999
6.07833
6.19238
6.29734
6.40367
6.49331
6.601229999999999
6.69105
6.777349999999999
6.8607700000000005
6.941400000000001
7.02199
7.099959999999999
7.1085899999999995
7.24654
7.3158
7.38315
7.4419200000000005

Vgs: 5.0
1.89536
1.89463
1.8983299999999999
1.89998
1.8986999999999998
1.89982
1.92064
1.9327299999999998
1.9474900000000002
1.96248
1.9767700000000001
1.9918900000000002
2.00696
2.02482
2.04121
2.05923
2.0764199999999997
2.09508
2.1152200000000003
2.13556
2.1566799999999997
2.1785900000000002
2.20082
2.2249000000000003
2.24953
2.2760800000000003
2.30206
2.3315200000000003
2.3626799999999997
2.39381
2.4269600000000002
2.46408
2.5033999999999996
2.54356
2.58753
2.6340399999999997
2.68511
2.73943
2.7987200000000003
2.86308
2.93567
3.0127499999999996
3.09973
3.19767
3.30739
3.43761
3.5727900000000004
3.71801
3.86522
4.0158
4.16482
4.3175799999999995
4.46999
4.62982
4.78344
4.93996
5.09466
5.25621
5.40967
5.5698099999999995
5.72515
5.87913
6.02977
6.17617
6.32782
6.46893
6.60108
6.737349999999999
6.86516
6.99316
7.1103499999999995
7.22554
7.33495
7.44038
7.540640000000001
7.63748
7.7307
7.82498
7.90854
7.995800000000001
8.06814

Vgs: 5.5
2.45602
2.45913
2.45656
2.45635
2.45647
2.45581
2.46939
2.4859
2.50111
2.5112200000000002
2.5290999999999997
2.5428
2.55833
2.57413
2.5912499999999996
2.60694
2.62316
2.64072
2.6607499999999997
2.6751
2.69655
2.71798
2.73934
2.7624
2.78362
2.8081
2.83291
2.8582199999999998
2.8843900000000002
2.91238
2.94055
2.97085
3.0026200000000003
3.04243
3.07134
3.1074800000000002
3.14712
3.1891
3.23378
3.27963
3.33304
3.38659
3.4470400000000003
3.51082
3.58245
3.65819
3.74086
3.83872
3.9411799999999997
4.06175
4.19878
4.34445
4.50346
4.65606
4.81644
4.97595
5.1340200000000005
5.2994
5.45995
5.624429999999999
5.78882
5.952909999999999
6.11929
6.28327
6.448899999999999
6.61321
6.768940000000001
6.92774
7.0818900000000005
7.23449
7.382910000000001
7.525320000000001
7.66624
7.80607
7.932359999999999
8.05553
8.175790000000001
8.28944
8.40002
8.501130000000002
8.60013

Vgs: 6.0
3.02879
3.0280400000000003
3.02615
3.0303
3.03046
3.02669
3.02674
3.04887
3.06426
3.07763
3.08743
3.10377
3.1189999999999998
3.13768
3.15469
3.17096
3.18758
3.20516
3.2245
3.24243
3.26134
3.2795099999999997
3.29955
3.31855
3.34184
3.3598999999999997
3.38861
3.41395
3.4381199999999996
3.46407
3.49009
3.51886
3.54895
3.57849
3.61048
3.64178
3.6766099999999997
3.7121
3.7481400000000002
3.78778
3.82912
3.87297
3.91949
3.96863
4.02148
4.062729999999999
4.13668
4.20393
4.274039999999999
4.34939
4.431240000000001
4.52149
4.6215
4.73551
4.866289999999999
5.00896
5.16437
5.3300600000000005
5.49382
5.66005
5.82674
5.9989
6.162459999999999
6.330579999999999
6.50434
6.67188
6.83981
7.01225
7.17952
7.35042
7.50997
7.68284
7.8462700000000005
8.00562
8.16629
8.31611
8.46105
8.60661
8.74432
8.87859
9.006129999999999

Vgs: 6.5
3.62988
3.6242900000000002
3.62902
3.62621
3.6239000000000003
3.6201499999999998
3.62188
3.63028
3.65524
3.6701799999999998
3.6819499999999996
3.70256
3.7194599999999998
3.7330200000000002
3.74687
3.7648400000000004
3.78677
3.80454
3.82783
3.84637
3.86689
3.88573
3.90642
3.92638
3.948
3.96829
3.98844
4.011500000000001
4.03416
4.058800000000001
4.08461
4.11157
4.13713
4.14177
4.14054
4.142930000000001
4.14449
4.14434
4.14345
4.2371300000000005
4.38759
4.42788
4.46582
4.50885
4.55304
4.59811
4.64419
4.6942900000000005
4.74768
4.8045
4.86576
4.93224
5.0030600000000005
5.080150000000001
5.159549999999999
5.2487699999999995
5.344480000000001
5.45375
5.56724
5.7098
5.86274
6.02953
6.197290000000001
6.3659
6.53942
6.71065
6.88249
7.05541
7.23021
7.405390000000001
7.58089
7.7519
7.927200000000001
8.10242
8.277410000000001
8.44391
8.61618
8.77997
8.9403
9.10144
9.25657

Vgs: 7.0
4.22311
4.220009999999999
4.218310000000001
4.22262
4.228680000000001
4.24134
4.24387
4.24228
4.2716400000000005
4.28232
4.301130000000001
4.32031
4.330889999999999
4.35283
4.3654
4.38587
4.401129999999999
4.42065
4.43592
4.46149
4.480569999999999
4.49491
4.52171
4.5417000000000005
4.56168
4.58228
4.60599
4.63015
4.65153
4.67678
4.70436
4.73044
4.75289
4.77802
4.804
4.8290299999999995
4.86052
4.89106
4.921209999999999
4.9527399999999995
4.9867
5.0210300000000005
5.056579999999999
5.093559999999999
5.1328700000000005
5.17162
5.21324
5.25704
5.29984
5.351640000000001
5.39857
5.45107
5.506600000000001
5.5644800000000005
5.62778
5.6942
5.76269
5.84071
5.92054
6.0084800000000005
6.10513
6.20462
6.31902
6.44484
6.59033
6.7497
6.9118699999999995
7.08845
7.2571900000000005
7.4452
7.61986
7.7958300000000005
7.96589
8.149099999999999
8.32226
8.50496
8.67615
8.859240000000002
9.036489999999999
9.21025
9.37702

Vgs: 7.5
5.02678
5.02985
5.0295000000000005
5.02604
5.02504
5.04127
5.03479
5.033390000000001
5.04214
5.06866
5.08489
5.110049999999999
5.12443
5.13738
5.14827
5.162739999999999
5.1800500000000005
5.1947399999999995
5.21252
5.23074
5.2587399999999995
5.27587
5.30217
5.32001
5.33782
5.35473
5.37387
5.394559999999999
5.4157399999999996
5.43617
5.457789999999999
5.47881
5.50405
5.52667
5.55173
5.57714
5.60338
5.625179999999999
5.65015
5.6788300000000005
5.7084600000000005
5.73712
5.76781
5.7989299999999995
5.831440000000001
5.864529999999999
5.89951
5.93663
5.97193
6.012779999999999
6.05342
6.09403
6.13827
6.18456
6.2335
6.28129
6.33464
6.39177
6.45352
6.51474
6.581
6.65262
6.7296700000000005
6.810919999999999
6.8998
6.994809999999999
7.09943
7.220009999999999
7.34689
7.49093
7.65737
7.8254399999999995
8.00484
8.184759999999999
8.363840000000001
8.54435
8.722809999999999
8.9049
9.079979999999999
9.260259999999999
9.437710000000001

Vgs: 8.0
5.70908
5.69827
5.7073100000000005
5.70659
5.71326
5.72068
5.7261
5.71065
5.7115
5.73222
5.74241
5.75926
5.782920000000001
5.80247
5.82803
5.84566
5.86362
5.881220000000001
5.90776
5.933070000000001
5.9494
5.97527
5.99664
6.01388
6.03421
6.05198
6.07203
6.09627
6.11584
6.13419
6.15684
6.17868
6.20068
6.2259899999999995
6.24945
6.27528
6.30041
6.31968
6.35285
6.37537
6.40474
6.36117
6.38768
6.42121
6.4533000000000005
6.48252
6.515370000000001
6.54926
6.58448
6.61913
6.65553
6.69177
6.73026
6.77039
6.81169
6.85429
6.89949
6.94731
6.996429999999999
7.0470999999999995
7.099130000000001
7.15724
7.21497
7.277340000000001
7.34543
7.41522
7.49048
7.57421
7.66073
7.75669
7.859319999999999
7.972949999999999
8.09973
8.23964
8.404490000000001
8.57168
8.750340000000001
8.93271
9.10975
9.27651
9.4747
