Vgs range: 0,8,0.5
Vds range: 0,8,0.1

Vgs: 0.0
-4.60493e-05
0.000669669
0.00106348
0.00141092
0.00184286
0.002502
0.0035486600000000004
0.00512179
0.007197090000000001
0.00965766
0.012453899999999999
0.015504500000000001
0.0187659
0.022260600000000002
0.0260197
0.030178
0.0350634
0.0412125
0.0491318
0.0592234
0.0719148
0.08714440000000001
0.105404
0.126912
0.151625
0.17937899999999998
0.210132
0.243649
0.28120100000000003
0.321682
0.364695
0.411753
0.460612
0.513812
0.5702619999999999
0.629536
0.6902809999999999
0.7552979999999999
0.8227949999999999
0.891892
0.966349
1.04532
1.12361
1.20762
1.29071
1.37497
1.46638
1.55788
1.65646
1.75555
1.8538999999999999
1.95482
2.06368
2.17475
2.28523
2.39819
2.50957
2.62262
2.73396
2.85498
2.97838
3.1019900000000002
3.226
3.35788
3.4866699999999997
3.6170500000000003
3.7483199999999997
3.88031
4.01011
4.14999
4.2882299999999995
4.42594
4.56638
4.70926
4.85313
4.98142
5.14011
5.280189999999999
5.43293
5.58264
5.72361

Vgs: 0.5
-0.000114226
0.0023928400000000002
0.00227137
0.0028574
0.00376997
0.0042629600000000005
0.00480258
0.00537875
0.00600367
0.00673156
0.00778192
0.00945226
0.0119914
0.0155751
0.0203089
0.0263256
0.0337461
0.042832
0.053803
0.0669517
0.0822992
0.0999941
0.120293
0.14298
0.16848500000000002
0.19667600000000002
0.227478
0.260929
0.29699099999999995
0.33608899999999997
0.377826
0.421551
0.470161
0.521006
0.5742349999999999
0.630517
0.689375
0.751364
0.81569
0.885023
0.952867
1.02719
1.10271
1.18253
1.2646199999999999
1.3486
1.4360600000000001
1.5277699999999999
1.62218
1.72143
1.82037
1.91932
2.02497
2.13414
2.2477199999999997
2.3688200000000004
2.47975
2.59195
2.70644
2.83058
2.94653
3.0762099999999997
3.20353
3.3325199999999997
3.47186
3.60276
3.73952
3.87586
3.9973400000000003
4.1332699999999996
4.269
4.41636
4.58009
4.714440000000001
4.8516200000000005
4.99622
5.14656
5.295710000000001
5.45764
5.61035
5.74868

Vgs: 1.0
-0.000374675
0.0258045
0.0453844
0.0587812
0.06689529999999999
0.0711187
0.073341
0.0748824
0.0762804
0.0776236
0.0789707
0.0802963
0.0816336
0.0829935
0.0846006
0.08733250000000001
0.0922292
0.100174
0.111038
0.12486
0.14165599999999998
0.160742
0.182722
0.20727199999999998
0.23485
0.26508800000000005
0.298101
0.333859
0.37246700000000005
0.41385
0.458273
0.505219
0.554771
0.6078439999999999
0.66317
0.720418
0.781938
0.844612
0.910144
0.979254
1.0528899999999999
1.12741
1.20423
1.2831
1.36516
1.44981
1.53869
1.62775
1.72303
1.81778
1.9158899999999999
2.01795
2.1225300000000002
2.2308499999999998
2.33791
2.44747
2.56041
2.67643
2.79758
2.9201
3.04185
3.16706
3.29329
3.42142
3.5556
3.68656
3.82352
3.9609099999999997
4.0993
4.24037
4.38017
4.52074
4.6653199999999995
4.80855
4.958060000000001
5.10518
5.246370000000001
5.394150000000001
5.53853
5.693700000000001
5.844679999999999

Vgs: 1.5
-0.00149439
0.050577500000000004
0.09678210000000001
0.137343
0.172236
0.201444
0.224803
0.242587
0.255139
0.26333900000000005
0.268408
0.271679
0.274225
0.27653999999999995
0.2787
0.280787
0.28281900000000004
0.284819
0.286827
0.289315
0.293661
0.301571
0.314361
0.331855
0.354261
0.38024800000000003
0.409966
0.442998
0.47935300000000003
0.519144
0.561863
0.6080690000000001
0.656868
0.7088319999999999
0.7638980000000001
0.821912
0.882657
0.946307
1.0141
1.08328
1.15517
1.22916
1.30678
1.3868699999999998
1.46982
1.55435
1.6411900000000001
1.73084
1.82492
1.9182400000000002
2.01701
2.11798
2.2231
2.32764
2.4355800000000003
2.54576
2.65802
2.77488
2.89043
3.00996
3.12991
3.2567
3.38051
3.5133400000000004
3.64307
3.77771
3.91106
4.04455
4.18598
4.32629
4.46932
4.61388
4.76595
4.91038
5.05843
5.20678
5.35625
5.50274
5.66001
5.82003
5.9768

Vgs: 2.0
-0.0038658100000000003
0.0698469
0.138662
0.202975
0.262567
0.31718
0.36673
0.411042
0.449986
0.48347199999999996
0.511378
0.5338609999999999
0.550972
0.563403
0.571822
0.5775039999999999
0.581638
0.585067
0.5881379999999999
0.59102
0.5937870000000001
0.596464
0.599087
0.6017089999999999
0.605033
0.610848
0.621494
0.638598
0.66202
0.691371
0.725577
0.76449
0.807642
0.8543780000000001
0.904969
0.959292
1.0188300000000001
1.08007
1.1443
1.2115699999999998
1.28142
1.35465
1.43081
1.50997
1.5925
1.6757499999999999
1.76196
1.8524500000000002
1.94563
2.03836
2.13738
2.2381699999999998
2.34045
2.4450000000000003
2.5528500000000003
2.66303
2.77371
2.8882399999999997
3.00609
3.12417
3.24415
3.3671
3.49161
3.62017
3.74822
3.88251
4.01706
4.15186
4.28984
4.42849
4.57256
4.713229999999999
4.858549999999999
5.004029999999999
5.15001
5.30128
5.45123
5.6043899999999995
5.75229
5.906630000000001
6.05939

Vgs: 2.5
-0.00869973
0.0826895
0.170819
0.255103
0.335484
0.411994
0.484512
0.5523750000000001
0.616019
0.674705
0.728023
0.7762560000000001
0.819597
0.857736
0.890237
0.9175169999999999
0.939542
0.956503
0.969023
0.97799
0.984436
0.9893809999999998
0.993629
0.997483
1.00262
1.0061200000000001
1.00949
1.01278
1.01605
1.01992
1.0266
1.03928
1.0598999999999998
1.08825
1.1238000000000001
1.1657499999999998
1.21247
1.26434
1.3209
1.38196
1.4461000000000002
1.5140799999999999
1.58527
1.6599
1.73763
1.8187900000000001
1.90287
1.9894499999999997
2.07886
2.17185
2.2672999999999996
2.36292
2.4633200000000004
2.56536
2.67429
2.78306
2.8917800000000002
3.00501
3.12185
3.23882
3.3559200000000002
3.47912
3.6047800000000003
3.73273
3.862
3.9910900000000002
4.12444
4.259589999999999
4.3984000000000005
4.53669
4.6734
4.81497
4.95714
5.10136
5.24777
5.39427
5.5430399999999995
5.69489
5.84739
5.99962
6.15454

Vgs: 3.0
-0.015510099999999999
0.09092259999999999
0.194521
0.29472899999999996
0.392451
0.487218
0.578932
0.667168
0.7512559999999999
0.831904
0.908449
0.980608
1.05016
1.1128399999999998
1.17132
1.22506
1.2730199999999998
1.31551
1.3528900000000001
1.38479
1.41153
1.433
1.4498600000000001
1.46248
1.47187
1.47895
1.4847000000000001
1.48974
1.49431
1.49858
1.50269
1.50668
1.51051
1.51441
1.5188899999999999
1.52628
1.54138
1.56511
1.5983399999999999
1.63949
1.6875099999999998
1.7414399999999999
1.80061
1.86534
1.93432
2.00683
2.08388
2.16438
2.2487000000000004
2.3355699999999997
2.4263399999999997
2.52012
2.6170999999999998
2.71637
2.81893
2.92488
3.032
3.1417200000000003
3.25413
3.3705800000000004
3.48778
3.60785
3.7291999999999996
3.85465
3.9808100000000004
4.110469999999999
4.23937
4.37561
4.509670000000001
4.64546
4.7833
4.924289999999999
5.06426
5.20882
5.35481
5.50131
5.65054
5.80074
5.94991
6.102609999999999
6.2581

Vgs: 3.5
-0.0244276
0.0944264
0.21062899999999998
0.324922
0.436938
0.546556
0.654084
0.758873
0.861383
0.960176
1.05765
1.15039
1.23927
1.32439
1.40535
1.48201
1.55436
1.6219
1.6846599999999998
1.74227
1.79488
1.8422399999999999
1.88442
1.92143
1.95328
1.9798799999999999
2.00155
2.01853
2.03158
2.04154
2.0493799999999998
2.056
2.06174
2.06712
2.07214
2.07687
2.08152
2.0859099999999997
2.09043
2.09563
2.1045
2.12119
2.1471
2.18329
2.22914
2.28315
2.3435499999999996
2.4096
2.4814
2.55713
2.6378399999999997
2.7219700000000002
2.81175
2.90362
3.00035
3.09939
3.2013100000000003
3.3070500000000003
3.41637
3.52767
3.64023
3.7560100000000003
3.8739
3.99665
4.11966
4.2464900000000005
4.3737
4.50434
4.63602
4.77042
4.907220000000001
5.04629
5.18246
5.326090000000001
5.4707799999999995
5.61663
5.760730000000001
5.90826
6.0579
6.21009
6.3651599999999995

Vgs: 4.0
-0.034310600000000004
0.09514399999999999
0.223151
0.34952300000000003
0.474051
0.5965
0.717444
0.835893
0.952862
1.0689199999999999
1.18057
1.28911
1.39618
1.49951
1.60016
1.69857
1.79227
1.8809799999999999
1.9669499999999998
2.04888
2.1259799999999998
2.19782
2.26579
2.3280800000000004
2.38531
2.43742
2.4838199999999997
2.5255
2.56221
2.59361
2.61978
2.64115
2.65797
2.67127
2.68153
2.6901300000000004
2.69724
2.70384
2.70977
2.7153199999999997
2.72067
2.7258899999999997
2.7308800000000004
2.73588
2.74146
2.75073
2.76843
2.79655
2.8362600000000002
2.8868
2.94575
3.0122
3.08437
3.16186
3.24312
3.33061
3.42265
3.51988
3.61965
3.72299
3.82987
3.9405300000000003
4.05355
4.16959
4.28764
4.40975
4.53336
4.65909
4.78864
4.92087
5.05127
5.18703
5.32476
5.462759999999999
5.60525
5.74766
5.89126
6.03551
6.18126
6.3335
6.479279999999999

Vgs: 4.5
-0.0476665
0.0901039
0.227601
0.36329100000000003
0.49925200000000003
0.6339170000000001
0.7674150000000001
0.8981800000000001
1.0298200000000002
1.15841
1.28431
1.4081899999999998
1.52959
1.64897
1.76548
1.87934
1.99052
2.09904
2.20432
2.30494
2.40464
2.49828
2.58976
2.67623
2.7588299999999997
2.83623
2.9086
2.97584
3.0380599999999998
3.0949
3.14622
3.1924200000000003
3.2331600000000003
3.26883
3.29928
3.3247099999999996
3.34547
3.36205
3.3750299999999998
3.38582
3.39461
3.4024099999999997
3.40955
3.41595
3.42228
3.42822
3.4338200000000003
3.4393700000000003
3.44459
3.45065
3.46046
3.4787
3.50891
3.55104
3.6047599999999997
3.6680200000000003
3.7382600000000004
3.8165199999999997
3.89982
3.9889799999999997
4.0827
4.18176
4.28367
4.3905899999999995
4.50094
4.614649999999999
4.730790000000001
4.85094
4.972449999999999
5.09785
5.224119999999999
5.354979999999999
5.48777
5.62137
5.75842
5.896669999999999
6.03637
6.18014
6.32361
6.46765
6.61552

Vgs: 5.0
-0.0624194
0.08257310000000001
0.2278
0.372199
0.515501
0.6582600000000001
0.800686
0.943419
1.08566
1.22515
1.3638700000000001
1.49969
1.63485
1.7674100000000001
1.89835
2.02661
2.15341
2.27729
2.3995
2.51899
2.63526
2.74691
2.85756
2.96411
3.06805
3.16741
3.2634399999999997
3.3543499999999997
3.44084
3.52385
3.60081
3.67392
3.7412
3.80304
3.85934
3.9101199999999996
3.95533
3.99603
4.030279999999999
4.06017
4.08502
4.1052800000000005
4.12168
4.13495
4.14598
4.15557
4.1637699999999995
4.1713000000000005
4.178389999999999
4.18497
4.19134
4.1973
4.20313
4.20889
4.21545
4.225429999999999
4.24417
4.27532
4.319459999999999
4.3761399999999995
4.4427900000000005
4.51776
4.600230000000001
4.69024
4.78435
4.88386
4.9872
5.09506
5.20643
5.32189
5.44066
5.56254
5.68747
5.81468
5.94415
6.075060000000001
6.21153
6.34765
6.48676
6.62696
6.76867

Vgs: 5.5
-0.0784136
0.0712812
0.220852
0.370286
0.5176189999999999
0.667534
0.8150679999999999
0.965564
1.1204100000000001
1.27156
1.42088
1.56869
1.71309
1.858
2.00239
2.14685
2.28684
2.42749
2.56487
2.69777
2.8289600000000004
2.9567
3.08355
3.2065599999999996
3.32769
3.44553
3.56057
3.6717400000000002
3.78008
3.8834899999999997
3.98306
4.07883
4.17074
4.25797
4.34027
4.41803
4.48982
4.556690000000001
4.61778
4.6738
4.72386
4.7685
4.80764
4.84169
4.87089
4.89497
4.91469
4.93062
4.94415
4.95532
4.96512
4.9737599999999995
4.981669999999999
4.9889
4.99592
5.00274
5.00915
5.01523
5.02149
5.02823
5.03806
5.0576099999999995
5.08991
5.13648
5.19556
5.2652
5.34315
5.42883
5.5213600000000005
5.6191
5.72194
5.82972
5.94214
6.05659
6.17774
6.30074
6.42678
6.5567400000000005
6.6883300000000006
6.82286
6.958749999999999

Vgs: 6.0
-0.0949794
0.0596033
0.214872
0.37329
0.529546
0.687556
0.846921
0.9989079999999999
1.15983
1.3187
1.47461
1.6319
1.7885
1.94454
2.10434
2.2582600000000004
2.40942
2.56237
2.70699
2.85856
3.00574
3.14893
3.29
3.4300699999999997
3.56631
3.70033
3.83067
3.95985
4.08511
4.20772
4.32629
4.44132
4.55306
4.66113
4.765359999999999
4.865139999999999
4.96028
5.05187
5.13803
5.2195599999999995
5.2942800000000005
5.364660000000001
5.42891
5.48783
5.54131
5.58899
5.63108
5.667870000000001
5.69956
5.725809999999999
5.7487900000000005
5.76721
5.782159999999999
5.7947299999999995
5.80606
5.81601
5.8248
5.8329200000000005
5.84051
5.84778
5.8545300000000005
5.86102
5.86759
5.87385
5.88024
5.89019
5.9084699999999994
5.940919999999999
5.98801
6.04903
6.1214900000000005
6.2023399999999995
6.29097
6.38661
6.4890099999999995
6.59541
6.70774
6.82184
6.9426499999999995
7.0666
7.19357

Vgs: 6.5
-0.1148
0.0428554
0.199691
0.358119
0.515402
0.685662
0.845141
1.00834
1.17246
1.3408
1.50554
1.6683
1.83209
1.9956
2.1545
2.31644
2.48411
2.6452
2.8052900000000003
2.97091
3.1286899999999997
3.28596
3.4449099999999997
3.59774
3.7483299999999997
3.89999
4.04633
4.19599
4.33899
4.47775
4.61395
4.74677
4.87716
5.00383
5.12692
5.24628
5.362279999999999
5.474019999999999
5.582260000000001
5.68625
5.786020000000001
5.88071
5.97
6.0555
6.13499
6.2087
6.2764500000000005
6.337630000000001
6.393669999999999
6.44358
6.48828
6.52746
6.5614799999999995
6.59057
6.6153699999999995
6.63586
6.65292
6.6674999999999995
6.679659999999999
6.69026
6.70002
6.70895
6.71723
6.72496
6.73228
6.7392900000000004
6.746020000000001
6.75237
6.7589
6.7657799999999995
6.77424
6.7912
6.82265
6.869669999999999
6.93081
7.00396
7.08689
7.17762
7.27573
7.38077
7.49066

Vgs: 7.0
-0.13266999999999998
0.032064199999999994
0.193791
0.354652
0.5168389999999999
0.685311
0.853977
1.0125799999999998
1.18307
1.34457
1.50767
1.67172
1.84309
2.00877
2.18032
2.3435
2.5166199999999996
2.69835
2.85578
3.01862
3.18965
3.34573
3.51326
3.68104
3.84235
4.013369999999999
4.18154
4.34023
4.49843
4.65597
4.8106599999999995
4.96486
5.1157
5.26314
5.4071299999999995
5.54778
5.68571
5.81841
5.946940000000001
6.0716
6.19225
6.30827
6.41992
6.5261499999999995
6.6285
6.72603
6.8197600000000005
6.9075500000000005
6.99012
7.06766
7.13899
7.20412
7.263999999999999
7.31749
7.3652500000000005
7.4073
7.4438200000000005
7.47583
7.50284
7.52561
7.54481
7.560790000000001
7.574380000000001
7.58634
7.5968
7.6063600000000005
7.61512
7.6236999999999995
7.63122
7.63868
7.6456
7.652489999999999
7.658650000000001
7.66515
7.6715
7.680420000000001
7.6971
7.7278
7.7757
7.83755
7.912489999999999

Vgs: 7.5
-0.152173
0.0158073
0.178844
0.344186
0.5163719999999999
0.679314
0.854955
1.0340099999999999
1.2018300000000002
1.37226
1.54612
1.7149100000000002
1.88462
2.05017
2.22403
2.38818
2.57675
2.75042
2.92385
3.0969700000000002
3.2681899999999997
3.44701
3.6114200000000003
3.79087
3.9743399999999998
4.14026
4.31054
4.482609999999999
4.649859999999999
4.81818
4.99415
5.16334
5.32417
5.48813
5.65151
5.81075
5.963290000000001
6.1126499999999995
6.25515
6.39856
6.53526
6.67148
6.79943
6.92511
7.04808
7.1655
7.2808600000000006
7.38905
7.4940500000000005
7.593789999999999
7.690029999999999
7.78068
7.86604
7.946430000000001
8.020869999999999
8.08939
8.15184
8.20909
8.25991
8.30461
8.34413
8.37838
8.408159999999999
8.43357
8.454649999999999
8.47254
8.48802
8.50088
8.51233
8.52243
8.53163
8.540880000000001
8.54916
8.55697
8.564250000000001
8.571219999999999
8.57743
8.58373
8.590449999999999
8.59653
8.60505

Vgs: 8.0
-0.17189700000000002
-0.00295995
0.164149
0.335835
0.503711
0.673593
0.845258
1.02169
1.19975
1.37572
1.55084
1.7276399999999998
1.90427
2.07714
2.25618
2.44913
2.6284099999999997
2.7994399999999997
2.98051
3.16648
3.32921
3.5076199999999997
3.7057
3.89908
4.07962
4.25732
4.44743
4.62982
4.815729999999999
4.99921
5.17444
5.3392800000000005
5.518409999999999
5.6877
5.8631899999999995
6.02755
6.19722
6.36199
6.52161
6.6844
6.839600000000001
6.9878
7.13392
7.27646
7.41521
7.55051
7.68349
7.80982
7.93395
8.05
8.16553
8.27774
8.38345
8.48411
8.58049
8.67262
8.759730000000001
8.841470000000001
8.918239999999999
8.98912
9.053270000000001
9.112689999999999
9.16593
9.21379
9.25638
9.2935
9.32496
9.35177
9.37404
9.393149999999999
9.40944
9.423350000000001
9.43724
9.448369999999999
9.45752
9.46646
9.47513
9.48301
9.49098
9.49824
9.50538
