Vgs range: 0,8,0.5
Vds range: 0,8,0.1

Vgs: 0.0
-3.95993e-05
0.000682977
0.00107976
0.00141808
0.00180347
0.0023136100000000002
0.00322465
0.0047602700000000005
0.006884449999999999
0.009404880000000001
0.0122639
0.0154687
0.0189367
0.0225977
0.0265812
0.031078699999999997
0.036455499999999995
0.043267599999999996
0.0521438
0.0635243
0.0777423
0.0949304
0.115419
0.13902
0.165929
0.195992
0.229793
0.266684
0.306586
0.350011
0.396791
0.446519
0.499758
0.554269
0.613735
0.675613
0.740465
0.809137
0.879242
0.95205
1.0306
1.1100400000000001
1.1911999999999998
1.2745
1.36159
1.4530299999999998
1.54465
1.63802
1.73672
1.83758
1.93812
2.04228
2.15106
2.25998
2.37258
2.48756
2.6027099999999996
2.7199199999999997
2.83372
2.9555100000000003
3.07769
3.20513
3.33346
3.4646500000000002
3.59871
3.73251
3.86827
4.0078
4.14931
4.29124
4.44017
4.5865100000000005
4.72867
4.85805
4.90475
5.05567
5.20609
5.34612
5.50143
5.652769999999999
5.80007

Vgs: 0.5
-3.88918e-05
0.00222087
0.00292853
0.00335345
0.0037963800000000002
0.00428908
0.0048273100000000005
0.0054007099999999995
0.00601736
0.00670235
0.0076774899999999995
0.009441390000000001
0.0122211
0.0160442
0.0210564
0.0273763
0.0352414
0.0448879
0.056248700000000006
0.06988140000000001
0.085729
0.10368
0.12473200000000001
0.148148
0.174507
0.203339
0.23555500000000001
0.27011999999999997
0.307246
0.348355
0.391089
0.437451
0.485383
0.537131
0.591572
0.649149
0.7094659999999999
0.772314
0.837406
0.905737
0.97602
1.05257
1.12765
1.20761
1.28981
1.3744
1.46313
1.553
1.64702
1.7400499999999999
1.83789
1.93912
2.04352
2.1473400000000002
2.25313
2.36129
2.47322
2.5887800000000003
2.7103800000000002
2.83395
2.95006
3.0726999999999998
3.20004
3.3359900000000002
3.4620599999999997
3.59488
3.7271900000000002
3.86774
4.005599999999999
4.14722
4.2855
4.428030000000001
4.57662
4.71419
4.86141
5.00794
5.1566600000000005
5.30105
5.455909999999999
5.59652
5.7469

Vgs: 1.0
-0.00019119999999999999
0.0260739
0.0456492
0.0590266
0.0670815
0.07124649999999999
0.0734269
0.0749645
0.0763495
0.0776946
0.07901899999999999
0.08034179999999999
0.0816693
0.0829954
0.0844419
0.0868461
0.0918862
0.100281
0.111765
0.126059
0.142954
0.162406
0.184392
0.20927500000000002
0.236397
0.266372
0.29920800000000003
0.334818
0.373119
0.414463
0.458565
0.505405
0.5548810000000001
0.6068669999999999
0.6619459999999999
0.720615
0.781216
0.844218
0.9101699999999999
0.978358
1.05024
1.1232600000000001
1.19913
1.2788599999999999
1.3593
1.44461
1.53185
1.623
1.7135099999999999
1.8102
1.90653
2.00374
2.1069
2.2125600000000003
2.3105
2.42875
2.5467400000000002
2.65576
2.77353
2.8897
3.01124
3.13638
3.2616099999999997
3.3899
3.51945
3.6537599999999997
3.78491
3.9241800000000002
4.05816
4.1924600000000005
4.33759
4.47472
4.62076
4.76521
4.91706
5.064360000000001
5.203720000000001
5.3464599999999995
5.50041
5.64702
5.79515

Vgs: 1.5
-0.0008911920000000001
0.0514341
0.09790070000000001
0.138539
0.17344600000000002
0.20252
0.225784
0.24337
0.25570299999999996
0.26363200000000003
0.268438
0.27163699999999996
0.27416799999999997
0.276464
0.278629
0.280712
0.28275
0.284749
0.286715
0.28891700000000003
0.292775
0.301122
0.315001
0.333461
0.356377
0.38251399999999997
0.412549
0.445222
0.48119
0.520461
0.562574
0.608248
0.656569
0.707905
0.7621600000000001
0.818991
0.879259
0.9423009999999999
1.0098
1.0787
1.14998
1.2230100000000002
1.29981
1.37916
1.46109
1.54436
1.63079
1.72076
1.8125
1.90811
2.00474
2.1042199999999998
2.20334
2.30795
2.4153
2.5262100000000003
2.63352
2.75164
2.86742
2.98693
3.1087
3.22714
3.35015
3.4823
3.60759
3.73343
3.86565
3.99764
4.13251
4.26413
4.41369
4.55761
4.70042
4.84374
4.99362
5.13496
5.28881
5.4403999999999995
5.59164
5.744479999999999
5.89586

Vgs: 2.0
-0.00324833
0.0709207
0.140395
0.20504
0.264897
0.319631
0.369218
0.413446
0.452186
0.485355
0.512963
0.535051
0.5518329999999999
0.563949
0.57215
0.577623
0.581646
0.585022
0.588077
0.5909650000000001
0.593741
0.596386
0.599021
0.601594
0.604468
0.6094769999999999
0.620372
0.6383909999999999
0.662975
0.693043
0.727807
0.7665839999999999
0.809136
0.855381
0.904999
0.9585769999999999
1.01611
1.07543
1.13868
1.20517
1.27468
1.3478299999999999
1.42198
1.5007899999999998
1.58128
1.66387
1.74959
1.83862
1.92881
2.02314
2.12029
2.21648
2.3156700000000003
2.41816
2.52488
2.63284
2.74402
2.8577199999999996
2.97045
3.0905400000000003
3.21172
3.33229
3.45567
3.5820399999999997
3.70834
3.8341
3.95692
4.09518
4.23419
4.37638
4.51432
4.6537999999999995
4.80301
4.93748
5.09067
5.23119
5.38228
5.52973
5.68702
5.83706
5.9800699999999996

Vgs: 2.5
-0.0082727
0.0836711
0.171863
0.25659499999999996
0.33773000000000003
0.41496099999999997
0.487898
0.556438
0.620208
0.678885
0.732379
0.780657
0.823514
0.8610869999999999
0.8931469999999999
0.919798
0.9411750000000001
0.957671
0.9697790000000001
0.978329
0.984516
0.989296
0.9934919999999999
0.997333
1.00246
1.00593
1.00932
1.01254
1.01578
1.01925
1.02509
1.03851
1.06082
1.09086
1.12723
1.1692
1.21591
1.26694
1.32189
1.3808099999999999
1.44344
1.50981
1.57966
1.65271
1.72921
1.80928
1.89145
1.97709
2.06513
2.15638
2.25061
2.34713
2.44589
2.54636
2.64976
2.75557
2.86248
2.97635
3.08977
3.20514
3.32237
3.44372
3.56575
3.6889000000000003
3.8152199999999996
3.9435
4.07362
4.20547
4.338050000000001
4.473999999999999
4.61373
4.7565100000000005
4.89599
5.03444
5.181159999999999
5.32424
5.47097
5.62262
5.77112
5.9421800000000005
6.08926

Vgs: 3.0
-0.015564900000000001
0.0908982
0.194336
0.295182
0.392969
0.48828900000000003
0.580618
0.669702
0.754995
0.836573
0.9139390000000001
0.9866829999999999
1.05638
1.11944
1.17725
1.23003
1.27728
1.31917
1.35588
1.38714
1.41327
1.4340799999999998
1.45055
1.46284
1.47189
1.47878
1.48444
1.48937
1.49401
1.49833
1.5024700000000002
1.50645
1.51026
1.5140900000000002
1.51815
1.52479
1.5397
1.56539
1.59991
1.64249
1.69082
1.7446899999999999
1.80301
1.86625
1.93351
2.00527
2.08051
2.15972
2.24237
2.3281
2.41742
2.5100000000000002
2.60554
2.70428
2.8043
2.90903
3.01449
3.12332
3.23521
3.3486800000000003
3.46366
3.5829999999999997
3.70302
3.82533
3.9485400000000004
4.07658
4.20552
4.33528
4.47063
4.60356
4.7377
4.87786
5.0173700000000006
5.15839
5.30316
5.44933
5.59689
5.75005
5.89169
6.03949
6.17468

Vgs: 3.5
-0.0255849
0.09279280000000001
0.20887799999999998
0.323016
0.435062
0.544922
0.6524070000000001
0.7577470000000001
0.8602920000000001
0.9600350000000001
1.0581399999999999
1.15164
1.2418399999999998
1.32819
1.41041
1.48871
1.56183
1.62981
1.69271
1.74995
1.8019699999999998
1.84836
1.88981
1.92588
1.9567400000000001
1.98243
2.0033600000000003
2.01969
2.03214
2.0418
2.04932
2.05579
2.06148
2.0667799999999996
2.0717600000000003
2.07662
2.0812299999999997
2.08567
2.09003
2.09472
2.10236
2.1190599999999997
2.14764
2.18647
2.23361
2.28781
2.34815
2.41344
2.48364
2.5582000000000003
2.6371200000000004
2.71976
2.8068199999999996
2.8971600000000004
2.9914400000000003
3.08936
3.19029
3.2938799999999997
3.40002
3.50954
3.6207499999999997
3.73556
3.85228
3.9717700000000002
4.092639999999999
4.2194
4.34491
4.47206
4.603549999999999
4.73346
4.87366
5.0034600000000005
5.14486
5.28458
5.42633
5.56905
5.71467
5.85926
6.00497
6.1525099999999995
6.30639

Vgs: 4.0
-0.037573600000000006
0.0911247
0.21800000000000003
0.343441
0.467279
0.589542
0.710197
0.828901
0.94576
1.06168
1.17391
1.2838
1.39062
1.4951299999999998
1.59647
1.69478
1.79002
1.8812799999999998
1.9687900000000003
2.0518099999999997
2.1302399999999997
2.20315
2.2716
2.33412
2.39164
2.44299
2.48955
2.53027
2.56588
2.59638
2.62167
2.64238
2.6587300000000003
2.67147
2.6814299999999998
2.6897100000000003
2.69667
2.70323
2.70921
2.71489
2.72014
2.72525
2.73026
2.7352499999999997
2.74036
2.7484800000000003
2.7662
2.79699
2.8390999999999997
2.89054
2.9496700000000002
3.0154
3.0867
3.16344
3.24523
3.3309699999999998
3.42096
3.51559
3.6138500000000002
3.7163500000000003
3.82068
3.9296699999999998
4.04059
4.1550199999999995
4.27211
4.3915999999999995
4.5137
4.63827
4.76445
4.8933
5.022320000000001
5.15416
5.28939
5.424799999999999
5.56331
5.705550000000001
5.84518
5.9882800000000005
6.1341
6.28085
6.43136

Vgs: 4.5
-0.051297300000000004
0.0851777
0.22058399999999997
0.3554
0.489444
0.622796
0.7546299999999999
0.885232
1.01574
1.14343
1.26935
1.39327
1.5149199999999998
1.63493
1.7522799999999998
1.8673
1.9796000000000002
2.08896
2.1955400000000003
2.29914
2.39887
2.4944699999999997
2.58747
2.6756
2.7599
2.83878
2.91242
2.9805
3.04289
3.09977
3.1508399999999996
3.19644
3.23659
3.2715
3.30117
3.32614
3.34638
3.36258
3.37542
3.3858099999999998
3.39462
3.40238
3.40941
3.41601
3.42211
3.4280399999999998
3.4338200000000003
3.43922
3.44448
3.45012
3.45872
3.4769200000000002
3.50988
3.55464
3.61008
3.6737100000000003
3.7434
3.82057
3.90225
3.9897400000000003
4.08166
4.17861
4.28026
4.385820000000001
4.49552
4.6077200000000005
4.72298
4.84243
4.96431
5.08784
5.21468
5.3424
5.47397
5.60716
5.7420800000000005
5.87804
6.016719999999999
6.15762
6.30033
6.44218
6.58671

Vgs: 5.0
-0.0671422
0.0755136
0.217852
0.35877000000000003
0.500537
0.642602
0.783764
0.924751
1.0642900000000002
1.20291
1.33984
1.4764599999999999
1.61088
1.74474
1.8755600000000001
2.0045
2.13167
2.25635
2.37879
2.49911
2.61613
2.7302
2.8424600000000004
2.9506799999999997
3.05616
3.15797
3.2560599999999997
3.3496099999999998
3.43909
3.52352
3.60298
3.6771
3.74528
3.80757
3.86397
3.9147499999999997
3.95953
3.9993299999999996
4.0333499999999995
4.0626500000000005
4.0869
4.1066899999999995
4.122739999999999
4.1355200000000005
4.14633
4.15553
4.16373
4.1713000000000005
4.178109999999999
4.18494
4.19137
4.1974100000000005
4.2033000000000005
4.20897
4.21487
4.2236
4.24274
4.2774
4.3250399999999996
4.38298
4.450670000000001
4.524979999999999
4.60578
4.69261
4.78515
4.88331
4.98516
5.0920499999999995
5.203110000000001
5.31769
5.43617
5.55753
5.681430000000001
5.8088999999999995
5.9343699999999995
6.06595
6.20038
6.33283
6.47395
6.61268
6.7561

Vgs: 5.5
-0.0838923
0.0633239
0.21071800000000002
0.358974
0.5068549999999999
0.6564869999999999
0.806014
0.952791
1.10272
1.2511700000000001
1.40006
1.5458399999999999
1.69246
1.83833
1.9817300000000002
2.12432
2.26525
2.4031399999999996
2.53977
2.67511
2.80648
2.93515
3.0639399999999997
3.1888799999999997
3.31272
3.4322100000000004
3.54941
3.6625400000000004
3.77273
3.87943
3.9825399999999997
4.08076
4.17467
4.2637100000000006
4.348870000000001
4.4276
4.50052
4.5676
4.62859
4.68328
4.732379999999999
4.77567
4.81387
4.84659
4.87446
4.89773
4.91676
4.93236
4.945060000000001
4.95589
4.965319999999999
4.9738999999999995
4.98197
4.98935
4.99632
5.00298
5.0093000000000005
5.01556
5.021450000000001
5.02769
5.03648
5.05594
5.09113
5.14042
5.2007
5.2709
5.348590000000001
5.43321
5.5235199999999995
5.61992
5.72089
5.8264
5.93711
6.05193
6.17118
6.29375
6.41902
6.54711
6.67797
6.811260000000001
6.94599

Vgs: 6.0
-0.102526
0.0508175
0.202856
0.35677000000000003
0.510455
0.666719
0.824828
0.976585
1.13272
1.28962
1.44564
1.60047
1.75383
1.90543
2.0581699999999996
2.21164
2.36279
2.51262
2.66277
2.8105700000000002
2.95778
3.10075
3.24318
3.38464
3.5254000000000003
3.66025
3.7934900000000003
3.9238600000000003
4.05048
4.17468
4.295990000000001
4.41415
4.52804
4.6389
4.74545
4.84825
4.9460299999999995
5.04049
5.12896
5.2130600000000005
5.29096
5.3632100000000005
5.42905
5.488619999999999
5.54265
5.58999
5.63238
5.66882
5.70035
5.72697
5.74923
5.76741
5.78239
5.7950800000000005
5.8061
5.81585
5.82466
5.832859999999999
5.84048
5.84778
5.85445
5.86118
5.86742
5.8738
5.88011
5.88873
5.90733
5.94311
5.99313
6.0552399999999995
6.12734
6.2083900000000005
6.29528
6.388310000000001
6.48815
6.59234
6.70205
6.81571
6.93503
7.0563199999999995
7.18245

Vgs: 6.5
-0.11977700000000001
0.038052
0.194558
0.348679
0.509038
0.664725
0.828705
0.986336
1.15048
1.31485
1.4760000000000002
1.63456
1.79494
1.9507400000000001
2.10886
2.26744
2.4316
2.59468
2.75617
2.91454
3.07292
3.23047
3.3855
3.53913
3.69108
3.84418
3.9932199999999995
4.138669999999999
4.281540000000001
4.4218399999999995
4.55988
4.696330000000001
4.82718
4.95679
5.08183
5.20541
5.323589999999999
5.43842
5.548830000000001
5.65483
5.7573
5.85538
5.94871
6.0361199999999995
6.11808
6.19532
6.2663199999999994
6.33009
6.3876100000000005
6.4395
6.48543
6.52507
6.55986
6.5895600000000005
6.6148
6.63575
6.6530499999999995
6.66757
6.67974
6.69069
6.70035
6.709309999999999
6.71743
6.72528
6.73264
6.73984
6.74646
6.7531099999999995
6.759259999999999
6.76555
6.77367
6.79126
6.826149999999999
6.87669
6.94048
7.01335
7.09687
7.18703
7.28266
7.38368
7.49111

Vgs: 7.0
-0.141186
0.0157052
0.17694600000000002
0.341783
0.5055590000000001
0.666628
0.828995
0.9897370000000001
1.15033
1.3178599999999998
1.48398
1.6462700000000001
1.81681
1.98591
2.15087
2.31752
2.48205
2.64492
2.81226
2.98123
3.1453
3.31524
3.48064
3.64472
3.80906
3.9725699999999997
4.13061
4.29283
4.44993
4.60631
4.76004
4.9111199999999995
5.05837
5.2030899999999995
5.3470699999999995
5.48446
5.62062
5.75464
5.88311
6.0095
6.1319
6.25105
6.36534
6.47644
6.58358
6.68588
6.78311
6.87642
6.9629
7.04434
7.1195
7.18858
7.25124
7.30764
7.35787
7.40139
7.43966
7.472720000000001
7.5007600000000005
7.52461
7.5441199999999995
7.560790000000001
7.5747
7.58696
7.59753
7.60715
7.6159799999999995
7.62349
7.63111
7.63854
7.64553
7.653219999999999
7.65963
7.6657399999999996
7.67221
7.68076
7.69813
7.73278
7.783980000000001
7.84752
7.9232499999999995

Vgs: 7.5
-0.160774
0.00467502
0.16688999999999998
0.331033
0.496281
0.6627430000000001
0.833946
0.994497
1.16832
1.32858
1.4956800000000001
1.65711
1.83138
2.00136
2.16898
2.34461
2.50599
2.66702
2.83965
3.02877
3.20986
3.3809500000000003
3.5542
3.72648
3.89845
4.0795900000000005
4.248069999999999
4.42236
4.586139999999999
4.75761
4.92569
5.084510000000001
5.2482
5.41118
5.56628
5.7236199999999995
5.876390000000001
6.025499999999999
6.17251
6.31618
6.4542
6.591480000000001
6.72334
6.85321
6.97832
7.100750000000001
7.220070000000001
7.33281
7.44359
7.54845
7.647959999999999
7.74318
7.83416
7.9201
7.99826
8.069339999999999
8.136050000000001
8.196169999999999
8.24959
8.29645
8.337860000000001
8.37357
8.4046
8.43097
8.4528
8.471269999999999
8.48696
8.50135
8.51294
8.52348
8.533000000000001
8.541770000000001
8.55
8.55755
8.564860000000001
8.57192
8.5784
8.5851
8.591190000000001
8.59769
8.60557

Vgs: 8.0
-0.181757
-0.015483
0.14802099999999999
0.31158800000000003
0.481058
0.645777
0.80937
0.9844299999999999
1.1651
1.33876
1.5159
1.67788
1.85091
2.02606
2.20847
2.39268
2.5707999999999998
2.75566
2.93795
3.1086899999999997
3.28477
3.46279
3.64271
3.8258300000000003
4.01094
4.17791
4.35771
4.53648
4.71714
4.8941
5.0780199999999995
5.253299999999999
5.42798
5.59798
5.765700000000001
5.93722
6.10063
6.26785
6.42622
6.58428
6.73757
6.889349999999999
7.0355
7.1770499999999995
7.32119
7.459569999999999
7.593940000000001
7.72493
7.85257
7.97497
8.09459
8.21037
8.32249
8.429509999999999
8.53248
8.62916
8.72177
8.81068
8.890260000000001
8.96505
9.034
9.097299999999999
9.153939999999999
9.20425
9.24846
9.28696
9.3181
9.34696
9.37175
9.39063
9.40799
9.42254
9.435519999999999
9.44628
9.45614
9.46518
9.47401
9.482040000000001
9.48997
9.4985
9.505180000000001
