Vgs range: 0,8,0.1
Vds range: 0,8,0.5

Vgs: 0.0
-0.000154817
-0.000155267
-0.000153712
-0.00015687600000000002
-0.000155325
-0.000155356
-0.000159655
-0.000166791
-0.00017903100000000001
-0.000195138
-0.000220024
-0.000250598
-0.00029782699999999997
-0.000358076
-0.000434743
-0.000538401
-0.000674619
-0.000864973
-0.00114445
-0.0014155
-0.00182937
-0.00237703
-0.0030125200000000003
-0.0037533799999999997
-0.00458811
-0.00562869
-0.00683525
-0.00804449
-0.00919884
-0.0108688
-0.0119378
-0.0134655
-0.0150995
-0.017085200000000002
-0.0189947
-0.0210431
-0.0229794
-0.0251013
-0.027177399999999997
-0.029437500000000002
-0.031832200000000005
-0.0345057
-0.0374545
-0.039956700000000005
-0.0429263
-0.045917400000000004
-0.0493202
-0.052064
-0.0546244
-0.0582545
-0.0613767
-0.0656104
-0.0690049
-0.0722999
-0.0763448
-0.0793756
-0.08283890000000001
-0.0857994
-0.0889486
-0.092957
-0.0963768
-0.0987837
-0.104178
-0.107175
-0.111259
-0.11519800000000001
-0.119678
-0.122657
-0.125631
-0.128349
-0.133161
-0.137774
-0.140625
-0.14357899999999998
-0.14698
-0.151514
-0.155769
-0.158695
-0.162526
-0.167662
-0.172856

Vgs: 0.5
0.00206389
0.00203904
0.0018881599999999998
0.00190813
0.00205238
0.00283889
0.0054455499999999995
0.013097000000000001
0.022198899999999997
0.037386499999999996
0.057737
0.0817049
0.11205999999999999
0.134074
0.16031199999999998
0.18704600000000002
0.212368
0.2372
0.26174800000000004
0.284696
0.307638
0.330114
0.351271
0.37130799999999997
0.388931
0.41017000000000003
0.428366
0.445986
0.462175
0.478752
0.493428
0.508279
0.521773
0.5350199999999999
0.547251
0.559295
0.5706300000000001
0.5812620000000001
0.591265
0.5999840000000001
0.609024
0.61703
0.624887
0.632498
0.6387390000000001
0.645214
0.6502129999999999
0.654326
0.658033
0.662917
0.666728
0.670019
0.67088
0.675693
0.678438
0.6772940000000001
0.679267
0.6797310000000001
0.681874
0.682909
0.6839189999999999
0.6839339999999999
0.68128
0.6810889999999999
0.680499
0.6730879999999999
0.67136
0.671677
0.671387
0.671747
0.67309
0.669408
0.665386
0.659479
0.654239
0.65374
0.651955
0.649224
0.650996
0.654323
0.658476

Vgs: 1.0
0.0119226
0.0118724
0.008125720000000001
0.00679563
0.00574237
0.00600832
0.0088254
0.0174402
0.0272001
0.042864400000000004
0.0632432
0.0905462
0.12790800000000002
0.157601
0.197121
0.241057
0.288175
0.337539
0.38706500000000005
0.435576
0.485504
0.53273
0.5766249999999999
0.615677
0.669769
0.7098869999999999
0.751081
0.7850280000000001
0.829819
0.86681
0.903069
0.9379949999999999
0.971651
1.01103
1.03563
1.06538
1.0930600000000001
1.1200800000000002
1.1449500000000001
1.1700599999999999
1.1923599999999999
1.2146800000000002
1.23569
1.25536
1.2746000000000002
1.29338
1.31107
1.32632
1.34184
1.35863
1.37209
1.38342
1.3950099999999999
1.4067999999999998
1.4152
1.42075
1.42879
1.43378
1.4398099999999998
1.4460499999999998
1.4480000000000002
1.44706
1.4473
1.44339
1.44058
1.4432399999999999
1.43914
1.4629400000000001
1.47453
1.48238
1.49234
1.49791
1.49576
1.50013
1.50017
1.50303
1.49739
1.49832
1.49552
1.50325
1.49972

Vgs: 1.5
0.0293032
0.0292644
0.026576699999999998
0.0250628
0.024131200000000002
0.0239462
0.0287406
0.031298099999999995
0.0447422
0.051924700000000004
0.0743062
0.09801
0.1357
0.163514
0.199249
0.252702
0.295691
0.35582199999999997
0.40778
0.47395899999999996
0.536399
0.606841
0.681337
0.738615
0.803651
0.8632190000000001
0.940145
0.996018
1.0740299999999998
1.11222
1.17799
1.23451
1.2905900000000001
1.3374000000000001
1.3906800000000001
1.43059
1.47194
1.5083799999999998
1.55213
1.60954
1.63071
1.70205
1.70743
1.8187
1.85401
1.88807
1.9202
1.95298
1.98204
2.01104
2.03849
2.0624800000000003
2.0867899999999997
2.10939
2.12903
2.14771
2.1672599999999997
2.18369
2.1994599999999997
2.2103800000000002
2.2275
2.24429
2.25847
2.26862
2.28282
2.28773
2.2985599999999997
2.3090699999999997
2.319
2.32996
2.3355699999999997
2.34068
2.36314
2.3648800000000003
2.3629100000000003
2.36897
2.3713699999999998
2.36684
2.3685799999999997
2.38036
2.38393

Vgs: 2.0
0.0713434
0.07143490000000001
0.0715672
0.0723514
0.0723822
0.07240289999999999
0.0724109
0.0723912
0.072352
0.07236279999999999
0.0846975
0.147695
0.165338
0.19165400000000002
0.221276
0.26453899999999997
0.313425
0.366732
0.426263
0.43746799999999997
0.437556
0.437596
0.437608
0.437613
0.437593
0.437616
0.662797
1.12432
1.1931
1.28137
1.3629200000000001
1.44816
1.52904
1.60758
1.6852099999999999
1.75358
1.83521
1.90814
1.97674
2.04372
2.10942
2.1718100000000002
2.23312
2.29095
2.34665
2.39745
2.45199
2.49995
2.5461300000000002
2.5931
2.63395
2.6752
2.7162599999999997
2.75189
2.79189
2.82554
2.85953
2.8926999999999996
2.92382
2.96843
2.99693
3.02097
3.04294
3.0647
3.08573
3.10905
3.117
3.12925
3.14737
3.1609599999999998
3.16892
3.18953
3.20201
3.2088799999999997
3.2134199999999997
3.23333
3.24515
3.25475
3.26204
3.25584
3.2642499999999997

Vgs: 2.5
0.183346
0.18317799999999998
0.183108
0.188739
0.19539199999999998
0.202217
0.209787
0.21907200000000002
0.229247
0.240579
0.25403699999999996
0.2691
0.286831
0.303944
0.32930299999999996
0.355584
0.385488
0.420532
0.462469
0.511127
0.571602
0.6392519999999999
0.713888
0.787596
0.870608
0.949275
1.06051
1.1281100000000002
1.21153
1.31544
1.4190500000000001
1.51681
1.61307
1.7202899999999999
1.82222
1.9163999999999999
2.01791
2.1124400000000003
2.2071899999999998
2.32085
2.38786
2.45939
2.54367
2.61106
2.6963
2.77536
2.8531199999999997
2.95654
3.02616
3.0915500000000002
3.15475
3.21535
3.2757300000000003
3.3322
3.38881
3.44095
3.48986
3.53704
3.5826700000000002
3.62567
3.669
3.7080699999999998
3.74612
3.7808
3.81519
3.84571
3.84775
3.91852
3.9364100000000004
3.9606800000000004
3.9842999999999997
4.00885
4.02249
4.0426
4.06921
4.0801
4.09243
4.11263
4.120699999999999
4.1242
4.15072

Vgs: 3.0
0.375163
0.375349
0.375103
0.376362
0.38865
0.397075
0.406416
0.416402
0.427964
0.440062
0.453324
0.467721
0.48347199999999996
0.501568
0.520252
0.541555
0.565108
0.591506
0.621256
0.654299
0.69069
0.733481
0.7802129999999999
0.827226
0.898475
0.974008
1.07763
1.15344
1.24405
1.34318
1.4454699999999998
1.5467499999999998
1.6408200000000002
1.76011
1.87185
1.98408
2.09735
2.21294
2.3269699999999998
2.44212
2.5580999999999996
2.66934
2.7802399999999996
2.88889
2.99039
3.09368
3.19308
3.29556
3.38698
3.48028
3.5702
3.65462
3.7387900000000003
3.81886
3.89475
3.9675700000000003
4.0378799999999995
4.10712
4.1699399999999995
4.234629999999999
4.29362
4.34625
4.40783
4.4600100000000005
4.50929
4.55791
4.6027000000000005
4.64684
4.68771
4.7269
4.76379
4.7951299999999994
4.82845
4.8729000000000005
4.90434
4.93357
4.955430000000001
4.9807999999999995
4.99857
5.01722
5.03999

Vgs: 3.5
0.649056
0.649564
0.6497719999999999
0.649554
0.660503
0.673038
0.683666
0.693894
0.7037950000000001
0.717559
0.731556
0.7447410000000001
0.759841
0.77728
0.803764
0.8611489999999999
0.829012
0.852737
0.877392
0.9031790000000001
0.932065
0.963012
0.9970549999999999
1.04371
1.07724
1.12396
1.21229
1.26115
1.31965
1.37792
1.4674
1.57023
1.67669
1.78505
1.9033399999999998
2.02034
2.141
2.25814
2.38312
2.5032900000000002
2.61753
2.75603
2.8839400000000004
3.0111399999999997
3.13963
3.25801
3.37647
3.5035000000000003
3.6176
3.70967
3.84273
3.95548
4.07015
4.16987
4.27592
4.35895
4.46265
4.56623
4.60057
4.67052
4.8267500000000005
4.90471
4.98123
5.05884
5.07055
5.07133
5.071230000000001
5.07004
5.06966
5.06951
5.06854
5.3407599999999995
5.58359
5.6349
5.67828
5.719519999999999
5.75395
5.79028
5.82258
5.85255
5.8804

Vgs: 4.0
0.9946180000000001
0.9946510000000001
0.9961939999999999
0.996329
1.00874
1.03723
1.02528
1.04138
1.05417
1.06903
1.0768799999999998
1.0916700000000001
1.10598
1.1208
1.13801
1.15525
1.17361
1.19329
1.2149
1.23649
1.2607199999999998
1.2872000000000001
1.3150499999999998
1.3195999999999999
1.32052
1.46896
1.31852
1.3183500000000001
1.3182800000000001
1.4291200000000002
1.63265
1.6984299999999999
1.76774
1.84626
1.9311099999999999
2.0355299999999996
2.15481
2.27044
2.39153
2.5186599999999997
2.6466100000000004
2.77459
2.91054
3.0252600000000003
3.1744299999999996
3.29144
3.44763
3.59294
3.71287
3.8587700000000003
4.00266
4.1307599999999995
4.26424
4.39596
4.5268
4.65496
4.782019999999999
4.88008
5.001399999999999
5.10354
5.20965
5.26611
5.37589
5.42162
5.49958
5.57885
5.62216
5.4902299999999995
5.76603
5.8359700000000005
6.0049600000000005
6.16019
6.25295
6.318919999999999
6.37739
6.44242
6.445130000000001
6.35447
6.61339
6.66195
6.70733

Vgs: 4.5
1.42631
1.43071
1.4473699999999998
1.4425
1.40821
1.42232
1.43564
1.44764
1.46021
1.4738
1.4861900000000001
1.50162
1.51552
1.5312800000000002
1.5462200000000001
1.5633299999999999
1.5804099999999999
1.59912
1.6190099999999998
1.6396
1.66138
1.68385
1.7072999999999998
1.73319
1.75964
1.78843
1.8191
1.8512
1.88594
1.92354
1.96382
2.00879
2.05196
2.10684
2.1631799999999997
2.2295700000000003
2.29536
2.37446
2.45969
2.55884
2.67448
2.79987
2.93689
3.0727599999999997
3.20516
3.34635
3.48652
3.6302399999999997
3.77248
3.9207
4.07025
4.2144
4.36245
4.51133
4.66017
4.81154
4.9493
5.09509
5.23231
5.36979
5.5045399999999995
5.6418
5.76314
5.88764
6.01242
6.12499
6.22112
6.3451
6.44992
6.54905
6.646100000000001
6.73712
6.8267500000000005
6.9105099999999995
6.99371
7.07204
7.14485
7.2232
7.2876199999999995
7.35123
7.40857

Vgs: 5.0
1.89868
1.89645
1.8969200000000002
1.89873
1.89912
1.8999
1.91834
1.93022
1.94159
1.96326
1.9683499999999998
1.9823800000000003
1.9964700000000002
2.01101
2.0263
2.04223
2.05823
2.0756
2.09094
2.11217
2.13239
2.15294
2.17482
2.19678
2.22065
2.24611
2.2720599999999997
2.29915
2.32783
2.35819
2.39144
2.4262699999999997
2.46283
2.5014999999999996
2.54462
2.5917399999999997
2.6388100000000003
2.6928400000000003
2.75167
2.8126599999999997
2.88287
2.9579
3.0453
3.1406199999999997
3.25546
3.3817999999999997
3.5135
3.65864
3.80232
3.95211
4.101170000000001
4.25013
4.40357
4.55826
4.71502
4.86831
5.02663
5.18126
5.33737
5.49515
5.64848
5.80136
5.93697
6.09936
6.250109999999999
6.387099999999999
6.523980000000001
6.6663499999999996
6.7875000000000005
6.91631
7.0379
7.1526000000000005
7.26729
7.37201
7.47762
7.5793
7.6752
7.76973
7.85217
7.939420000000001
8.027360000000002

Vgs: 5.5
2.4386400000000004
2.43879
2.4395599999999997
2.43985
2.44005
2.4414599999999997
2.44918
2.46639
2.48008
2.49262
2.50592
2.52029
2.53302
2.54835
2.56372
2.5808099999999996
2.59603
2.61194
2.62942
2.6489399999999996
2.66523
2.6842900000000003
2.70463
2.72533
2.74629
2.76954
2.7926100000000003
2.81788
2.8420300000000003
2.86913
2.8976599999999997
2.9272899999999997
2.9573199999999997
2.9902800000000003
3.0242899999999997
3.05925
3.09829
3.13847
3.18125
3.22823
3.2776300000000003
3.33125
3.39062
3.45394
3.52289
3.59869
3.6839899999999997
3.7751
3.8776800000000002
3.9992400000000004
4.1402399999999995
4.28043
4.43643
4.59341
4.747000000000001
4.90539
5.06137
5.22463
5.38335
5.54771
5.71141
5.87554
6.03813
6.1989
6.3634900000000005
6.50024
6.68401
6.8416500000000005
6.99454
7.14709
7.29732
7.4386
7.5790299999999995
7.71947
7.85025
7.97566
8.09586
8.21899
8.33156
8.43963
8.54327

Vgs: 6.0
3.04974
3.04468
3.0460499999999997
3.0428400000000004
3.04566
3.04669
3.04631
3.07043
3.0786
3.08981
3.1085599999999998
3.11546
3.13079
3.15102
3.1548000000000003
3.17234
3.1876
3.2034
3.22063
3.23834
3.25446
3.27211
3.29034
3.31131
3.33001
3.35078
3.3732100000000003
3.3946699999999996
3.41626
3.44082
3.46654
3.4935
3.51974
3.5481800000000003
3.57593
3.60817
3.64084
3.67436
3.70831
3.7452900000000002
3.78542
3.82669
3.8721900000000002
3.9182
3.9734100000000003
4.02317
4.08152
4.15034
4.37734
4.41815
4.48991
4.5630999999999995
4.56243
4.68547
4.81037
4.94409
5.08472
5.25254
5.39829
5.56463
5.71113
5.895919999999999
6.0652
6.2212700000000005
6.42402
6.58087
6.73885
6.90099
7.06882
7.22845
7.39097
7.56099
7.705
7.87602
8.07041
8.161190000000001
8.37172
8.51867
8.65485
8.57174
8.85995

Vgs: 6.5
3.6148700000000002
3.61829
3.61285
3.61466
3.61809
3.61753
3.6191
3.628
3.6491499999999997
3.6613
3.67438
3.6896400000000003
3.70524
3.7222399999999998
3.73976
3.75711
3.77247
3.78468
3.80443
3.8237200000000002
3.8372200000000003
3.85869
3.88027
3.90126
3.9193199999999995
3.941
3.9627600000000003
3.9832699999999996
4.00673
4.030760000000001
4.0551900000000005
4.08034
4.10537
4.13059
4.15818
4.18681
4.21869
4.248069999999999
4.2803700000000005
4.31461
4.3489
4.3845600000000005
4.423039999999999
4.46307
4.50401
4.5474
4.59356
4.64445
4.694109999999999
4.75134
4.80748
4.87063
4.93863
5.01142
5.0932699999999995
5.17886
5.273680000000001
5.380109999999999
5.49606
5.63515
5.7872200000000005
5.94749
6.117039999999999
6.28286
6.45695
6.63154
6.79906
6.972650000000001
7.141019999999999
7.31624
7.4890099999999995
7.66035
7.83563
8.00498
8.156740000000001
8.36395
8.52072
8.638150000000001
8.846400000000001
8.96979
9.16102

Vgs: 7.0
4.26207
4.260800000000001
4.25919
4.26356
4.26192
4.2621400000000005
4.2643699999999995
4.25474
4.27753
4.2923800000000005
4.30438
4.320670000000001
4.33795
4.35396
4.36693
4.38495
4.399649999999999
4.416869999999999
4.433450000000001
4.451280000000001
4.47239
4.49012
4.5102
4.53109
4.53733
4.534940000000001
4.53827
4.54117
4.53995
4.53893
4.53533
4.60657
4.72506
4.759099999999999
4.78544
4.81304
4.83879
4.86794
4.89841
4.92934
4.96305
4.99344
5.02886
5.06407
5.099959999999999
5.13791
5.1757599999999995
5.21767
5.26025
5.30715
5.3527000000000005
5.40193
5.45484
5.5108
5.57225
5.62828
5.7015199999999995
5.7776499999999995
5.8523000000000005
5.93942
6.02997
6.129779999999999
6.24134
6.36635
6.505000000000001
6.66598
6.83415
7.0059
7.17822
7.3627199999999995
7.52953
7.70346
7.88788
8.05537
8.23337
8.41294
8.58477
8.76232
8.936919999999999
9.110750000000001
9.28296

Vgs: 7.5
4.90705
4.913889999999999
4.910570000000001
4.9066
4.90989
4.90952
4.90815
4.90539
4.91503
4.93935
4.9595400000000005
4.9759
4.98827
5.00209
5.02164
5.03872
5.05465
5.077520000000001
5.09631
5.11437
5.1336200000000005
5.15299
5.171
5.189100000000001
5.21064
5.228949999999999
5.24745
5.26986
5.28921
5.31248
5.3338600000000005
5.36138
5.38535
5.413130000000001
5.4355
5.4631
5.49016
5.51691
5.54404
5.574520000000001
5.60415
5.6351700000000005
5.668229999999999
5.69751
5.73116
5.767320000000001
5.80166
5.83996
5.87798
5.9162
5.95686
5.9978
6.0443299999999995
6.09227
6.14185
6.1921
6.24513
6.3029
6.36113
6.426399999999999
6.49235
6.5639899999999995
6.641789999999999
6.72351
6.81409
6.91062
7.01483
7.13383
7.25883
7.38915
7.56436
7.7391
7.91582
8.09248
8.27267
8.4505
8.62378
8.81035
8.9836
9.16318
9.34248

Vgs: 8.0
5.661519999999999
5.66646
5.66786
5.669849999999999
5.672510000000001
5.68018
5.6731300000000005
5.67257
5.66952
5.69146
5.71338
5.7316
5.742920000000001
5.76155
5.7753
5.7890299999999995
5.808879999999999
5.82427
5.84697
5.86743
5.88401
5.90339
5.9159299999999995
5.943160000000001
5.96832
5.9842200000000005
5.99178
6.025919999999999
6.04715
6.0719
6.08971
6.11151
6.13553
6.157509999999999
6.18199
6.20505
6.2315499999999995
6.25443
6.2806299999999995
6.3088
6.33589
6.35717
6.3872800000000005
6.41747
6.44593
6.47617
6.50927
6.539910000000001
6.5725
6.60523
6.64243
6.67948
6.71656
6.75375
6.7965100000000005
6.8392
6.882669999999999
6.9290899999999995
6.97608
7.027259999999999
7.079689999999999
7.1323
7.19257
7.25125
7.316610000000001
7.384469999999999
7.4582
7.53893
7.62275
7.71262
7.811
7.91677
8.039670000000001
8.17259
8.35292
8.47113
8.62045
8.79045
8.97777
9.16377
9.3339
