Vgs range: 0,8,0.1
Vds range: 0,8,0.5

Vgs: 0.0
-2.94988e-05
-2.89222e-05
-2.80179e-05
-2.85558e-05
-2.9012999999999998e-05
-3.20913e-05
-3.68066e-05
-4.48414e-05
-5.40579e-05
-6.70533e-05
-8.070450000000001e-05
-9.9118e-05
-0.000199641
-0.00025813699999999997
-0.000330272
-0.00044064099999999997
-0.0005755199999999999
-0.000769215
-0.00106318
-0.0013465900000000002
-0.00177122
-0.00230691
-0.00293982
-0.0037092699999999998
-0.004646549999999999
-0.00570071
-0.006799629999999999
-0.00807065
-0.00941997
-0.011162199999999999
-0.012309800000000001
-0.0139865
-0.0154894
-0.0173351
-0.0193137
-0.021415
-0.0234718
-0.0259668
-0.028311
-0.030802
-0.0334032
-0.0362023
-0.0386733
-0.0413928
-0.044342599999999996
-0.0473789
-0.0503706
-0.0534709
-0.0566948
-0.060053100000000005
-0.0630073
-0.0663156
-0.070007
-0.07392169999999999
-0.07708129999999999
-0.08117400000000001
-0.0848055
-0.08906259999999999
-0.0933368
-0.0948253
-0.0994149
-0.103688
-0.10623700000000001
-0.10957499999999999
-0.114167
-0.117762
-0.122007
-0.125855
-0.12903099999999998
-0.133081
-0.13815100000000002
-0.142328
-0.146648
-0.14983100000000002
-0.153809
-0.157324
-0.162144
-0.165799
-0.169873
-0.17654899999999998
-0.17993499999999998

Vgs: 0.5
0.00235443
0.0023381499999999998
0.00224743
0.00229096
0.00258191
0.0039584799999999995
0.00782683
0.0174359
0.028092199999999998
0.0456402
0.0672369
0.0917922
0.12333400000000001
0.14550000000000002
0.17159
0.198107
0.223375
0.248101
0.272005
0.294871
0.31761799999999996
0.339573
0.360016
0.379485
0.398775
0.41724
0.434704
0.451834
0.466527
0.48171800000000004
0.49536399999999997
0.508875
0.5220039999999999
0.5335150000000001
0.544973
0.556459
0.566646
0.57597
0.584596
0.593517
0.6014529999999999
0.6083259999999999
0.616504
0.6229579999999999
0.628976
0.6350169999999999
0.64022
0.645575
0.649348
0.652616
0.656376
0.6587700000000001
0.660736
0.6642520000000001
0.666007
0.6691940000000001
0.670462
0.6715840000000001
0.672631
0.671612
0.671521
0.666599
0.669525
0.667748
0.668015
0.662764
0.664523
0.662128
0.660701
0.658095
0.65243
0.656381
0.654791
0.656265
0.655421
0.652977
0.6528919999999999
0.653575
0.656753
0.651714
0.642903

Vgs: 1.0
0.0120948
0.0120494
0.00829741
0.00704117
0.00624658
0.00718287
0.0123108
0.0194842
0.0330049
0.0514864
0.0745486
0.108202
0.13464600000000002
0.17274
0.213684
0.260266
0.308709
0.358859
0.407082
0.456012
0.501086
0.551832
0.5980920000000001
0.642123
0.6846559999999999
0.728033
0.769891
0.807735
0.8448070000000001
0.88163
0.917801
0.9520200000000001
0.98353
1.02064
1.0431
1.07109
1.09706
1.12306
1.1460000000000001
1.16895
1.1912699999999998
1.21214
1.2324300000000001
1.25225
1.26952
1.28748
1.30295
1.3181200000000002
1.3308300000000002
1.34549
1.35677
1.36897
1.37856
1.38921
1.39723
1.4048800000000001
1.4123700000000001
1.41836
1.42177
1.42565
1.4294900000000001
1.43289
1.43481
1.4436900000000001
1.44082
1.44634
1.4520799999999998
1.45778
1.44956
1.45648
1.4588400000000001
1.46736
1.4594799999999999
1.46685
1.47421
1.4797600000000002
1.48555
1.48715
1.48881
1.48893
1.49199

Vgs: 1.5
0.029845999999999998
0.0298736
0.0276016
0.0255434
0.025235499999999998
0.026533099999999997
0.0298036
0.0359473
0.0458985
0.060848099999999995
0.0827662
0.115592
0.143074
0.18156
0.224865
0.271451
0.324343
0.377855
0.437028
0.500361
0.565784
0.6356480000000001
0.7024680000000001
0.785233
0.840041
0.9082600000000001
0.974154
1.05214
1.1015300000000001
1.16337
1.22453
1.2808599999999999
1.3374599999999999
1.3916600000000001
1.44282
1.49332
1.54117
1.58737
1.63131
1.6719899999999999
1.71235
1.7499200000000001
1.78686
1.82202
1.85613
1.8882599999999998
1.9177300000000002
1.94772
1.97511
2.0023400000000002
2.02764
2.05112
2.07493
2.09553
2.11677
2.13521
2.15219
2.1691599999999998
2.18357
2.1987
2.2136299999999998
2.22633
2.24178
2.25949
2.2733
2.2824899999999997
2.28632
2.29407
2.30496
2.30908
2.3146
2.33426
2.34781
2.34585
2.35362
2.3571299999999997
2.35617
2.36212
2.3703399999999997
2.37008
2.37811

Vgs: 2.0
0.07692410000000001
0.07691619999999999
0.0771141
0.0802076
0.0835866
0.0881566
0.09409580000000001
0.103607
0.11181
0.123817
0.13850700000000002
0.15646200000000002
0.17838500000000002
0.206282
0.240017
0.28334600000000004
0.33324800000000004
0.388362
0.449392
0.512585
0.580646
0.6521399999999999
0.726696
0.803547
0.884357
0.96931
1.07191
1.14241
1.22699
1.3137400000000001
1.40103
1.48311
1.56242
1.64028
1.71946
1.7931
1.86697
1.93937
2.00412
2.07382
2.1350800000000003
2.1808199999999998
2.25509
2.31203
2.3661
2.41763
2.4677100000000003
2.51978
2.5592200000000003
2.6039399999999997
2.64641
2.6814199999999997
2.72644
2.76181
2.79814
2.83105
2.8626300000000002
2.89371
2.92203
2.9491199999999997
2.97452
2.9990300000000003
3.02029
3.04157
3.061
3.07942
3.09603
3.11168
3.12963
3.14364
3.1568199999999997
3.17308
3.1828999999999996
3.1971399999999996
3.2063
3.21329
3.22131
3.2212899999999998
3.22549
3.2352499999999997
3.24102

Vgs: 2.5
0.195326
0.195008
0.194935
0.201236
0.208417
0.21563100000000002
0.223589
0.232702
0.24348
0.255746
0.269469
0.28510800000000003
0.302556
0.32323999999999997
0.346642
0.374188
0.405378
0.440347
0.483854
0.5341159999999999
0.596299
0.665577
0.7409479999999999
0.822226
0.90035
0.9877250000000001
1.09504
1.1691099999999999
1.26237
1.36044
1.45991
1.5607900000000001
1.66248
1.76355
1.86452
1.9646199999999998
2.06187
2.15801
2.2495000000000003
2.34265
2.43309
2.51906
2.6042899999999998
2.6873
2.76635
2.84247
2.91478
2.9863
3.05236
3.11809
3.18
3.2382600000000004
3.2962
3.35032
3.4049300000000002
3.4535
3.50076
3.5475
3.59205
3.63464
3.67619
3.71348
3.74989
3.7839300000000002
3.81495
3.84376
3.8720600000000003
3.90128
3.9241800000000002
3.9492
3.9672300000000003
3.9923500000000005
4.01198
4.02322
4.045789999999999
4.05868
4.0808800000000005
4.09493
4.107
4.11515
4.13084

Vgs: 3.0
0.393946
0.393857
0.394687
0.395987
0.408851
0.41796500000000003
0.427386
0.438135
0.449443
0.462291
0.47524999999999995
0.49010600000000004
0.506052
0.524231
0.543298
0.565151
0.589117
0.6155419999999999
0.645721
0.6777000000000001
0.7157910000000001
0.7581279999999999
0.806674
0.862612
0.927836
1.0237200000000002
1.09557
1.1908699999999999
1.28068
1.38279
1.48266
1.59132
1.6979300000000002
1.8007399999999998
1.89989
2.0276500000000004
2.14324
2.25871
2.37569
2.48722
2.60209
2.71272
2.82624
2.93129
3.0356699999999996
3.13901
3.2380199999999997
3.33531
3.4278500000000003
3.52161
3.60955
3.69289
3.77455
3.8513599999999997
3.92768
4.00253
4.06842
4.13605
4.19838
4.2600299999999995
4.3182
4.37343
4.42812
4.479839999999999
4.52947
4.5781
4.62034
4.66363
4.7021
4.73901
4.77316
4.80479
4.8371200000000005
4.86182
4.89058
4.91447
4.93716
4.9623
4.98433
5.01006
5.02653

Vgs: 3.5
0.6744910000000001
0.6740649999999999
0.674145
0.674356
0.685363
0.6968070000000001
0.707488
0.718062
0.729426
0.743495
0.757249
0.771349
0.786752
0.8036490000000001
0.821173
0.840615
0.861116
0.883404
0.9071870000000001
0.933373
0.963239
0.99362
1.0360099999999999
1.0671700000000002
1.10867
1.1558199999999998
1.2095
1.26767
1.33361
1.41235
1.5050700000000001
1.6089399999999998
1.71496
1.82373
1.9367699999999999
2.05388
2.17161
2.29245
2.41367
2.54081
2.6672000000000002
2.79135
2.92158
3.0508900000000003
3.17971
3.30957
3.42553
3.5506
3.673
3.79029
3.90202
4.01638
4.12161
4.22677
4.32855
4.42718
4.522
4.61743
4.69915
4.78403
4.86458
4.94085
5.01638
5.08452
5.15532
5.21916
5.28273
5.34176
5.39921
5.4542399999999995
5.50711
5.55567
5.60483
5.6485199999999995
5.6903
5.72797
5.763319999999999
5.79784
5.833900000000001
5.86286
5.89368

Vgs: 4.0
1.0336
1.03404
1.03208
1.03236
1.0330000000000001
1.05066
1.06166
1.0716
1.0844500000000001
1.09764
1.10949
1.12557
1.14044
1.15668
1.17184
1.1907400000000001
1.2092800000000001
1.22907
1.2501
1.27234
1.29718
1.3218699999999999
1.34886
1.37814
1.41005
1.4447100000000002
1.48248
1.52361
1.56808
1.61791
1.67329
1.73409
1.80323
1.88233
1.97343
2.0801000000000003
2.19807
2.31825
2.43885
2.57109
2.69571
2.8244
2.95997
3.0942700000000003
3.22999
3.36723
3.50548
3.6470700000000003
3.78408
3.92533
4.06383
4.196400000000001
4.33192
4.46051
4.58976
4.71504
4.83741
4.95836
5.07058
5.18328
5.29302
5.39351
5.4947099999999995
5.5889299999999995
5.68466
5.76735
5.85058
5.93356
6.010879999999999
6.08597
6.15625
6.22422
6.287100000000001
6.35083
6.40896
6.46815
6.52079
6.57005
6.61303
6.664289999999999
6.70678

Vgs: 4.5
1.45767
1.45918
1.45949
1.4587700000000001
1.46026
1.46949
1.48362
1.4951299999999998
1.50752
1.52077
1.53314
1.5492
1.56288
1.57943
1.5936299999999999
1.61024
1.62807
1.6468399999999999
1.6663400000000002
1.68584
1.70725
1.7311500000000002
1.7539
1.77858
1.80569
1.83466
1.86211
1.8968399999999999
1.9301
1.96664
2.00693
2.05076
2.09888
2.15163
2.20864
2.26878
2.33877
2.41823
2.50434
2.60472
2.72425
2.85666
2.98561
3.12146
3.2625
3.38418
3.5403000000000002
3.68923
3.83135
3.9807200000000003
4.12812
4.27752
4.42727
4.5800600000000005
4.72488
4.8723600000000005
5.0171399999999995
5.16347
5.3007100000000005
5.43855
5.57192
5.70299
5.83029
5.95455
6.05443
6.187139999999999
6.29588
6.404070000000001
6.502199999999999
6.60097
6.69494
6.78438
6.86856
6.94988
7.02759
7.10668
7.18002
7.251040000000001
7.316719999999999
7.3823300000000005
7.4432

Vgs: 5.0
1.94461
1.94588
1.94562
1.9457
1.94798
1.94723
1.96528
1.97921
1.9921600000000002
2.00526
2.01941
2.03094
2.04574
2.06134
2.07713
2.0937400000000004
2.10984
2.1274900000000003
2.14579
2.16537
2.1862
2.20753
2.2290500000000004
2.25013
2.27491
2.30001
2.3256200000000002
2.3790999999999998
2.38131
2.4112299999999998
2.4439
2.4774599999999998
2.5139
2.5531099999999998
2.59477
2.6404900000000002
2.69057
2.7436499999999997
2.80043
2.86387
2.93407
3.01262
3.09809
3.18977
3.30665
3.43223
3.5755
3.7169999999999996
3.86309
4.01363
4.16544
4.3128
4.46838
4.6216800000000005
4.78114
4.93719
5.09179
5.25175
5.41426
5.5672500000000005
5.72331
5.87503
6.02721
6.17345
6.321700000000001
6.46197
6.6000700000000005
6.73733
6.86935
6.99417
7.11314
7.22844
7.333830000000001
7.4477199999999995
7.551290000000001
7.6494
7.74416
7.83319
7.919199999999999
8.00114
8.080499999999999

Vgs: 5.5
2.49837
2.49772
2.4983
2.49897
2.4977799999999997
2.49762
2.50698
2.5225999999999997
2.53446
2.54786
2.56153
2.57522
2.58848
2.60437
2.626
2.63436
2.64966
2.66578
2.68322
2.7023
2.72059
2.7369
2.75997
2.78089
2.79975
2.82336
2.84688
2.87154
2.8969199999999997
2.92301
2.95048
2.9810700000000003
3.0118300000000002
3.04513
3.07917
3.11634
3.15408
3.1946700000000003
3.23695
3.2844800000000003
3.33669
3.3881900000000003
3.44755
3.51022
3.57984
3.65757
3.73749
3.8316600000000003
3.93689
4.05843
4.19642
4.34389
4.49959
4.656429999999999
4.81532
4.978210000000001
5.13295
5.2984800000000005
5.4593799999999995
5.62349
5.77775
5.9503
6.12513
6.28013
6.44633
6.6097600000000005
6.76893
6.92553
7.07909
7.23665
7.380310000000001
7.52061
7.66602
7.79733
7.931159999999999
8.055359999999999
8.17437
8.29047
8.39807
8.49288
8.60791

Vgs: 6.0
2.99981
3.00223
2.9980100000000003
2.99746
2.9975
2.9968500000000002
3.00071
3.02105
3.03402
3.05016
3.0586200000000003
3.08107
3.09853
3.11884
3.13141
3.14692
3.17631
3.18164
3.20154
3.21961
3.2371700000000003
3.2607600000000003
3.28037
3.30225
3.32506
3.3484700000000003
3.3709000000000002
3.39738
3.4218
3.4479200000000003
3.4747
3.5046
3.53369
3.56433
3.59673
3.6291700000000002
3.66286
3.70007
3.7396399999999996
3.77692
3.81914
3.86429
3.89796
3.9612700000000003
4.01401
4.069610000000001
4.12915
4.19946
4.26596
4.34347
4.426
4.51938
4.60313
4.73454
4.86165
5.008290000000001
5.16651
5.328399999999999
5.490069999999999
5.6634
5.82456
5.99132
6.1610700000000005
6.33074
6.49904
6.67098
6.83965
7.01767
7.17935
7.3524899999999995
7.5162700000000005
7.6810599999999996
7.84602
8.002699999999999
8.16152
8.3139
8.4612
8.60714
8.74609
8.882249999999999
9.01191

Vgs: 6.5
3.63391
3.63441
3.63739
3.63621
3.63519
3.63279
3.62994
3.6443399999999997
3.66614
3.67622
3.69717
3.71457
3.72897
3.7406900000000003
3.75371
3.77896
3.80011
3.8233
3.8308299999999997
3.85161
3.86805
3.88409
3.90995
3.927
3.9504900000000003
3.9743299999999997
3.99728
4.01604
4.04047
4.06602
4.09159
4.11963
4.1464099999999995
4.17361
4.20286
4.23212
4.263249999999999
4.29361
4.32837
4.36117
4.39124
4.43259
4.47314
4.51459
4.55635
4.600779999999999
4.647690000000001
4.7009
4.74975
4.80911
4.86844
4.9343900000000005
5.0049600000000005
5.082269999999999
5.1630199999999995
5.24954
5.34365
5.45421
5.573449999999999
5.71409
5.86468
6.02233
6.195220000000001
6.3649700000000005
6.53554
6.70967
6.88404
7.0553799999999995
7.23222
7.39956
7.576689999999999
7.7513499999999995
7.92492
8.10425
8.27388
8.44278
8.60961
8.7829
8.94061
9.10924
9.25843

Vgs: 7.0
4.2797
4.27931
4.27341
4.2780700000000005
4.27564
4.27387
4.276870000000001
4.27551
4.29812
4.310879999999999
4.331589999999999
4.34443
4.36034
4.3791899999999995
4.39938
4.4246099999999995
4.43694
4.456189999999999
4.47239
4.48767
4.50546
4.52538
4.5451
4.567200000000001
4.5858
4.60588
4.63214
4.65472
4.67885
4.7027
4.72293
4.74608
4.77304
4.79858
4.8234200000000005
4.85313
4.88168
4.915649999999999
4.9462
4.9778
5.00891
5.0417
5.07777
5.11494
5.15278
5.19069
5.23153
5.27508
5.31889
5.36623
5.413399999999999
5.46427
5.5212200000000005
5.57534
5.638190000000001
5.70473
5.7702
5.84577
5.9160200000000005
6.012840000000001
6.10476
6.209639999999999
6.31962
6.44254
6.59009
6.743919999999999
6.90871
7.08822
7.26016
7.438840000000001
7.61478
7.78852
7.96765
8.144449999999999
8.32602
8.50103
8.675320000000001
8.852739999999999
9.028929999999999
9.203710000000001
9.37953

Vgs: 7.5
4.95233
4.9472
4.94263
4.932910000000001
4.93628
4.937460000000001
4.93171
4.94483
4.9640200000000005
4.9882800000000005
4.99471
5.00503
5.03633
5.0490200000000005
5.0669699999999995
5.0863499999999995
5.10142
5.12085
5.14082
5.15639
5.17863
5.19272
5.22086
5.25106
5.2686399999999995
5.28937
5.30973
5.3278099999999995
5.35093
5.37167
5.39384
5.41697
5.43928
5.46388
5.48792
5.513739999999999
5.5412
5.57025
5.59647
5.62437
5.65421
5.68556
5.71802
5.75269
5.787859999999999
5.82259
5.85867
5.89806
5.93617
5.977460000000001
6.020829999999999
6.06429
6.11058
6.15742
6.20769
6.26117
6.31541
6.37429
6.43574
6.501329999999999
6.57059
6.642860000000001
6.723459999999999
6.80671
6.90091
6.99401
7.09901
7.215540000000001
7.3409699999999996
7.47756
7.65423
7.81956
8.000689999999999
8.176340000000001
8.35676
8.53796
8.71607
8.89577
9.0731
9.2587
9.43211

Vgs: 8.0
5.73362
5.74326
5.75079
5.747310000000001
5.75057
5.75092
5.74336
5.74263
5.73588
5.75985
5.78472
5.79948
5.82636
5.847899999999999
5.866210000000001
5.88627
5.9071
5.927510000000001
5.9430000000000005
5.96379
5.97679
5.9942
6.02458
6.04835
6.069330000000001
6.092099999999999
6.11628
6.13955
6.16037
6.185849999999999
6.1971
6.2211300000000005
6.2449
6.2701
6.2923800000000005
6.32107
6.34851
6.3684199999999995
6.39128
6.41802
6.44074
6.469919999999999
6.4938
6.524979999999999
6.55252
6.58126
6.611800000000001
6.64488
6.67775
6.71095
6.73768
6.77426
6.81353
6.8515299999999995
6.89382
6.93369
6.97851
7.02158
7.06944
7.12172
7.17561
7.23029
7.2878
7.347689999999999
7.41552
7.4836800000000006
7.55901
7.63532
7.7195
7.81051
7.907380000000001
8.01332
8.13069
8.25771
8.40706
8.572899999999999
8.75136
8.93103
9.10871
9.29443
9.47192
