Vgs range: 0,8,0.5
Vds range: 0,8,0.1

Vgs: 0.0
-3.77604e-05
0.0006730680000000001
0.0010567
0.0014020600000000001
0.0018287899999999998
0.00251336
0.00369149
0.00538967
0.007551899999999999
0.0100828
0.0129295
0.016006
0.0192901
0.0227776
0.026517799999999998
0.0306677
0.0355214
0.0416067
0.0494406
0.059503
0.0720115
0.0871701
0.105377
0.126418
0.150298
0.177233
0.207626
0.24053
0.276882
0.316077
0.35783
0.403059
0.451815
0.5021990000000001
0.556724
0.6141439999999999
0.6746719999999999
0.737231
0.804609
0.873892
0.9460449999999999
1.0227700000000002
1.10111
1.18163
1.26373
1.34989
1.4378900000000001
1.52921
1.62253
1.71994
1.81834
1.9188
2.0227
2.1302600000000003
2.24084
2.35483
2.46708
2.5813300000000003
2.7031300000000003
2.8238299999999996
2.9433100000000003
3.06944
3.19829
3.32633
3.45838
3.59481
3.73
3.86746
4.01062
4.15342
4.293080000000001
4.43571
4.57643
4.72722
4.874
5.020980000000001
5.1643
5.31587
5.45979
5.6144799999999995
5.76211

Vgs: 0.5
-0.00017028199999999998
0.00244549
0.00235717
0.00269974
0.0037752299999999996
0.0042721600000000005
0.0048148900000000005
0.0053941200000000005
0.00603833
0.00684233
0.00805529
0.00996995
0.0127984
0.016724000000000003
0.0218859
0.0284428
0.0366258
0.0465589
0.0582996
0.0723827
0.08864000000000001
0.10736899999999999
0.12878799999999999
0.152761
0.179566
0.209155
0.241587
0.276423
0.31458400000000003
0.355173
0.398653
0.445008
0.49440499999999993
0.54648
0.5992280000000001
0.6576110000000001
0.719125
0.781263
0.84711
0.915168
0.985775
1.06163
1.13679
1.21724
1.29721
1.38106
1.46886
1.55975
1.65321
1.74938
1.84566
1.9446299999999999
2.0475
2.15345
2.26376
2.3703700000000003
2.48324
2.59816
2.71616
2.8337000000000003
2.95648
3.07775
3.20341
3.33323
3.46164
3.59632
3.72603
3.8638000000000003
4.00007
4.13934
4.27898
4.42007
4.5664
4.71288
4.855090000000001
5.00233
5.1542200000000005
5.3087
5.4623800000000005
5.610040000000001
5.76284

Vgs: 1.0
-0.000523548
0.0255782
0.045124
0.0585477
0.0666959
0.0710012
0.0732715
0.0748732
0.07626580000000001
0.07760919999999999
0.0789429
0.08027820000000001
0.081605
0.0830153
0.08490740000000001
0.0881566
0.0936897
0.10221
0.11385100000000001
0.128308
0.145508
0.165336
0.187809
0.21296199999999998
0.240846
0.271477
0.3049
0.341041
0.380071
0.422111
0.466861
0.514323
0.564136
0.6171030000000001
0.673249
0.732419
0.793441
0.857934
0.924558
0.994535
1.0680500000000002
1.1431099999999998
1.219
1.2964300000000002
1.38013
1.46598
1.55434
1.6453399999999998
1.73729
1.8338
1.93309
2.0312799999999998
2.1339699999999997
2.23948
2.34663
2.45436
2.5669500000000003
2.6836300000000004
2.8007
2.9191
3.04025
3.16248
3.2878600000000002
3.41573
3.54706
3.68082
3.8108299999999997
3.94551
4.080559999999999
4.2194
4.35804
4.5052
4.6467
4.79303
4.94104
5.0870500000000005
5.2328
5.38366
5.5299
5.67743
5.83094

Vgs: 1.5
-0.0013334
0.0506865
0.0969391
0.13762
0.172296
0.201709
0.224928
0.242816
0.255072
0.263134
0.26823800000000003
0.271474
0.274046
0.276356
0.278541
0.280633
0.28266
0.28468200000000005
0.286757
0.289591
0.29478099999999996
0.30372899999999997
0.317474
0.335778
0.358641
0.385759
0.415793
0.449343
0.48636399999999996
0.5266179999999999
0.569881
0.6162690000000001
0.665524
0.718016
0.773232
0.8316429999999999
0.8924169999999999
0.956259
1.0241600000000002
1.09348
1.16514
1.24009
1.31751
1.3967
1.47875
1.5635000000000001
1.64976
1.73895
1.83131
1.92738
2.0242
2.12244
2.22644
2.3305700000000003
2.43926
2.54777
2.66028
2.7752499999999998
2.89119
3.0068
3.12978
3.25107
3.3752
3.5028799999999998
3.63196
3.761
3.8917499999999996
4.02909
4.16683
4.30377
4.4486
4.59139
4.73159
4.87727
5.0234499999999995
5.17063
5.31583
5.46606
5.616709999999999
5.76897
5.928710000000001

Vgs: 2.0
-0.00543925
0.0675159
0.135998
0.19994199999999998
0.25932499999999997
0.31382
0.36345099999999997
0.407839
0.446921
0.48067299999999996
0.508857
0.531622
0.549234
0.5620160000000001
0.570826
0.576819
0.581187
0.5847260000000001
0.587851
0.590753
0.593523
0.596186
0.598823
0.601579
0.605351
0.612086
0.624109
0.642427
0.6669160000000001
0.696853
0.7317699999999999
0.771445
0.814756
0.861803
0.912164
0.966615
1.0255100000000001
1.0864399999999999
1.15048
1.21747
1.28736
1.36079
1.43676
1.51437
1.5958
1.67997
1.76612
1.85626
1.94613
2.04101
2.13752
2.2374500000000004
2.3389
2.4423
2.55031
2.65732
2.7684699999999998
2.8836299999999997
2.99655
3.11437
3.23122
3.3532100000000002
3.4790200000000002
3.6050600000000004
3.73163
3.86009
3.9961399999999996
4.1292
4.2658499999999995
4.40238
4.5419
4.67964
4.8247100000000005
4.97165
5.11325
5.26366
5.41187
5.56056
5.71334
5.86273
6.0187100000000004

Vgs: 2.5
-0.0113325
0.07878020000000001
0.165698
0.24915799999999996
0.329132
0.405536
0.47795200000000004
0.546227
0.6101
0.668953
0.722686
0.771308
0.8148139999999999
0.852661
0.885453
0.912976
0.935299
0.952772
0.965847
0.975348
0.982596
0.988262
0.9929660000000001
0.997012
1.00218
1.00568
1.0090800000000002
1.01234
1.01572
1.0201500000000001
1.0281500000000001
1.04251
1.06484
1.09493
1.1314199999999999
1.1739700000000002
1.22125
1.27305
1.32898
1.38908
1.45279
1.52006
1.5911300000000002
1.66514
1.7428000000000001
1.8235000000000001
1.90698
1.9928200000000003
2.08251
2.17472
2.2691600000000003
2.36684
2.46566
2.56751
2.67164
2.7778899999999997
2.88619
2.9981
3.11188
3.2274700000000003
3.34734
3.46832
3.5903799999999997
3.7150600000000003
3.84148
3.9684100000000004
4.10049
4.23148
4.36546
4.50232
4.6439200000000005
4.7808399999999995
4.9259200000000005
5.06837
5.21286
5.36147
5.50906
5.65915
5.8105199999999995
5.96164
6.11569

Vgs: 3.0
-0.0188354
0.0860908
0.188314
0.287912
0.384828
0.47930599999999995
0.571267
0.659734
0.7450030000000001
0.82663
0.904196
0.977459
1.04737
1.1110600000000002
1.16982
1.22332
1.2716100000000001
1.31441
1.35173
1.38383
1.4106100000000001
1.4321
1.44912
1.46181
1.47122
1.4782899999999999
1.48408
1.48914
1.49377
1.49812
1.50222
1.50621
1.51006
1.51394
1.51864
1.5273
1.54368
1.5693199999999998
1.6037
1.64623
1.69529
1.75016
1.8094999999999999
1.8732499999999999
1.9416200000000001
2.01395
2.09034
2.16955
2.25381
2.34023
2.43063
2.52405
2.62005
2.7181
2.81893
2.92407
3.03064
3.14104
3.2525000000000004
3.3681200000000002
3.4820200000000003
3.60143
3.7235300000000002
3.84789
3.9701500000000003
4.09855
4.226859999999999
4.358479999999999
4.49006
4.62674
4.76196
4.9039399999999995
5.04336
5.18443
5.33141
5.47528
5.62282
5.77418
5.92211
6.078799999999999
6.2306799999999996

Vgs: 3.5
-0.0282914
0.0885112
0.20376
0.31622900000000004
0.426732
0.5354949999999999
0.6420319999999999
0.746285
0.8486509999999999
0.9474750000000001
1.0454800000000002
1.1388
1.22894
1.31539
1.3979400000000002
1.47662
1.55045
1.6194899999999999
1.68327
1.74183
1.795
1.84236
1.88487
1.92173
1.9535300000000002
1.98002
2.00148
2.01834
2.03119
2.04106
2.04888
2.0554200000000002
2.06112
2.06646
2.0714599999999996
2.0762300000000002
2.0808799999999996
2.08528
2.0897099999999997
2.0949
2.10392
2.12183
2.15058
2.18934
2.23691
2.29175
2.35375
2.42038
2.4915499999999997
2.56763
2.64826
2.73291
2.82083
2.9129899999999997
3.0082
3.1074599999999997
3.20975
3.31496
3.42152
3.53146
3.64416
3.75804
3.87659
3.99784
4.11963
4.244719999999999
4.372649999999999
4.5011
4.63023
4.76357
4.89777
5.03559
5.1748899999999995
5.31434
5.45697
5.60206
5.74576
5.89197
6.0409299999999995
6.18783
6.33957

Vgs: 4.0
-0.039243299999999995
0.0881787
0.213885
0.33789600000000003
0.461507
0.583464
0.702426
0.821106
0.938242
1.05333
1.1654
1.2740799999999999
1.3807699999999998
1.48493
1.58657
1.6847100000000002
1.77921
1.8709200000000001
1.95889
2.04284
2.1216299999999997
2.1949500000000004
2.26426
2.3279300000000003
2.3862200000000002
2.4387100000000004
2.4857199999999997
2.52764
2.56378
2.59467
2.62038
2.64135
2.65789
2.67082
2.68095
2.68922
2.6964900000000003
2.7029900000000002
2.70889
2.7145699999999997
2.71995
2.7251100000000004
2.73012
2.7351300000000003
2.74092
2.7507
2.76957
2.79973
2.84154
2.89255
2.9527
3.01945
3.0926
3.1704
3.2539700000000003
3.34143
3.43284
3.5290999999999997
3.62867
3.73041
3.8363199999999997
3.9482
4.06079
4.17581
4.2935300000000005
4.41375
4.536379999999999
4.6610499999999995
4.78883
4.916399999999999
5.050660000000001
5.18291
5.31913
5.45519
5.59752
5.73925
5.88143
6.02263
6.17065
6.31749
6.46558

Vgs: 4.5
-0.0531579
0.0827842
0.21746600000000002
0.350879
0.484581
0.6158710000000001
0.746501
0.875486
1.00354
1.13014
1.25444
1.37689
1.49818
1.61647
1.73305
1.84751
1.95928
2.0681800000000004
2.17442
2.27867
2.37812
2.47485
2.56894
2.6575800000000003
2.7426500000000003
2.8229599999999997
2.89815
2.96744
3.03157
3.08988
3.14245
3.18936
3.23079
3.26663
3.29725
3.32301
3.34392
3.36065
3.37389
3.38462
3.39355
3.40143
3.4085500000000004
3.41512
3.42135
3.4272500000000004
3.43293
3.43838
3.4439100000000002
3.45034
3.46109
3.4811
3.5135
3.55792
3.61303
3.67734
3.7491299999999996
3.8277200000000002
3.9113100000000003
3.9993299999999996
4.09324
4.1911700000000005
4.29331
4.39933
4.50906
4.62242
4.7375300000000005
4.85645
4.9779100000000005
5.10331
5.22879
5.35762
5.48892
5.62199
5.75705
5.89478
6.03264
6.174480000000001
6.31574
6.45777
6.60421

Vgs: 5.0
-0.0689489
0.0737546
0.215235
0.35732
0.499408
0.6385390000000001
0.781716
0.920192
1.05979
1.1969100000000001
1.3356100000000002
1.46916
1.60211
1.73319
1.86262
1.98947
2.11573
2.2405
2.36219
2.4821299999999997
2.5986
2.71206
2.8251600000000003
2.93379
3.03946
3.14127
3.2399400000000003
3.33433
3.42436
3.5102
3.59095
3.66634
3.73546
3.79942
3.85726
3.90904
3.95503
3.99575
4.03041
4.06033
4.08509
4.10515
4.12148
4.13453
4.14539
4.1547600000000005
4.1631
4.17063
4.17772
4.18411
4.19049
4.19672
4.20259
4.20841
4.21515
4.2259400000000005
4.247039999999999
4.28113
4.3274799999999995
4.38565
4.453740000000001
4.5295700000000005
4.61176
4.69993
4.79352
4.8928
4.99622
5.10415
5.2154
5.3306700000000005
5.44908
5.57029
5.69431
5.82036
5.95024
6.08024
6.2145
6.34915
6.48667
6.62687
6.76839

Vgs: 5.5
-0.08562499999999999
0.0622798
0.209459
0.35874399999999995
0.507903
0.656188
0.8040280000000001
0.952939
1.1017
1.24898
1.39608
1.5415100000000002
1.68636
1.8301
1.97166
2.1127
2.2520499999999997
2.3890000000000002
2.52308
2.65743
2.78891
2.91786
3.04474
3.16758
3.2909800000000002
3.41071
3.5276199999999998
3.64107
3.75185
3.859
3.9619299999999997
4.0612
4.1555
4.2466099999999996
4.33237
4.41331
4.488449999999999
4.5574200000000005
4.62002
4.67663
4.72691
4.77175
4.81046
4.84382
4.8722
4.8959399999999995
4.91534
4.931030000000001
4.9437500000000005
4.9548
4.96452
4.97317
4.98104
4.98861
4.9955
5.0023100000000005
5.0088099999999995
5.01508
5.02121
5.02753
5.03834
5.059209999999999
5.093999999999999
5.14325
5.2038199999999994
5.27482
5.3536399999999995
5.43986
5.53209
5.63024
5.73318
5.84062
5.95275
6.06844
6.18778
6.3098399999999994
6.43597
6.56361
6.69378
6.82585
6.96229

Vgs: 6.0
-0.103333
0.0482864
0.201568
0.355007
0.5098630000000001
0.6634450000000001
0.8204370000000001
0.975315
1.13346
1.28671
1.44295
1.5969300000000002
1.75133
1.9051
2.05501
2.20738
2.35791
2.5067399999999997
2.65617
2.80188
2.9457
3.08764
3.22995
3.3683300000000003
3.50588
3.64065
3.77361
3.9026899999999998
4.028989999999999
4.15424
4.27487
4.39379
4.50932
4.6204
4.72701
4.8310200000000005
4.93016
5.02506
5.11493
5.20057
5.27926
5.3534999999999995
5.42129
5.48167
5.536840000000001
5.58528
5.62863
5.66631
5.69836
5.72513
5.74784
5.76634
5.78136
5.79439
5.80546
5.81512
5.82393
5.83209
5.8397
5.84679
5.85387
5.86055
5.8671299999999995
5.87326
5.87992
5.8899099999999995
5.91049
5.94605
5.99609
6.05859
6.1312500000000005
6.2138599999999995
6.30353
6.3982600000000005
6.49942
6.60501
6.71609
6.830690000000001
6.95019
7.07256
7.1988900000000005

Vgs: 6.5
-0.12246499999999999
0.0357069
0.192984
0.35006000000000004
0.508143
0.6613559999999999
0.820143
0.98419
1.13767
1.2953999999999999
1.45404
1.61013
1.7708599999999999
1.93549
2.09548
2.2598599999999998
2.42323
2.5830599999999997
2.7446699999999997
2.9003900000000002
3.05776
3.21377
3.36673
3.5213900000000002
3.6737100000000003
3.82482
3.9749700000000003
4.12213
4.2665999999999995
4.40853
4.544020000000001
4.67817
4.80934
4.938739999999999
5.06462
5.1881
5.30662
5.4223
5.534350000000001
5.6416900000000005
5.7470799999999995
5.84433
5.937460000000001
6.02576
6.10945
6.18743
6.2597499999999995
6.3251100000000005
6.384060000000001
6.43681
6.48325
6.52396
6.558750000000001
6.58863
6.61383
6.634720000000001
6.6520399999999995
6.66649
6.6789700000000005
6.68975
6.69945
6.70843
6.71664
6.724629999999999
6.73191
6.73896
6.74562
6.75235
6.7586
6.7653
6.77479
6.79411
6.82848
6.8781
6.94139
7.01691
7.10087
7.19142
7.288349999999999
7.39164
7.50099

Vgs: 7.0
-0.14216
0.0170515
0.17477399999999998
0.33183300000000004
0.495834
0.657708
0.816479
0.979538
1.14486
1.31182
1.47418
1.63678
1.80935
1.9775499999999997
2.1431699999999996
2.31256
2.47526
2.63393
2.8074
2.97656
3.1512
3.32491
3.4922999999999997
3.6547
3.81699
3.98
4.1421
4.30274
4.4558599999999995
4.6176
4.7714
4.92874
5.07672
5.22598
5.3706
5.511570000000001
5.64859
5.78022
5.90969
6.03666
6.1588
6.27612
6.391209999999999
6.5011399999999995
6.6067
6.7070799999999995
6.802370000000001
6.89268
6.97808
7.05746
7.13128
7.19769
7.2588
7.314509999999999
7.36354
7.40619
7.44321
7.47528
7.50237
7.525180000000001
7.54453
7.56066
7.57431
7.58627
7.59686
7.606339999999999
7.615399999999999
7.62358
7.63154
7.63867
7.64572
7.65242
7.65915
7.665360000000001
7.67166
7.67936
7.69554
7.72821
7.77833
7.84217
7.919249999999999

Vgs: 7.5
-0.162652
-0.00115487
0.161523
0.321091
0.485923
0.645092
0.8162860000000001
0.979323
1.1530500000000001
1.3301
1.50157
1.67049
1.8369499999999999
2.00527
2.17833
2.3473499999999996
2.5166199999999996
2.6953099999999997
2.87607
3.05429
3.23469
3.40309
3.5774399999999997
3.7622400000000003
3.93432
4.10632
4.27751
4.44617
4.61706
4.786099999999999
4.95419
5.12129
5.28512
5.448040000000001
5.60727
5.76279
5.91514
6.06514
6.21169
6.354509999999999
6.4937700000000005
6.63039
6.76208
6.8909899999999995
7.01614
7.137379999999999
7.253019999999999
7.36599
7.47417
7.57599
7.67483
7.768009999999999
7.85629
7.938610000000001
8.015080000000001
8.08444
8.1484
8.206059999999999
8.2577
8.30338
8.343679999999999
8.378139999999998
8.407639999999999
8.43289
8.45416
8.47233
8.48628
8.49921
8.51051
8.52077
8.53069
8.53916
8.547519999999999
8.55493
8.5622
8.5702
8.57681
8.58336
8.589640000000001
8.59468
8.60153

Vgs: 8.0
-0.185253
-0.021993000000000002
0.145795
0.313502
0.482647
0.649884
0.814343
0.985137
1.15569
1.3246099999999998
1.50336
1.66989
1.83899
2.0129599999999996
2.18754
2.36444
2.54114
2.7231899999999998
2.9032799999999996
3.09563
3.26845
3.44638
3.62533
3.80968
3.9876800000000006
4.16742
4.34925
4.5298
4.7071
4.88066
5.0624
5.23893
5.41231
5.58316
5.749770000000001
5.92275
6.0904
6.2556
6.41703
6.58157
6.73729
6.89152
7.043480000000001
7.190860000000001
7.3350100000000005
7.47527
7.61402
7.74634
7.874859999999999
7.99811
8.11901
8.233559999999999
8.34604
8.45174
8.553460000000001
8.6486
8.73909
8.82439
8.90374
8.97734
9.04428
9.10596
9.160919999999999
9.209959999999999
9.252740000000001
9.289290000000001
9.32124
9.34879
9.37267
9.39263
9.4086
9.42247
9.43511
9.44648
9.45612
9.46438
9.47255
9.481409999999999
9.48902
9.496360000000001
9.50419
