Vgs range: 0,8,0.1
Vds range: 0,8,0.5

Vgs: 0.0
-4.28914e-05
-4.2599e-05
-4.28497e-05
-4.10762e-05
-4.22475e-05
-4.46603e-05
-4.81439e-05
-5.4497000000000004e-05
-6.35775e-05
-7.32482e-05
-8.36323e-05
-9.76712e-05
-9.829669999999999e-05
-9.80088e-05
-9.7309e-05
-9.85948e-05
-9.70899e-05
-0.0006290040000000001
-0.000853604
-0.00117012
-0.00147378
-0.0019123100000000002
-0.00245168
-0.00311252
-0.0038310500000000003
-0.00464349
-0.00553269
-0.00652315
-0.0075845
-0.008700939999999999
-0.00993657
-0.011444600000000001
-0.0125775
-0.0140547
-0.0156537
-0.017303100000000002
-0.0189842
-0.0210852
-0.023221
-0.0251459
-0.027361299999999998
-0.0296349
-0.032241399999999996
-0.034266700000000004
-0.0378039
-0.040624799999999996
-0.0432083
-0.0456668
-0.0487623
-0.0517671
-0.0553063
-0.0589524
-0.06176449999999999
-0.06471500000000001
-0.0689416
-0.07227929999999999
-0.0761357
-0.0800795
-0.083574
-0.0880851
-0.09074549999999999
-0.0949662
-0.09886
-0.10333200000000001
-0.107484
-0.110943
-0.114023
-0.118972
-0.122007
-0.125189
-0.12994999999999998
-0.134832
-0.13869199999999998
-0.142652
-0.146757
-0.150099
-0.15418300000000001
-0.16001500000000002
-0.161844
-0.166746
-0.170277

Vgs: 0.5
0.0023561100000000002
0.0023278500000000002
0.0022153000000000003
0.00225815
0.00254704
0.00389919
0.00777484
0.0174281
0.0282484
0.0455481
0.06789490000000001
0.0922437
0.123343
0.14545000000000002
0.17142200000000002
0.198244
0.22345199999999998
0.248121
0.272063
0.295221
0.31828100000000004
0.33924
0.357912
0.380595
0.398779
0.418103
0.435531
0.452603
0.468574
0.48443800000000004
0.499497
0.513116
0.52673
0.539609
0.551949
0.5644089999999999
0.5758169999999999
0.5871350000000001
0.596412
0.606532
0.6160300000000001
0.623935
0.633479
0.640151
0.6474989999999999
0.653972
0.659835
0.665305
0.6706449999999999
0.67474
0.677071
0.680327
0.683789
0.6858329999999999
0.686118
0.691681
0.690149
0.692539
0.692839
0.6950069999999999
0.6969059999999999
0.6981350000000001
0.6963600000000001
0.697674
0.690678
0.688264
0.681149
0.689765
0.689961
0.6839189999999999
0.682497
0.679106
0.682137
0.684319
0.676658
0.672018
0.676642
0.671762
0.676894
0.6764180000000001
0.672435

Vgs: 1.0
0.0116295
0.011576099999999999
0.00803154
0.0068936200000000005
0.006244250000000001
0.00725048
0.0123193
0.0195544
0.0328382
0.0512977
0.0747885
0.10816500000000001
0.13494399999999998
0.172734
0.21421600000000002
0.259584
0.302195
0.358367
0.40662800000000004
0.45554100000000003
0.504434
0.551472
0.5977250000000001
0.6417039999999999
0.684981
0.727174
0.767998
0.807042
0.844389
0.881915
0.917843
0.951771
0.9838990000000001
1.02267
1.04646
1.07518
1.10282
1.1293
1.1544999999999999
1.17941
1.20503
1.22663
1.24869
1.2702099999999998
1.2898
1.3085200000000001
1.3259299999999998
1.34372
1.3597800000000002
1.3728200000000002
1.38674
1.39835
1.41091
1.42604
1.43394
1.44641
1.45573
1.46374
1.471
1.4785
1.48582
1.4912599999999998
1.49777
1.50372
1.5036100000000001
1.50359
1.5069700000000001
1.51641
1.527
1.52621
1.53202
1.54094
1.53737
1.5355699999999999
1.53743
1.54085
1.54922
1.5530400000000002
1.54656
1.55214
1.54979

Vgs: 1.5
0.0292106
0.029206299999999998
0.0292445
0.029235300000000002
0.0292367
0.029232499999999998
0.029227600000000003
0.0266892
0.044407499999999996
0.0610711
0.0822291
0.115665
0.142671
0.181695
0.224328
0.27149999999999996
0.322475
0.377073
0.436477
0.497994
0.5647840000000001
0.632613
0.701846
0.77023
0.8386739999999999
0.908977
0.973254
1.05154
1.10154
1.1625299999999998
1.2220600000000001
1.28044
1.33632
1.38947
1.44129
1.4947300000000001
1.5418299999999998
1.5873
1.6312600000000002
1.67482
1.71743
1.75766
1.79758
1.83558
1.87249
1.90752
1.93865
1.9725099999999998
2.0017199999999997
2.03184
2.06096
2.08699
2.11277
2.1387300000000002
2.16167
2.18303
2.2019100000000003
2.22202
2.24224
2.25952
2.27658
2.28768
2.30369
2.31706
2.3249500000000003
2.33846
2.3474899999999996
2.36076
2.37039
2.3712
2.37033
2.37676
2.3891899999999997
2.3989
2.40561
2.4080999999999997
2.40996
2.41573
2.42742
2.4346200000000002
2.43399

Vgs: 2.0
0.0753292
0.07534389999999999
0.0755083
0.07813200000000001
0.0815364
0.0859494
0.09159460000000001
0.09908929999999999
0.11082900000000001
0.12073700000000001
0.135964
0.15395
0.17626999999999998
0.205219
0.23971800000000001
0.28339499999999995
0.333543
0.388822
0.450534
0.512161
0.580507
0.6525920000000001
0.7262689999999999
0.8037489999999999
0.885815
0.967669
1.07148
1.14153
1.22725
1.31548
1.39737
1.48094
1.5646600000000002
1.64051
1.71576
1.79371
1.86415
1.93672
2.0032
2.07028
2.13531
2.1983800000000002
2.25775
2.31318
2.36813
2.42075
2.47135
2.52202
2.5705400000000003
2.61571
2.66125
2.70368
2.74438
2.7851500000000002
2.82457
2.8621
2.8958999999999997
2.93085
2.96219
2.9962600000000004
3.02307
3.05437
3.07755
3.10412
3.12631
3.14665
3.16147
3.18278
3.20386
3.2170300000000003
3.23068
3.24629
3.2556
3.26871
3.27552
3.2816099999999997
3.2937499999999997
3.3050699999999997
3.3141
3.32627
3.33679

Vgs: 2.5
0.193039
0.193742
0.193424
0.199788
0.20602
0.21286300000000002
0.22060800000000003
0.229721
0.24013400000000001
0.252096
0.26538100000000003
0.281459
0.298445
0.318899
0.34317400000000003
0.369705
0.401644
0.438197
0.48328899999999997
0.5346949999999999
0.596844
0.666123
0.741258
0.818592
0.902208
0.9873830000000001
1.09465
1.1714
1.26111
1.3588300000000002
1.4587599999999998
1.55962
1.6618
1.76383
1.86234
1.9635999999999998
2.0601
2.15917
2.24907
2.34093
2.43247
2.51478
2.59954
2.68207
2.76141
2.83801
2.91051
2.9809699999999997
3.05112
3.1158599999999996
3.18076
3.24162
3.30242
3.35858
3.41608
3.47199
3.52365
3.57373
3.622
3.67054
3.71367
3.75874
3.79825
3.83521
3.87466
3.91251
3.94249
3.9765699999999997
4.00895
4.03239
4.06017
4.0811
4.10583
4.12629
4.13628
4.15669
4.17739
4.20345
4.21717
4.22274
4.2352300000000005

Vgs: 3.0
0.392879
0.393075
0.39288700000000004
0.39450999999999997
0.40661
0.41597
0.425315
0.435515
0.445855
0.456942
0.471626
0.486198
0.5021869999999999
0.520297
0.539285
0.560966
0.5839639999999999
0.610353
0.6402270000000001
0.673085
0.7124600000000001
0.756101
0.80615
0.8633850000000001
0.931178
1.02476
1.09514
1.18654
1.28061
1.37914
1.48194
1.58676
1.6925899999999998
1.80154
1.91126
2.0282299999999998
2.14264
2.25764
2.37313
2.4859
2.60007
2.7126799999999998
2.81875
2.92705
3.0306
3.13225
3.23181
3.32774
3.41982
3.51073
3.5991999999999997
3.6850400000000003
3.7652900000000002
3.84514
3.92144
3.99663
4.0667
4.13694
4.20231
4.26862
4.3297099999999995
4.38982
4.44902
4.50392
4.55722
4.61196
4.66032
4.70914
4.7556400000000005
4.7980100000000006
4.83804
4.8767000000000005
4.913329999999999
4.94484
4.97893
5.007079999999999
5.03292
5.0617
5.08913
5.11533
5.13209

Vgs: 3.5
0.6744859999999999
0.675071
0.6751
0.675148
0.685105
0.696374
0.7062999999999999
0.716668
0.728026
0.7394040000000001
0.7524679999999999
0.7682910000000001
0.782701
0.7990630000000001
0.815812
0.835185
0.8554189999999999
0.876631
0.9009849999999999
0.926562
0.95521
0.9876069999999999
1.02892
1.05952
1.1011
1.14992
1.20334
1.26377
1.33352
1.41416
1.5083799999999998
1.60683
1.71426
1.82315
1.94041
2.05212
2.17121
2.2907100000000002
2.41233
2.53811
2.6677099999999996
2.79554
2.9205099999999997
3.04838
3.17513
3.30057
3.42469
3.54752
3.6635600000000004
3.78139
3.89524
4.00366
4.11438
4.21466
4.317620000000001
4.41652
4.508640000000001
4.60147
4.68774
4.77505
4.8592
4.93905
5.01771
5.09246
5.16554
5.23473
5.300789999999999
5.3705300000000005
5.42929
5.49002
5.5485500000000005
5.60388
5.6638
5.70926
5.7596799999999995
5.80855
5.85016
5.89666
5.93518
5.97208
6.00638

Vgs: 4.0
1.02622
1.02763
1.02979
1.0288700000000002
1.03006
1.04744
1.0574
1.06938
1.0806
1.09437
1.1078999999999999
1.12215
1.13667
1.15201
1.16636
1.1851699999999998
1.20511
1.22477
1.24537
1.26674
1.29024
1.3158
1.34382
1.37169
1.40359
1.43966
1.4773500000000002
1.5170400000000002
1.5635000000000001
1.6134000000000002
1.66567
1.73214
1.8017599999999998
1.8847200000000002
1.97796
2.08433
2.19497
2.3158499999999997
2.4379
2.56545
2.69487
2.8229
2.96131
3.09222
3.2316599999999998
3.3666
3.50524
3.64421
3.78549
3.9114400000000002
4.06346
4.1955100000000005
4.3276699999999995
4.45828
4.58441
4.708419999999999
4.82997
4.94972
5.06086
5.17398
5.28018
5.3825
5.4838
5.57896
5.67284
5.76637
5.85069
5.93537
6.0185
6.101170000000001
6.17884
6.25049
6.32277
6.390759999999999
6.45294
6.517379999999999
6.58173
6.64031
6.69626
6.758369999999999
6.80666

Vgs: 4.5
1.45379
1.45091
1.4511999999999998
1.45116
1.44932
1.45959
1.47363
1.48598
1.49644
1.51102
1.52309
1.5371199999999998
1.55251
1.56679
1.58385
1.60084
1.61824
1.6364999999999998
1.65624
1.67606
1.6971
1.71931
1.74364
1.7683200000000001
1.79433
1.82296
1.85331
1.88524
1.92077
1.9583399999999997
1.9994600000000002
2.0431500000000002
2.09084
2.1444900000000002
2.20053
2.2652900000000002
2.3287999999999998
2.41726
2.50668
2.6087
2.72818
2.85012
2.98388
3.12148
3.25849
3.40267
3.53973
3.68531
3.82948
3.98092
4.1248
4.27375
4.422910000000001
4.57343
4.7203100000000004
4.86676
5.01366
5.152010000000001
5.2990900000000005
5.4333599999999995
5.56319
5.69231
5.82041
5.94024
6.06001
6.17589
6.284750000000001
6.392659999999999
6.49489
6.59717
6.68579
6.79101
6.87637
6.9643500000000005
7.0486699999999995
7.13066
7.20484
7.28375
7.35646
7.424980000000001
7.4886099999999995

Vgs: 5.0
1.94017
1.93761
1.9379
1.94026
1.939
1.93819
1.9591500000000002
1.9710499999999997
1.98597
1.9966
2.00929
2.02527
2.03921
2.05455
2.06928
2.08643
2.10282
2.12085
2.13957
2.1561000000000003
2.17724
2.1975800000000003
2.21931
2.2400100000000003
2.2635799999999997
2.2885
2.3138199999999998
2.34021
2.3688
2.39899
2.4324
2.46585
2.5027299999999997
2.5413699999999997
2.5832300000000004
2.6287
2.67739
2.7315199999999997
2.78972
2.8532800000000003
2.9249699999999996
3.0062
3.09179
3.19212
3.29795
3.4363
3.5694
3.71452
3.86312
4.0110399999999995
4.161309999999999
4.3113600000000005
4.4671
4.6244700000000005
4.77803
4.936529999999999
5.092219999999999
5.25022
5.40623
5.56289
5.7187
5.86859
6.01987
6.1522499999999996
6.31157
6.45638
6.58613
6.72223
6.85169
6.97663
7.09628
7.208629999999999
7.32305
7.42869
7.5355099999999995
7.63523
7.73212
7.82655
7.917870000000001
8.00479
8.09536

Vgs: 5.5
2.49006
2.49057
2.48828
2.4881
2.4877599999999997
2.48846
2.49729
2.5121599999999997
2.52563
2.54089
2.55315
2.56698
2.5784800000000003
2.59527
2.61158
2.6265300000000003
2.64314
2.65893
2.67638
2.69515
2.7144299999999997
2.73296
2.7521999999999998
2.77281
2.79238
2.8165400000000003
2.83949
2.8641199999999998
2.888
2.9150899999999997
2.94298
2.97367
3.0052999999999996
3.03543
3.06964
3.1059400000000004
3.14399
3.18489
3.22743
3.27382
3.32444
3.37686
3.43659
3.49958
3.56988
3.64886
3.73377
3.82831
3.93601
4.06215
4.19625
4.34343
4.50246
4.65261
4.810700000000001
4.97749
5.13018
5.2928999999999995
5.452850000000001
5.61892
5.78326
5.9487000000000005
6.11194
6.27529
6.442340000000001
6.60131
6.759
6.9205
7.06674
7.22267
7.36752
7.49468
7.6429599999999995
7.77469
7.904700000000001
8.03086
8.15093
8.26623
8.37479
8.489840000000001
8.58738

Vgs: 6.0
3.07152
3.07064
3.0697300000000003
3.0715299999999996
3.0678099999999997
3.06954
3.06863
3.08873
3.1027400000000003
3.11584
3.13352
3.14636
3.1614899999999997
3.17767
3.1925399999999997
3.20927
3.22667
3.24371
3.25932
3.2769
3.29299
3.31172
3.3299800000000004
3.3486599999999997
3.3702300000000003
3.39271
3.4131299999999998
3.4370999999999996
3.45875
3.48359
3.50787
3.5348900000000003
3.56152
3.5894299999999997
3.61941
3.65152
3.68378
3.71673
3.75475
3.79233
3.83355
3.8744199999999998
3.9205799999999997
3.96792
4.01892
4.07499
4.13222
4.1972499999999995
4.26503
4.3408999999999995
4.4237
4.51506
4.619350000000001
4.73184
4.86527
5.01151
5.16213
5.32746
5.48328
5.65325
5.82345
5.98483
6.1615
6.32334
6.49557
6.664630000000001
6.8320300000000005
7.0035
7.17416
7.3405
7.50786
7.67125
7.83811
7.98956
8.14954
8.29951
8.444780000000002
8.585930000000001
8.72477
8.86632
8.99539

Vgs: 6.5
3.64319
3.6395500000000003
3.6396900000000003
3.63763
3.63923
3.63527
3.63518
3.64433
3.66484
3.6831199999999997
3.69758
3.71685
3.7322
3.75376
3.7645500000000003
3.7821700000000003
3.80036
3.81839
3.83467
3.85657
3.87513
3.8950299999999998
3.91267
3.9338200000000003
3.9530800000000004
3.9738200000000004
3.9988699999999997
4.02085
4.04343
4.06546
4.08895
4.1160499999999995
4.14149
4.1689
4.2006
4.230580000000001
4.262519999999999
4.29362
4.32585
4.35947
4.39463
4.43173
4.4720699999999995
4.51354
4.5564
4.60229
4.64864
4.69975
4.75474
4.81234
4.87066
4.934349999999999
5.0059700000000005
5.07771
5.159999999999999
5.2483699999999995
5.34416
5.4538
5.5752500000000005
5.712079999999999
5.860200000000001
6.01836
6.18906
6.36546
6.53222
6.70423
6.87502
7.0492
7.22413
7.40269
7.5567899999999995
7.74303
7.917739999999999
8.08883
8.264240000000001
8.43039
8.60016
8.77004
8.928
9.08337
9.23274

Vgs: 7.0
4.1771
4.181439999999999
4.1864099999999995
4.1865000000000006
4.18235
4.177840000000001
4.17783
4.17695
4.2095400000000005
4.22449
4.2395499999999995
4.25471
4.27809
4.292879999999999
4.3152800000000004
4.33972
4.35928
4.3824700000000005
4.4040099999999995
4.42466
4.44135
4.46511
4.4831
4.499300000000001
4.52525
4.54375
4.56634
4.58945
4.611470000000001
4.63943
4.66543
4.68761
4.71493
4.74415
4.77208
4.80323
4.83692
4.86668
4.8975800000000005
4.93107
4.96757
5.0040700000000005
5.04117
5.07979
5.1193599999999995
5.16137
5.20395
5.248970000000001
5.29606
5.33811
5.398540000000001
5.4502500000000005
5.50607
5.56402
5.62617
5.69368
5.7628
5.83951
5.9209
6.00805
6.10183
6.20471
6.3196900000000005
6.44756
6.590730000000001
6.74223
6.909689999999999
7.08465
7.25458
7.43722
7.60859
7.78702
7.96295
8.13817
8.324160000000001
8.495249999999999
8.67657
8.847560000000001
9.02061
9.197769999999998
9.3693

Vgs: 7.5
4.908810000000001
4.91231
4.90456
4.9070800000000006
4.908189999999999
4.90483
4.91318
4.92933
4.9711
4.99572
5.01481
5.03506
5.05027
5.06574
5.083
5.10299
5.12193
5.1348899999999995
5.14667
5.16183
5.18293
5.20343
5.2207099999999995
5.24501
5.26738
5.294090000000001
5.3160300000000005
5.33599
5.35866
5.37921
5.40643
5.4294199999999995
5.456639999999999
5.48464
5.508220000000001
5.53265
5.55689
5.58682
5.61399
5.64465
5.67502
5.706799999999999
5.73978
5.772270000000001
5.80414
5.842639999999999
5.87813
5.91511
5.95356
5.99257
6.03557
6.08033
6.1227800000000006
6.17206
6.221970000000001
6.27402
6.32805
6.38566
6.44538
6.50999
6.57768
6.64889
6.72894
6.8124199999999995
6.90025
6.99704
7.10059
7.21822
7.344790000000001
7.49012
7.64807
7.81983
8.00348
8.17472
8.3605
8.53241
8.71023
8.89458
9.06938
9.251280000000001
9.43104

Vgs: 8.0
5.68664
5.70944
5.69932
5.69473
5.68118
5.66646
5.67054
5.66802
5.67739
5.713959999999999
5.73333
5.74268
5.7649
5.79106
5.798369999999999
5.80895
5.82238
5.846760000000001
5.86859
5.90055
5.94079
5.964449999999999
5.98443
6.00539
6.03557
6.0641
6.08573
6.10139
6.122520000000001
6.14335
6.16537
6.19026
6.21137
6.2427
6.26877
6.29209
6.31476
6.3381799999999995
6.36106
6.38913
6.415780000000001
6.4462399999999995
6.47487
6.50329
6.53904
6.568420000000001
6.60083
6.63362
6.670050000000001
6.702719999999999
6.74144
6.77646
6.81659
6.85515
6.89637
6.93494
6.983149999999999
7.03082
7.07919
7.12908
7.18359
7.2364999999999995
7.296290000000001
7.3577
7.42261
7.4921
7.56492
7.6444
7.72676
7.817350000000001
7.91395
8.01896
8.13734
8.26445
8.410070000000001
8.57211
8.7439
8.93235
9.104320000000001
9.28793
9.466560000000001
