Vgs range: 0,8,0.5
Vds range: 0,8,0.1

Vgs: 0.0
-3.58292e-05
0.0006886419999999999
0.00108408
0.00142588
0.00181521
0.00237607
0.00340448
0.00505493
0.0072128
0.00978339
0.0126725
0.015761999999999998
0.019130099999999997
0.022678
0.0265221
0.030816399999999997
0.035969600000000004
0.042398000000000005
0.0507774
0.06160910000000001
0.0750132
0.09147680000000001
0.110864
0.13391299999999998
0.159808
0.18868
0.220809
0.25637899999999997
0.295226
0.33686499999999997
0.381608
0.42988899999999997
0.479896
0.5339929999999999
0.59173
0.652357
0.7141959999999999
0.7803
0.847638
0.918844
0.9932179999999999
1.07419
1.15344
1.2348700000000001
1.3185499999999999
1.40595
1.4967
1.5888600000000002
1.6794399999999998
1.77894
1.87909
1.97532
2.08326
2.18799
2.29411
2.4013099999999996
2.51342
2.62282
2.73164
2.85377
2.97224
3.09572
3.22811
3.36097
3.4836899999999997
3.61467
3.74914
3.88132
4.02386
4.16085
4.2968
4.4222
4.5715
4.71705
4.84845
4.99235
5.11432
5.24426
5.3926
5.55086
5.69424

Vgs: 0.5
-3.43834e-05
0.00223045
0.00293014
0.00335512
0.00379902
0.004289370000000001
0.004828
0.0054027300000000006
0.00601966
0.006699579999999999
0.00765355
0.00938572
0.0121512
0.0159614
0.0209096
0.027143399999999998
0.034912200000000004
0.044277899999999995
0.0553416
0.0685617
0.08401310000000001
0.10168
0.121837
0.14475100000000002
0.170494
0.19869399999999998
0.229931
0.263737
0.30056700000000003
0.3397
0.381699
0.42662100000000003
0.474258
0.523999
0.57507
0.6306499999999999
0.689754
0.750915
0.8169190000000001
0.882577
0.951055
1.02573
1.09958
1.17725
1.25876
1.3420400000000001
1.4262299999999999
1.51598
1.6099599999999998
1.70502
1.80206
1.90071
2.00533
2.1154699999999997
2.22454
2.33488
2.4562299999999997
2.57448
2.6891
2.80605
2.92984
3.05334
3.17983
3.3089299999999997
3.4402600000000003
3.56896
3.7016699999999996
3.83282
3.9592300000000002
4.09331
4.23787
4.37959
4.52815
4.662
4.80596
4.95843
5.111400000000001
5.25958
5.402299999999999
5.54249
5.685

Vgs: 1.0
-0.000180095
0.0260824
0.0456651
0.0590137
0.0670637
0.0712079
0.0733909
0.0749316
0.07630909999999999
0.07766089999999999
0.0790048
0.08034369999999999
0.08165449999999999
0.0829818
0.08441180000000001
0.086626
0.0914047
0.0995962
0.110844
0.12487500000000001
0.141606
0.16053599999999998
0.182153
0.20624900000000002
0.233033
0.262628
0.294834
0.329664
0.367134
0.408099
0.450441
0.49635300000000004
0.545
0.596951
0.651091
0.707325
0.767486
0.8301660000000001
0.894312
0.960897
1.03311
1.10377
1.18145
1.25708
1.3359400000000001
1.41947
1.50473
1.5940800000000002
1.68481
1.78022
1.8766
1.97511
2.0778
2.1804099999999997
2.2861700000000003
2.3946
2.50426
2.61923
2.74505
2.8623
2.9831
3.10749
3.2355
3.3595800000000002
3.4904699999999997
3.6246400000000003
3.75962
3.89314
4.02777
4.16421
4.3057
4.43918
4.58825
4.716340000000001
4.87069
5.0183
5.1585399999999995
5.30664
5.44418
5.6098099999999995
5.75631

Vgs: 1.5
-0.0006802300000000001
0.0517134
0.09820100000000001
0.13885899999999998
0.17375600000000002
0.20281300000000002
0.226026
0.243592
0.255894
0.263787
0.268595
0.271764
0.27428100000000005
0.276537
0.278726
0.28080200000000005
0.282848
0.284803
0.286789
0.288923
0.292459
0.300089
0.313409
0.331733
0.35464300000000004
0.380887
0.41053599999999996
0.443139
0.479063
0.5181520000000001
0.560605
0.60623
0.654669
0.70624
0.760497
0.817936
0.877935
0.94113
1.0083099999999998
1.07775
1.14853
1.22258
1.29882
1.37699
1.4592800000000001
1.5420399999999999
1.62873
1.72091
1.81406
1.90384
1.99831
2.09829
2.20469
2.3054099999999997
2.40997
2.51782
2.6293100000000003
2.7409499999999998
2.85212
2.96903
3.0926899999999997
3.2133700000000003
3.33642
3.46744
3.58882
3.72357
3.85682
3.99358
4.1333899999999995
4.27033
4.4094
4.55797
4.6905
4.84274
4.97902
5.12556
5.272749999999999
5.41747
5.56846
5.713850000000001
5.87392

Vgs: 2.0
-0.00264426
0.0717786
0.141359
0.206151
0.26601400000000003
0.32072300000000004
0.370214
0.41432399999999997
0.452945
0.48596700000000004
0.513414
0.535405
0.552119
0.5641449999999999
0.572276
0.577713
0.581718
0.585093
0.5881379999999999
0.5910559999999999
0.593811
0.596456
0.5990719999999999
0.601651
0.6044229999999999
0.6089049999999999
0.618961
0.6365270000000001
0.660945
0.6910780000000001
0.725523
0.764513
0.8070780000000001
0.853465
0.903245
0.956673
1.01505
1.07543
1.13861
1.20493
1.27406
1.34669
1.42174
1.50023
1.57985
1.6630200000000002
1.74901
1.83803
1.92987
2.0226100000000002
2.11958
2.21781
2.3175499999999998
2.42016
2.52671
2.6330899999999997
2.7457
2.85658
2.97064
3.08589
3.20747
3.3289
3.4546799999999998
3.5802400000000003
3.71002
3.83283
3.9633999999999996
4.09704
4.23215
4.366669999999999
4.50354
4.64024
4.78464
4.93432
5.08591
5.23842
5.3791899999999995
5.5284
5.674099999999999
5.83111
5.97763

Vgs: 2.5
-0.0072824199999999995
0.0851566
0.174174
0.259279
0.340523
0.41763199999999995
0.49057500000000004
0.5587949999999999
0.6222530000000001
0.68072
0.734006
0.782039
0.824692
0.862039
0.893897
0.920368
0.941683
0.95806
0.970073
0.9785880000000001
0.984726
0.989512
0.9936770000000001
0.997503
1.00277
1.00622
1.00959
1.01285
1.01604
1.0194699999999999
1.0249300000000001
1.03692
1.0581099999999999
1.0877599999999998
1.1241599999999998
1.16651
1.21341
1.26532
1.32063
1.38039
1.44431
1.51157
1.58219
1.6562199999999998
1.73411
1.81426
1.898
1.9836200000000002
2.07327
2.16542
2.26
2.3569099999999996
2.4570999999999996
2.5590800000000002
2.6637700000000004
2.76979
2.87665
2.98982
3.1050600000000004
3.22132
3.34205
3.46077
3.58472
3.70794
3.83509
3.9594900000000006
4.089930000000001
4.22724
4.35371
4.494470000000001
4.6252
4.767709999999999
4.91248
5.05166
5.19188
5.3424
5.502339999999999
5.65048
5.797820000000001
5.944579999999999
6.09638

Vgs: 3.0
-0.015024800000000001
0.0917529
0.19588799999999998
0.296995
0.39542
0.491082
0.582871
0.672137
0.757753
0.839256
0.916352
0.9893580000000001
1.05867
1.12153
1.17915
1.23159
1.2787899999999999
1.3204600000000002
1.357
1.38818
1.4141100000000002
1.4348
1.4511999999999998
1.46343
1.47248
1.47929
1.48492
1.48989
1.49449
1.49881
1.5029100000000002
1.50694
1.5108000000000001
1.51458
1.51856
1.52461
1.5386499999999999
1.56368
1.59817
1.64049
1.6895
1.74346
1.80203
1.8657000000000001
1.93411
2.00658
2.08284
2.16249
2.24607
2.33343
2.4239800000000002
2.5177099999999997
2.61429
2.71267
2.8146
2.91701
3.02501
3.13388
3.2456
3.3609199999999997
3.47449
3.59218
3.71282
3.8372599999999997
3.9607
4.08289
4.214189999999999
4.34872
4.47904
4.61724
4.75532
4.88641
5.02739
5.17076
5.31855
5.45582
5.60979
5.760140000000001
5.90602
6.05494
6.20613

Vgs: 3.5
-0.0234767
0.0958759
0.213246
0.328118
0.440698
0.5513020000000001
0.658918
0.7639670000000001
0.866479
0.9665509999999999
1.06474
1.1583800000000002
1.24886
1.33474
1.41647
1.49377
1.5661
1.63338
1.6956499999999999
1.75269
1.8043200000000001
1.8501800000000002
1.89138
1.92705
1.9577599999999997
1.9832500000000002
2.0040299999999998
2.02027
2.03269
2.0422499999999997
2.0497699999999996
2.05615
2.06191
2.0672300000000003
2.0722
2.07705
2.08156
2.08604
2.09046
2.09499
2.1017900000000003
2.11707
2.14465
2.1831799999999997
2.2306399999999997
2.28481
2.34519
2.41072
2.48179
2.55661
2.63661
2.7203399999999998
2.80848
2.9005099999999997
2.99485
3.09453
3.19599
3.3002499999999997
3.40777
3.5179199999999997
3.63072
3.74656
3.8629200000000004
3.9829799999999995
4.10725
4.23035
4.35726
4.4886800000000004
4.6186300000000005
4.749630000000001
4.8849100000000005
5.021730000000001
5.16068
5.29751
5.43875
5.5822
5.72834
5.86918
6.01924
6.16563
6.31454

Vgs: 4.0
-0.0348624
0.0953225
0.22374100000000002
0.350357
0.475735
0.599183
0.720211
0.839108
0.956525
1.07332
1.18599
1.29606
1.40337
1.50769
1.60924
1.70722
1.80217
1.8927200000000002
1.9794
2.0615799999999997
2.1391
2.21103
2.2779800000000003
2.33945
2.39584
2.4468300000000003
2.49254
2.5328500000000003
2.56794
2.5980600000000003
2.62305
2.6434599999999997
2.6595
2.67216
2.68213
2.69041
2.6974199999999997
2.70384
2.70972
2.7153899999999997
2.7207500000000002
2.726
2.73091
2.73582
2.74083
2.74799
2.76378
2.79325
2.83563
2.88728
2.9467999999999996
3.01258
3.0843599999999998
3.16187
3.2447
3.33174
3.4231700000000003
3.51892
3.6181799999999997
3.72095
3.8267
3.93561
4.04845
4.16384
4.28258
4.403899999999999
4.52614
4.65037
4.77758
4.90525
5.038469999999999
5.17074
5.30598
5.44236
5.57871
5.71922
5.863250000000001
6.00883
6.15292
6.29692
6.44489

Vgs: 4.5
-0.0482475
0.08993319999999999
0.227132
0.36362
0.499037
0.6331
0.7660600000000001
0.89747
1.02838
1.15695
1.28334
1.40712
1.52949
1.6483400000000001
1.7651100000000002
1.8811200000000001
1.9932
2.1029
2.20747
2.31008
2.40943
2.50447
2.59681
2.68435
2.76753
2.84506
2.91795
2.9846500000000002
3.0463999999999998
3.10265
3.15282
3.19798
3.23799
3.27264
3.30208
3.3268999999999997
3.34679
3.36294
3.3757800000000002
3.38602
3.39486
3.4024900000000002
3.40945
3.4160399999999997
3.4222200000000003
3.4280500000000003
3.43372
3.4391700000000003
3.44463
3.4500699999999997
3.4580100000000003
3.47501
3.50694
3.5518199999999998
3.60735
3.67138
3.7417700000000003
3.81922
3.90188
3.99014
4.08314
4.18042
4.28204
4.388129999999999
4.49742
4.6108
4.726929999999999
4.84713
4.9675400000000005
5.091690000000001
5.21722
5.34533
5.4765
5.60881
5.74435
5.880050000000001
6.02057
6.159590000000001
6.303450000000001
6.44445
6.59182

Vgs: 5.0
-0.06316300000000001
0.0820539
0.225933
0.36989500000000003
0.513642
0.6572830000000001
0.799714
0.941778
1.08349
1.22415
1.3628799999999999
1.4996
1.6364299999999998
1.76915
1.8992200000000001
2.02969
2.15729
2.28232
2.40492
2.52454
2.64254
2.75417
2.86533
2.9726399999999997
3.0774600000000003
3.1777900000000003
3.2746
3.3667100000000003
3.45462
3.53786
3.6150599999999997
3.6873
3.75401
3.81497
3.87004
3.91958
3.9634199999999997
4.00224
4.03551
4.06428
4.08805
4.10759
4.123360000000001
4.13617
4.14671
4.15597
4.16419
4.17165
4.17866
4.18537
4.19165
4.19764
4.20355
4.20939
4.21521
4.22342
4.24098
4.274039999999999
4.32102
4.3798200000000005
4.44747
4.52252
4.603409999999999
4.6906099999999995
4.78328
4.88157
4.98387
5.09155
5.20232
5.31727
5.43489
5.55689
5.68117
5.80765
5.93692
6.069
6.20213
6.33558
6.47253
6.612220000000001
6.75545

Vgs: 5.5
-0.0803236
0.0694952
0.221732
0.373612
0.52328
0.6732790000000001
0.824036
0.9766659999999999
1.12694
1.27603
1.42676
1.5747300000000002
1.72041
1.86608
2.01022
2.1525
2.29255
2.4308099999999997
2.56814
2.70262
2.83401
2.96274
3.09041
3.2147
3.33744
3.4558
3.57224
3.6842200000000003
3.79313
3.89902
4.00031
4.098229999999999
4.1912
4.27841
4.36165
4.43888
4.50985
4.5754
4.6347000000000005
4.68846
4.73622
4.7789
4.81614
4.8483600000000004
4.87577
4.8988499999999995
4.9177
4.9329600000000005
4.94573
4.95657
4.96612
4.97461
4.98247
4.989999999999999
4.99688
5.00361
5.00994
5.01618
5.02229
5.02846
5.0367500000000005
5.05508
5.08901
5.13844
5.19936
5.2699
5.34748
5.43326
5.52413
5.62106
5.72269
5.829199999999999
5.94039
6.05534
6.17462
6.29603
6.42047
6.54936
6.6806399999999995
6.81323
6.94913

Vgs: 6.0
-0.09752820000000001
0.056187799999999996
0.210418
0.367401
0.5245179999999999
0.679139
0.833692
0.989362
1.15181
1.30905
1.46328
1.62259
1.77765
1.93323
2.08661
2.2400599999999997
2.3926
2.5441700000000003
2.69401
2.84126
2.98893
3.13255
3.27614
3.4157900000000003
3.5539899999999998
3.6891599999999998
3.82353
3.95356
4.07799
4.2039599999999995
4.32305
4.43972
4.55292
4.66334
4.76853
4.87031
4.9674000000000005
5.060420000000001
5.147480000000001
5.22946
5.30522
5.37546
5.43896
5.496700000000001
5.54909
5.59523
5.63626
5.67209
5.703180000000001
5.72911
5.75085
5.76886
5.78353
5.796250000000001
5.806979999999999
5.8165700000000005
5.82538
5.83353
5.84109
5.848339999999999
5.85522
5.86203
5.86845
5.87475
5.8811100000000005
5.8895
5.90711
5.94132
5.9909799999999995
6.05337
6.1258099999999995
6.20642
6.29447
6.38867
6.4890099999999995
6.59385
6.70424
6.8186
6.93788
7.05971
7.18649

Vgs: 6.5
-0.11720199999999999
0.0393187
0.203661
0.364352
0.5249900000000001
0.67905
0.839381
1.00505
1.1624700000000001
1.32207
1.47756
1.64737
1.81036
1.97797
2.13654
2.2909900000000003
2.46168
2.62812
2.78607
2.94826
3.1077399999999997
3.2625599999999997
3.42068
3.5753
3.72822
3.879
4.02672
4.17209
4.31444
4.4541900000000005
4.58919
4.72367
4.85553
4.98341
5.10832
5.230519999999999
5.34692
5.45978
5.56904
5.675409999999999
5.77673
5.87449
5.9669099999999995
6.05247
6.13369
6.20834
6.27693
6.339189999999999
6.39466
6.44441
6.48911
6.52796
6.56206
6.59131
6.61603
6.63679
6.6539600000000005
6.66844
6.68045
6.69139
6.701239999999999
6.71009
6.71826
6.7261500000000005
6.73354
6.740460000000001
6.74716
6.75379
6.76019
6.7663899999999995
6.77466
6.79209
6.82591
6.87629
6.93983
7.0132900000000005
7.09651
7.18629
7.28311
7.38502
7.49285

Vgs: 7.0
-0.13651
0.0239501
0.184372
0.34974700000000003
0.5046029999999999
0.666252
0.827976
0.990127
1.15241
1.31649
1.48585
1.6521400000000002
1.81938
1.98463
2.15393
2.32759
2.49772
2.6634100000000003
2.82996
2.9989
3.16027
3.33003
3.49468
3.6605399999999997
3.82639
3.9928500000000002
4.160620000000001
4.323869999999999
4.48391
4.63954
4.7926899999999995
4.9450199999999995
5.0930100000000005
5.24152
5.3846
5.52494
5.6597599999999995
5.792669999999999
5.919770000000001
6.0466
6.168950000000001
6.286639999999999
6.39933
6.510120000000001
6.61525
6.71502
6.8102800000000006
6.900200000000001
6.98539
7.0630299999999995
7.135619999999999
7.20211
7.26225
7.31657
7.36431
7.40607
7.44373
7.475790000000001
7.5025200000000005
7.52509
7.54431
7.56056
7.57449
7.586469999999999
7.59713
7.60663
7.61579
7.62418
7.6318
7.6392500000000005
7.64621
7.65397
7.66067
7.66701
7.67321
7.68052
7.69721
7.73063
7.78097
7.84482
7.9214400000000005

Vgs: 7.5
-0.158445
0.00263759
0.170073
0.33503
0.501126
0.6721020000000001
0.8346669999999999
1.00645
1.16226
1.33376
1.51192
1.66791
1.83497
1.9918200000000001
2.15574
2.3353200000000003
2.5116
2.69461
2.86347
3.02553
3.19148
3.3657
3.53411
3.70973
3.89333
4.06387
4.2447099999999995
4.40356
4.58215
4.7537899999999995
4.92662
5.094729999999999
5.25476
5.41965
5.58043
5.74115
5.89581
6.04521
6.19429
6.34062
6.48567
6.6244700000000005
6.75648
6.885269999999999
7.01188
7.13439
7.2516300000000005
7.367109999999999
7.47436
7.5794
7.67942
7.77278
7.861369999999999
7.9428399999999995
8.019079999999999
8.0885
8.15161
8.20888
8.260399999999999
8.30598
8.34498
8.37952
8.40893
8.43442
8.455910000000001
8.47377
8.48893
8.50194
8.51353
8.524000000000001
8.53345
8.54218
8.55032
8.558069999999999
8.56521
8.57231
8.57914
8.585600000000001
8.59165
8.59801
8.60563

Vgs: 8.0
-0.17865599999999998
-0.0126992
0.153307
0.319737
0.486653
0.656904
0.834012
0.996968
1.17615
1.34706
1.52024
1.6881599999999999
1.86647
2.0345
2.21717
2.3987700000000003
2.56406
2.75814
2.93704
3.1131
3.29586
3.4619
3.6547300000000003
3.82373
3.9984699999999997
4.172140000000001
4.35265
4.526549999999999
4.708600000000001
4.88576
5.071359999999999
5.2460700000000005
5.4183900000000005
5.59321
5.75163
5.918889999999999
6.088579999999999
6.251399999999999
6.4195199999999994
6.5835099999999995
6.74572
6.89877
7.052499999999999
7.19934
7.34718
7.489509999999999
7.62582
7.75859
7.8863
8.01168
8.13036
8.24568
8.35478
8.46041
8.55972
8.65526
8.7447
8.82824
8.90812
8.980739999999999
9.047740000000001
9.10775
9.16237
9.21059
9.253829999999999
9.29134
9.32328
9.350769999999999
9.374469999999999
9.392930000000002
9.40979
9.424290000000001
9.43663
9.44769
9.45781
9.46791
9.47696
9.48369
9.49124
9.49913
9.506219999999999
