Vgs range: 0,8,0.5
Vds range: 0,8,0.1

Vgs: 0.0
-4.59074e-05
0.0006751789999999999
0.00107032
0.0014159700000000001
0.00183711
0.00250633
0.0036603100000000004
0.00536315
0.00753737
0.0100823
0.012924
0.016019500000000002
0.0193149
0.0228329
0.026599499999999998
0.0308008
0.0357506
0.0419715
0.049978
0.0601663
0.0729147
0.08821860000000001
0.106798
0.127959
0.152109
0.179225
0.209832
0.243338
0.279669
0.31893299999999997
0.362006
0.40780299999999997
0.45603899999999997
0.509089
0.563104
0.621213
0.682979
0.746962
0.813296
0.8825350000000001
0.952426
1.0305900000000001
1.10897
1.18812
1.27134
1.35578
1.44495
1.53346
1.62579
1.7203400000000002
1.8214
1.92892
2.03191
2.1366300000000003
2.24134
2.35301
2.4631000000000003
2.5772500000000003
2.6962800000000002
2.8135999999999997
2.93524
3.06055
3.18621
3.31452
3.44357
3.5767300000000004
3.71182
3.84941
3.9869700000000003
4.125290000000001
4.27213
4.413399999999999
4.55092
4.69961
4.8392100000000005
4.9778
5.12077
5.256539999999999
5.40327
5.555680000000001
5.70794

Vgs: 0.5
-4.34187e-05
0.0022037600000000004
0.0029071500000000003
0.00333171
0.00377653
0.00426861
0.00480648
0.0053842199999999995
0.00600495
0.00671845
0.00780301
0.00964162
0.0124765
0.0164055
0.0216016
0.0281381
0.036315
0.0461328
0.0580303
0.0719307
0.0882642
0.10682
0.128095
0.152151
0.178869
0.20839
0.240678
0.275718
0.313923
0.35436
0.397434
0.443552
0.492631
0.544989
0.6003449999999999
0.657282
0.7172040000000001
0.780234
0.8450489999999999
0.913956
0.9842069999999999
1.05971
1.1351799999999999
1.2148700000000001
1.29648
1.38029
1.46942
1.55735
1.6496600000000001
1.74379
1.8420999999999998
1.94499
2.05009
2.15827
2.27003
2.38311
2.4948599999999996
2.60745
2.72351
2.84128
2.96463
3.08819
3.2127000000000003
3.33996
3.4734700000000003
3.60465
3.73938
3.8777999999999997
4.01788
4.1589599999999995
4.30274
4.44649
4.5929400000000005
4.73068
4.8787400000000005
5.02489
5.1746
5.3293
5.48889
5.63968
5.78369
