Vgs range: 0,8,0.1
Vds range: 0,8,0.5

Vgs: 0.0
-3.25407e-05
-3.1417399999999995e-05
-3.12553e-05
-3.1247899999999996e-05
-3.01293e-05
-3.03585e-05
-3.17999e-05
-3.27889e-05
-3.44955e-05
-3.67479e-05
-3.84215e-05
-4.09529e-05
-4.51634e-05
-4.9286299999999996e-05
-4.53443e-05
-4.4061400000000005e-05
-4.3807600000000004e-05
-4.05028e-05
-3.99865e-05
-4.64842e-05
-7.44043e-05
-7.55205e-05
-8.645940000000001e-05
-0.00553604
-0.00200701
-0.00336525
-0.00873877
-0.00711325
-0.00332724
-0.0136227
-0.0150038
-0.0166301
-0.0183806
-0.0203762
-0.0221542
-0.0242366
-0.0263218
-0.0287458
-0.0310392
-0.0334456
-0.0360145
-0.0387744
-0.0414735
-0.0448468
-0.0476078
-0.0428974
-0.053557499999999994
-0.056403699999999994
-0.0592949
-0.062380700000000004
-0.06506580000000001
-0.06829160000000001
-0.0710089
-0.0743958
-0.0794126
-0.0816243
-0.08665
-0.0908635
-0.0944747
-0.0980314
-0.101765
-0.104251
-0.108072
-0.110624
-0.111698
-0.11854999999999999
-0.12336899999999999
-0.127975
-0.13139900000000002
-0.135485
-0.140558
-0.141924
-0.148345
-0.152528
-0.15668100000000001
-0.160108
-0.16407100000000002
-0.167527
-0.171855
-0.17584999999999998
-0.179704

Vgs: 0.5
0.00236528
0.00234505
0.00223752
0.00227991
0.00258159
0.003949289999999999
0.00772671
0.017467899999999998
0.028112
0.045448999999999996
0.0671324
0.0921675
0.12348
0.145809
0.172275
0.198648
0.223632
0.247965
0.272658
0.294864
0.31842600000000004
0.338836
0.359375
0.37937000000000004
0.397988
0.416466
0.433253
0.449538
0.464682
0.479862
0.49195900000000004
0.506733
0.519533
0.531042
0.5423640000000001
0.5536439999999999
0.563565
0.573265
0.582449
0.5914339999999999
0.600402
0.6082719999999999
0.615652
0.622473
0.629071
0.634174
0.6398849999999999
0.6443650000000001
0.648766
0.6524
0.655206
0.657701
0.659224
0.660709
0.662408
0.663348
0.664837
0.666576
0.668809
0.6692910000000001
0.668797
0.670076
0.670321
0.6683760000000001
0.6641699999999999
0.661431
0.659437
0.658353
0.659752
0.657829
0.657102
0.660337
0.657546
0.6603950000000001
0.6560929999999999
0.6583140000000001
0.6615380000000001
0.663053
0.6569860000000001
0.653363
0.6499299999999999

Vgs: 1.0
0.0119722
0.011948
0.00827666
0.00702373
0.00627991
0.00724328
0.0123358
0.0196672
0.0329084
0.0517494
0.0749682
0.108259
0.135843
0.173036
0.213863
0.261052
0.309267
0.35745699999999997
0.408412
0.45586200000000004
0.505115
0.552635
0.599548
0.642258
0.686344
0.7289749999999999
0.7685069999999999
0.807416
0.844541
0.8806309999999999
0.916473
0.949901
0.981804
1.0183600000000002
1.04129
1.06941
1.09442
1.11974
1.14333
1.1658899999999999
1.18825
1.20894
1.2281499999999999
1.2479500000000001
1.2665
1.28526
1.3017599999999998
1.31777
1.33029
1.34766
1.36012
1.37254
1.38386
1.39351
1.39954
1.4081899999999998
1.4163299999999999
1.4229100000000001
1.43168
1.4415
1.44817
1.46027
1.45894
1.4643499999999998
1.47109
1.47362
1.47569
1.4772800000000001
1.4767000000000001
1.4809599999999998
1.4872500000000002
1.48665
1.48411
1.48422
1.4892
1.49112
1.48488
1.49109
1.48784
1.50424
1.5123

Vgs: 1.5
0.0293899
0.0293966
0.0270438
0.0251571
0.0248969
0.0263105
0.029714
0.0362361
0.0459043
0.0609416
0.08217150000000001
0.11563
0.143203
0.18170099999999997
0.223764
0.271927
0.323255
0.377299
0.43709899999999996
0.49906799999999996
0.565493
0.633536
0.702613
0.7716580000000001
0.839674
0.908511
0.974468
1.0524499999999999
1.1020699999999999
1.1641
1.2237
1.28095
1.33698
1.39072
1.44228
1.4928700000000001
1.54097
1.5872
1.63007
1.67178
1.7126299999999999
1.75062
1.7881399999999998
1.82373
1.8576199999999998
1.8907699999999998
1.92128
1.95229
1.98053
2.00858
2.03464
2.0605900000000004
2.08514
2.10834
2.12805
2.1481299999999997
2.1670499999999997
2.184
2.20014
2.21441
2.22834
2.23799
2.25459
2.26912
2.2847000000000004
2.29126
2.30051
2.30808
2.31506
2.32237
2.32582
2.3367
2.34609
2.3533299999999997
2.35686
2.36111
2.35956
2.36027
2.36808
2.37798
2.3759900000000003

Vgs: 2.0
0.073743
0.0737029
0.0738925
0.07737669999999999
0.0810727
0.0860166
0.0925031
0.10217799999999999
0.11065699999999999
0.12292600000000001
0.13805699999999999
0.156724
0.178699
0.206735
0.240131
0.283319
0.333185
0.388589
0.449671
0.513752
0.5801419999999999
0.65232
0.726992
0.805266
0.883745
0.972673
1.07221
1.14202
1.22766
1.31335
1.39087
1.4820499999999999
1.56292
1.6401899999999998
1.7181099999999998
1.7942500000000001
1.8661299999999998
1.93909
2.00509
2.07228
2.13562
2.19679
2.2559
2.31096
2.36445
2.4153
2.46432
2.5119000000000002
2.5581300000000002
2.60442
2.64651
2.68585
2.72588
2.76332
2.80073
2.83763
2.8694599999999997
2.90197
2.93103
2.9605099999999998
2.9873
3.0125
3.03747
3.05903
3.07917
3.09738
3.11576
3.13074
3.1379099999999998
3.15142
3.1706
3.18166
3.18858
3.1983900000000003
3.21435
3.22078
3.22035
3.22709
3.21639
3.2276800000000003
3.2473699999999996

Vgs: 2.5
0.186245
0.186206
0.186467
0.193252
0.200848
0.208699
0.217231
0.226875
0.237128
0.250854
0.265059
0.28177399999999997
0.30099899999999996
0.321995
0.345582
0.374353
0.405225
0.44185399999999997
0.485217
0.534902
0.596353
0.666088
0.741342
0.8192269999999999
0.900902
0.988931
1.09551
1.17154
1.2626
1.36057
1.4603000000000002
1.54883
1.6624400000000001
1.7654400000000001
1.86809
1.96686
2.0632699999999997
2.15905
2.25178
2.3488900000000004
2.434
2.5207699999999997
2.6059099999999997
2.68794
2.76776
2.8428899999999997
2.9184699999999997
2.9867600000000003
3.05515
3.11976
3.1754499999999997
3.24067
3.29622
3.35105
3.40388
3.4573199999999997
3.5027399999999997
3.5515
3.5972399999999998
3.64029
3.68135
3.71829
3.75534
3.78925
3.8205600000000004
3.84897
3.87824
3.89269
3.92079
3.9428500000000004
3.9612
3.9795000000000003
3.9992099999999997
4.01426
4.02856
4.036429999999999
4.0640600000000004
4.07872
4.09711
4.120559999999999
4.1165899999999995

Vgs: 3.0
0.378037
0.37804499999999996
0.378071
0.37997299999999995
0.39358299999999996
0.402961
0.413462
0.424896
0.437477
0.45005
0.46522399999999997
0.480604
0.497694
0.51419
0.5369780000000001
0.559539
0.584959
0.61208
0.6434
0.67703
0.716187
0.75953
0.808237
0.863609
0.9294560000000001
1.0245499999999998
1.09532
1.18793
1.28243
1.38019
1.48323
1.58775
1.6960899999999999
1.8018999999999998
1.9136
2.03094
2.1431699999999996
2.2589099999999998
2.3725
2.48854
2.60206
2.7131
2.82248
2.93154
3.0347
3.1376
3.23676
3.3336099999999997
3.42625
3.51643
3.6039499999999998
3.68653
3.7665699999999998
3.8419499999999998
3.91584
3.98742
4.056030000000001
4.12004
4.18238
4.2454
4.3016
4.35977
4.41377
4.4668
4.5166900000000005
4.56701
4.611190000000001
4.65299
4.69215
4.73565
4.77354
4.80358
4.8297799999999995
4.85763
4.88683
4.90909
4.92686
4.95134
4.96979
4.987
5.01806

Vgs: 3.5
0.642964
0.643262
0.6438159999999999
0.6434690000000001
0.657489
0.668594
0.680134
0.6924229999999999
0.706162
0.7197479999999999
0.7341500000000001
0.750343
0.766826
0.785192
0.8039850000000001
0.825144
0.846844
0.8704430000000001
0.896056
0.9237339999999999
0.953981
0.9867159999999999
1.03188
1.06435
1.1083399999999999
1.15483
1.20852
1.26721
1.3342
1.4134600000000002
1.5064799999999998
1.60768
1.7150500000000002
1.82467
1.93732
2.0586100000000003
2.17198
2.2933499999999998
2.41694
2.53974
2.66919
2.7948999999999997
2.9241599999999996
3.05136
3.178
3.30443
3.42652
3.55083
3.66951
3.78574
3.90108
4.0139
4.12004
4.2244600000000005
4.32456
4.42272
4.51422
4.603140000000001
4.6875
4.77187
4.84957
4.92736
4.998060000000001
5.0689400000000004
5.13803
5.2044500000000005
5.26649
5.32838
5.38527
5.44039
5.497529999999999
5.55021
5.59894
5.648420000000001
5.69173
5.73479
5.772550000000001
5.81131
5.83719
5.866429999999999
5.898610000000001

Vgs: 4.0
0.9850169999999999
0.985
0.9857959999999999
0.9850460000000001
0.9885670000000001
1.01128
1.02077
1.03378
1.04642
1.05948
1.0750600000000001
1.09042
1.10664
1.12196
1.1426100000000001
1.16171
1.18248
1.2041300000000001
1.227
1.2499900000000002
1.2758699999999998
1.30437
1.3337100000000002
1.36517
1.39961
1.4361199999999998
1.47563
1.51935
1.5658
1.61683
1.67349
1.7363000000000002
1.80733
1.88624
1.97635
2.0840799999999997
2.1957
2.31781
2.4402299999999997
2.57104
2.69672
2.8261499999999997
2.96074
3.09853
3.23743
3.37569
3.5090500000000002
3.6484
3.78581
3.9296899999999995
4.06342
4.198989999999999
4.33185
4.46139
4.589860000000001
4.7158299999999995
4.83711
4.9555
5.0676000000000005
5.1805200000000005
5.28536
5.38784
5.48524
5.57707
5.6693999999999996
5.7566
5.84068
5.92106
5.993250000000001
6.06918
6.14017
6.20806
6.2763
6.33741
6.4000200000000005
6.4619100000000005
6.51776
6.57254
6.62333
6.67157
6.71609

Vgs: 4.5
1.39872
1.39996
1.40026
1.39882
1.3925999999999998
1.40463
1.42298
1.4344
1.44944
1.46469
1.4791299999999998
1.49729
1.51333
1.52853
1.5467199999999999
1.56589
1.5840699999999999
1.6048
1.62596
1.64825
1.67275
1.69753
1.7240300000000002
1.75092
1.77942
1.81209
1.84402
1.87744
1.91479
1.95452
1.9971400000000001
2.04365
2.09337
2.14649
2.20549
2.27071
2.3298799999999997
2.4212700000000003
2.50888
2.60992
2.72797
2.85493
2.99073
3.1271799999999996
3.26531
3.4070300000000002
3.54338
3.69003
3.83433
3.9834199999999997
4.13047
4.27999
4.42909
4.57616
4.72821
4.87411
5.0172300000000005
5.16193
5.30494
5.43746
5.57566
5.70234
5.828749999999999
5.9505
6.06834
6.1858
6.2902499999999995
6.39588
6.49439
6.59039
6.68344
6.77297
6.8561000000000005
6.93862
7.016719999999999
7.0936699999999995
7.16498
7.2374600000000004
7.30631
7.37364
7.437799999999999

Vgs: 5.0
1.8882599999999998
1.89008
1.88916
1.89048
1.88866
1.88965
1.91109
1.9258199999999999
1.94006
1.9533699999999998
1.9675600000000002
1.98378
1.99898
2.0169200000000003
2.0331799999999998
2.05193
2.06734
2.0887800000000003
2.1042199999999998
2.12182
2.1465400000000003
2.16826
2.1909899999999998
2.21624
2.24166
2.26853
2.29583
2.32575
2.35513
2.38855
2.44258
2.4593100000000003
2.49789
2.53839
2.58234
2.63054
2.68288
2.73719
2.79576
2.86119
2.9448600000000003
3.0254700000000003
3.1066800000000003
3.20258
3.31324
3.43443
3.57354
3.72142
3.8691
4.0176
4.1699
4.31259
4.47686
4.62441
4.7881800000000005
4.94022
5.08634
5.25448
5.395429999999999
5.5726700000000005
5.70266
5.8529100000000005
6.010190000000001
6.16099
6.32727
6.46183
6.59655
6.73247
6.78358
6.987509999999999
7.10563
7.21921
7.33115
7.43631
7.53796
7.63715
7.72694
7.815870000000001
7.89655
7.98581
8.06433

Vgs: 5.5
2.43546
2.43474
2.43415
2.43465
2.43488
2.43687
2.4485
2.4664800000000002
2.47956
2.49439
2.50826
2.52143
2.5374299999999996
2.55236
2.56741
2.58694
2.6047000000000002
2.62402
2.64308
2.66352
2.68283
2.7040699999999998
2.7239999999999998
2.74602
2.77048
2.79461
2.81862
2.84659
2.87268
2.9013400000000003
2.93121
2.96205
2.9960199999999997
3.0275800000000004
3.0625600000000004
3.09966
3.14045
3.1821800000000002
3.22795
3.2749699999999997
3.32795
3.3837300000000003
3.44376
3.5085200000000003
3.5791299999999997
3.65676
3.74343
3.8336300000000003
3.9377600000000004
4.06107
4.19863
4.34542
4.50254
4.65541
4.81558
4.9738500000000005
5.13291
5.2832
5.45735
5.62331
5.7868900000000005
5.95206
6.11863
6.2820599999999995
6.45087
6.60643
6.76492
6.92641
7.07721
7.2303999999999995
7.38064
7.52069
7.662719999999999
7.79869
7.92469
8.05057
8.16728
8.28505
8.365879999999999
8.50098
8.602540000000001

Vgs: 6.0
3.0114400000000003
3.0114199999999998
3.0120400000000003
3.01485
3.01812
3.0062800000000003
3.00965
3.0292499999999998
3.0604899999999997
3.07702
3.07664
3.10643
3.12975
3.12926
3.1449999999999996
3.15893
3.19514
3.19857
3.21207
3.23345
3.25076
3.27283
3.2927500000000003
3.3123699999999996
3.33868
3.36206
3.38646
3.41135
3.43386
3.46212
3.48564
3.58129
3.54162
3.5728
3.60502
3.63761
3.67072
3.70783
3.74495
3.785
3.82718
3.8711599999999997
3.91825
3.97022
4.02118
4.07725
4.1384799999999995
4.2030899999999995
4.272469999999999
4.3494
4.4325600000000005
4.521459999999999
4.62436
4.73966
4.8647100000000005
4.98877
5.16413
5.33091
5.492249999999999
5.66145
5.82525
5.990060000000001
6.1599699999999995
6.32789
6.50564
6.67338
6.84464
7.0091
7.17791
7.349559999999999
7.5170699999999995
7.68241
7.8452
8.00315
8.16238
8.318269999999998
8.46356
8.61419
8.74657
8.8798
9.01043

Vgs: 6.5
3.64689
3.6434100000000003
3.6466
3.64863
3.65068
3.64964
3.64926
3.65536
3.68053
3.69247
3.7086799999999998
3.7314000000000003
3.7449
3.75462
3.77927
3.7918600000000002
3.81039
3.8295
3.84654
3.86347
3.88408
3.90414
3.92134
3.9392899999999997
3.96147
3.9833100000000004
4.00655
4.0304199999999994
4.05123
4.07367
4.10091
4.1217299999999994
4.15186
4.18002
4.20829
4.23956
4.26855
4.30019
4.3325000000000005
4.365950000000001
4.40236
4.4377699999999995
4.47866
4.5181700000000005
4.560029999999999
4.606319999999999
4.652810000000001
4.7026200000000005
4.755780000000001
4.81247
4.8741699999999994
4.93682
5.00818
5.081880000000001
5.16427
5.2409
5.35194
5.45601
5.5734900000000005
5.70827
5.862
6.02874
6.19616
6.3668
6.540019999999999
6.71174
6.88189
7.05811
7.22891
7.40607
7.5788
7.75296
7.930400000000001
8.10171
8.273620000000001
8.449440000000001
8.6119
8.779810000000001
8.942590000000001
9.10976
9.26065

Vgs: 7.0
4.31504
4.3074699999999995
4.310879999999999
4.3123700000000005
4.311920000000001
4.31676
4.31187
4.313680000000001
4.3352699999999995
4.35394
4.36789
4.37985
4.39808
4.41761
4.43627
4.45369
4.470339999999999
4.49047
4.50315
4.52363
4.545000000000001
4.5671100000000004
4.584099999999999
4.59978
4.621980000000001
4.64159
4.66078
4.68325
4.707529999999999
4.7308
4.75646
4.77941
4.802650000000001
4.82956
4.85514
4.881530000000001
4.91025
4.93882
4.96779
4.9989
5.03202
5.06367
5.0984300000000005
5.1341399999999995
5.17152
5.21075
5.25097
5.292070000000001
5.335310000000001
5.38171
5.43033
5.47983
5.5326699999999995
5.58864
5.649290000000001
5.71384
5.78159
5.85463
5.93381
6.01897
6.11038
6.21007
6.3224800000000005
6.44919
6.58885
6.74282
6.90396
7.09244
7.25941
7.43919
7.61463
7.78974
7.96992
8.1447
8.323459999999999
8.502320000000001
8.674760000000001
8.85491
9.031880000000001
9.210619999999999
9.38027

Vgs: 7.5
5.04444
5.05349
5.0476
5.048150000000001
5.04933
5.04817
5.04713
5.04979
5.04659
5.04861
5.054539999999999
5.05414
5.05411
5.0576
5.14068
5.16773
5.18739
5.20866
5.22218
5.24106
5.26281
5.27766
5.29628
5.32022
5.33724
5.36532
5.38279
5.40737
5.427580000000001
5.4478
5.4688
5.48957
5.51466
5.5391900000000005
5.566190000000001
5.59324
5.6193800000000005
5.647410000000001
5.671340000000001
5.69799
5.738230000000001
5.76118
5.78928
5.81868
5.85089
5.88304
5.91725
5.95238
5.99143
6.02827
6.0668299999999995
6.1079300000000005
6.15093
6.19482
6.24248
6.29219
6.34403
6.39879
6.45611
6.5175600000000005
6.58342
6.65375
6.66892
6.66896
6.66878
6.66861
6.66808
6.66855
6.9534
7.471990000000001
7.6488
7.8213099999999995
8.00183
8.18182
8.35978
8.54771
8.71455
8.897189999999998
9.07553
9.25947
9.43779

Vgs: 8.0
5.73063
5.7279
5.71999
5.71266
5.7083699999999995
5.7002299999999995
5.68832
5.687410000000001
5.69543
5.73332
5.7736
5.78393
5.816199999999999
5.8286299999999995
5.8514
5.88085
5.89429
5.90728
5.941
5.98568
5.9991699999999994
6.00539
6.024629999999999
6.04743
6.066249999999999
6.09072
6.112089999999999
6.12712
6.15557
6.17114
6.1947
6.213749999999999
6.23934
6.26398
6.28676
6.3127
6.33722
6.35922
6.38125
6.4037299999999995
6.43326
6.45866
6.48815
6.51708
6.54381
6.57188
6.6014
6.63561
6.66831
6.70271
6.739120000000001
6.77428
6.81192
6.8515299999999995
6.89142
6.93336
6.9763
7.0207500000000005
7.06888
7.11899
7.17141
7.22539
7.28412
7.344469999999999
7.402760000000001
7.48103
7.54969
7.6311
7.71435
7.80717
7.90477
8.01057
8.12918
8.26033
8.408900000000001
8.57773
8.747259999999999
8.93047
9.10947
9.29237
9.475340000000001
