Vgs range: 0,8,0.1
Vds range: 0,8,0.5

Vgs: 0.0
1.2482099999999999e-05
1.25237e-05
1.2189000000000001e-05
1.2056000000000001e-05
1.32338e-05
1.43796e-05
1.65335e-05
1.5628e-05
1.69987e-05
1.52943e-05
1.1287899999999999e-05
-1.27531e-06
-1.2595e-06
-1.50805e-06
-2.1452e-06
-2.61738e-06
-2.55188e-06
-3.0647799999999997e-06
-3.51215e-06
-3.39846e-06
-3.6454699999999997e-06
-4.63059e-06
-4.70505e-06
-4.31651e-06
-4.56508e-06
-5.2204300000000004e-06
-5.99754e-06
-5.89973e-06
-5.70833e-06
-6.768009999999999e-06
-7.01654e-06
-6.9758900000000006e-06
-8.03554e-06
-8.70661e-06
-9.23989e-06
-9.67259e-06
-5.58122e-05
-5.76104e-05
-5.68139e-05
-5.8421800000000004e-05
-5.98469e-05
-6.34661e-05
-6.61743e-05
-6.63215e-05
-6.74222e-05
-6.84116e-05
-7.36206e-05
-7.52511e-05
-7.48358e-05
-7.729509999999999e-05
-7.96733e-05
-7.98705e-05
-8.14525e-05
-8.41765e-05
-8.50754e-05
-8.49325e-05
-8.56461e-05
-8.775059999999999e-05
-8.93593e-05
-9.33097e-05
-9.34109e-05
-9.37658e-05
-9.6502e-05
-9.934939999999999e-05
-0.000117828
-0.000116976
-0.000118034
-0.00012027700000000001
-0.00011955100000000001
-0.0001215
-0.00012184699999999999
-0.000125309
-0.000128583
-0.000126654
-0.000126464
-0.00012842000000000002
-0.000128713
-0.000129371
-0.000131347
-0.000133937
-0.000136291

Vgs: 0.5
0.0201442
0.020141
0.020205300000000002
0.020321000000000002
0.0210384
0.0241395
0.0316648
0.0449152
0.06404950000000001
0.0881327
0.120864
0.14497
0.173248
0.20155800000000001
0.22739700000000002
0.252444
0.276652
0.298462
0.32051799999999997
0.32409000000000004
0.324098
0.32413800000000004
0.324132
0.324199
0.324146
0.32411799999999996
0.387913
0.475848
0.493997
0.50844
0.5226029999999999
0.536108
0.5492859999999999
0.5620510000000001
0.574413
0.586852
0.5987899999999999
0.6104940000000001
0.621624
0.63273
0.643757
0.654456
0.664896
0.675046
0.685006
0.694099
0.704231
0.7138570000000001
0.723022
0.732031
0.740863
0.749434
0.758008
0.7663709999999999
0.774764
0.782625
0.790435
0.798194
0.80574
0.81275
0.820573
0.827949
0.834845
0.8417089999999999
0.848627
0.855304
0.8618220000000001
0.868224
0.87451
0.880753
0.887056
0.8929330000000001
0.898748
0.8997360000000001
0.899786
0.899814
0.899837
0.899852
0.899904
0.899915
0.917974

Vgs: 1.0
0.0396486
0.0396541
0.0397629
0.0399146
0.040751199999999994
0.0441739
0.052361899999999996
0.0658525
0.0856692
0.115785
0.141797
0.17761400000000002
0.21791200000000002
0.262198
0.312104
0.36462
0.416536
0.466667
0.516509
0.5625870000000001
0.6079110000000001
0.650555
0.691711
0.7308819999999999
0.768468
0.804742
0.839249
0.873168
0.904856
0.93649
0.967309
0.9968589999999999
1.03178
1.0543
1.08119
1.10786
1.13443
1.15906
1.1827400000000001
1.20662
1.22865
1.25244
1.2750599999999999
1.2972000000000001
1.3179699999999999
1.33897
1.35926
1.37925
1.3988500000000001
1.41806
1.43672
1.4549400000000001
1.47317
1.4913
1.50826
1.5254999999999999
1.54179
1.55853
1.57428
1.5901999999999998
1.60574
1.62134
1.63595
1.65052
1.6651
1.6793
1.69333
1.70718
1.7201199999999999
1.7332
1.74647
1.7588700000000002
1.77127
1.78348
1.79568
1.8076800000000002
1.81843
1.8302399999999999
1.8413
1.85226
1.8632799999999998

Vgs: 1.5
0.058968
0.058977800000000004
0.0591238
0.0593072
0.060229500000000005
0.0638312
0.0726411
0.0864285
0.110378
0.13242199999999998
0.163396
0.20013
0.24102300000000002
0.287947
0.33794199999999996
0.393716
0.45282
0.5165000000000001
0.5821860000000001
0.650764
0.72269
0.793194
0.861708
0.926836
0.990197
1.06427
1.1128900000000002
1.16799
1.22194
1.27338
1.32543
1.37264
1.4200700000000002
1.46598
1.5095399999999999
1.55301
1.59491
1.63535
1.67459
1.7126400000000002
1.75083
1.78697
1.82308
1.85791
1.8921400000000002
1.9256
1.95785
1.99022
2.0211
2.05236
2.058
2.05823
2.0583099999999996
2.05842
2.0584599999999997
2.0585899999999997
2.1555400000000002
2.2742299999999998
2.30288
2.32775
2.35217
2.37616
2.4005900000000002
2.42348
2.4467600000000003
2.46964
2.49121
2.5132700000000003
2.53434
2.55544
2.57287
2.59597
2.6160799999999997
2.63533
2.65475
2.67344
2.69234
2.71029
2.72809
2.74579
2.76324

Vgs: 2.0
0.0780849
0.0780969
0.0782833
0.0784956
0.0795574
0.0833758
0.0918567
0.109511
0.126975
0.152988
0.184666
0.22164
0.263118
0.307333
0.36176200000000003
0.41855800000000004
0.478673
0.542162
0.613341
0.6823629999999999
0.756925
0.836899
0.917343
0.9999799999999999
1.10412
1.1758300000000002
1.2611700000000001
1.3454700000000002
1.42362
1.50267
1.58007
1.64933
1.71857
1.7853999999999999
1.85088
1.91519
1.9733900000000002
2.03269
2.08909
2.1456
2.19432
2.25198
2.3038
2.35384
2.40273
2.45073
2.49719
2.5428
2.58718
2.63117
2.6741400000000004
2.7155299999999998
2.7568200000000003
2.79658
2.83362
2.8754399999999998
2.91268
2.9505600000000003
2.98697
3.0226900000000003
3.05797
3.09252
3.1263699999999996
3.1592399999999996
3.19219
3.22417
3.25549
3.2867
3.2925099999999996
3.2927500000000003
3.2929999999999997
3.29313
3.29325
3.2934
3.29352
3.3926
3.5369300000000004
3.56682
3.59189
3.6172999999999997
3.64217

Vgs: 2.5
0.0969734
0.0969874
0.09720119999999999
0.0974463
0.0985704
0.103575
0.111668
0.12628499999999998
0.14707800000000001
0.173703
0.205973
0.24458
0.284659
0.332574
0.38399700000000003
0.441478
0.502482
0.566968
0.6353949999999999
0.707487
0.786457
0.8642409999999999
0.946956
1.0499800000000001
1.12259
1.21605
1.31075
1.4072200000000001
1.5057
1.60838
1.70794
1.81038
1.9025299999999998
1.99593
2.08758
2.17455
2.25641
2.3367299999999998
2.4138100000000002
2.49027
2.56683
2.63548
2.7082
2.7737399999999997
2.83994
2.8971999999999998
2.96623
3.02929
3.08742
3.14667
3.2049399999999997
3.25925
3.31584
3.36799
3.42151
3.47296
3.52317
3.57308
3.62109
3.6699200000000003
3.71578
3.76218
3.80627
3.8505499999999997
3.89453
3.93722
3.97855
4.01992
4.05984
4.10053
4.13882
4.176830000000001
4.21468
4.25199
4.2889
4.32355
4.358
4.39354
4.42638
4.46101
4.4924800000000005

Vgs: 3.0
0.115676
0.115688
0.115939
0.116214
0.117355
0.120846
0.130486
0.145635
0.166576
0.193275
0.22605499999999998
0.264448
0.3056
0.35380900000000004
0.415747
0.463476
0.524623
0.5918129999999999
0.660242
0.730984
0.808694
0.8890410000000001
0.973387
1.07727
1.15057
1.24474
1.3412899999999999
1.44085
1.54235
1.64651
1.75429
1.86227
1.9756
2.08751
2.20033
2.3135999999999997
2.4241200000000003
2.53056
2.6358800000000002
2.7341800000000003
2.8333500000000003
2.92635
3.02074
3.10722
3.1928400000000003
3.2655000000000003
3.35688
3.43797
3.51784
3.59064
3.66542
3.73721
3.80664
3.87542
3.94463
4.0098199999999995
4.07361
4.13901
4.20008
4.25441
4.3207
4.3812
4.43679
4.4946600000000005
4.5485999999999995
4.6060099999999995
4.656429999999999
4.70879
4.760280000000001
4.81059
4.86016
4.9098299999999995
4.957719999999999
5.00026
5.050009999999999
5.0954299999999995
5.13951
5.18377
5.22628
5.27022
5.31053

Vgs: 3.5
0.134222
0.134237
0.13448400000000002
0.134802
0.136023
0.140338
0.149492
0.164545
0.185947
0.212802
0.245335
0.28347700000000003
0.326285
0.374638
0.42851500000000003
0.485112
0.546883
0.6110939999999999
0.681295
0.755328
0.8324079999999999
0.914995
0.997988
1.10286
1.17706
1.27228
1.3709200000000001
1.4697799999999999
1.57162
1.6770100000000001
1.7885
1.90127
2.01505
2.13313
2.24668
2.3683799999999997
2.49179
2.61474
2.7372400000000003
2.8619399999999997
2.9865299999999997
3.10829
3.22347
3.3363199999999997
3.44745
3.5558400000000003
3.65606
3.75846
3.85564
3.95223
4.04516
4.138260000000001
4.22364
4.3123
4.39473
4.47754
4.55829
4.629020000000001
4.71714
4.79042
4.8644
4.93654
5.00989
5.07864
5.14708
5.21502
5.279940000000001
5.34712
5.41115
5.47143
5.53266
5.59306
5.65205
5.7096100000000005
5.76724
5.82306
5.87793
5.93264
5.98528
6.03795
6.0892100000000005

Vgs: 4.0
0.15254600000000001
0.15256899999999998
0.152872
0.153191
0.154492
0.158845
0.168685
0.183513
0.204902
0.232271
0.265323
0.303355
0.346491
0.395076
0.44355300000000003
0.505515
0.567794
0.634731
0.703413
0.779099
0.854912
0.936805
1.0382200000000001
1.1101100000000002
1.2008699999999999
1.2976299999999998
1.39587
1.4970400000000001
1.59989
1.70638
1.81822
1.92989
2.02626
2.16198
2.2814799999999997
2.4054800000000003
2.52986
2.6589500000000004
2.78405
2.91526
3.0491099999999998
3.18235
3.3187300000000004
3.45356
3.58915
3.72302
3.84799
3.9773899999999998
4.09597
4.21218
4.33134
4.4428
4.55338
4.65902
4.763240000000001
4.86447
4.96262
5.06029
5.15364
5.247070000000001
5.33736
5.42828
5.51556
5.59711
5.6811
5.76461
5.843
5.92112
5.99693
6.07409
6.1481699999999995
6.22012
6.29195
6.36267
6.43131
6.49931
6.5647400000000005
6.62818
6.6950400000000005
6.75981
6.81993

Vgs: 4.5
0.170716
0.170731
0.17105700000000001
0.17141199999999998
0.17275
0.17725
0.185786
0.20213699999999998
0.22389099999999998
0.25149299999999997
0.284374
0.322764
0.36650099999999997
0.414975
0.46812200000000004
0.526235
0.588298
0.653742
0.725067
0.798077
0.8773179999999999
0.960816
1.0613700000000001
1.1346500000000002
1.2252999999999998
1.3235700000000001
1.4236
1.5234599999999998
1.6259
1.73374
1.84478
1.95933
2.07479
2.19017
2.3127400000000002
2.4393499999999997
2.56343
2.69418
2.82062
2.95436
3.0957
3.22621
3.36692
3.5059
3.64866
3.79191
3.9372399999999996
4.05892
4.22427
4.37125
4.50934
4.64478
4.77914
4.908530000000001
5.03666
5.159999999999999
5.27803
5.3972
5.51033
5.625019999999999
5.73214
5.83125
5.94208
6.04256
6.14359
6.24355
6.33579
6.43194
6.522939999999999
6.61263
6.7009799999999995
6.78782
6.87325
6.95562
7.03826
7.11857
7.19662
7.275099999999999
7.35075
7.425949999999999
7.49959

Vgs: 5.0
0.188703
0.188727
0.189079
0.18945299999999998
0.190893
0.195476
0.20508300000000002
0.220756
0.24263200000000001
0.270148
0.303601
0.34233
0.38553
0.42767700000000003
0.48830599999999996
0.54683
0.60974
0.6753469999999999
0.746748
0.821217
0.899566
0.981638
1.08416
1.15953
1.2507
1.3459100000000002
1.43417
1.54891
1.6506100000000001
1.75944
1.87134
1.98491
2.10155
2.22123
2.3415
2.46758
2.5971599999999997
2.72328
2.8538
2.9879
3.12495
3.26309
3.4034
3.54663
3.69058
3.83805
3.9836799999999997
4.13525
4.28386
4.43918
4.5932
4.745550000000001
4.89891
5.0483400000000005
5.2005799999999995
5.34936
5.49104
5.63257
5.77095
5.89498
6.03379
6.1614
6.28714
6.4056299999999995
6.52513
6.642399999999999
6.75276
6.86654
6.97619
7.0795900000000005
7.18335
7.285780000000001
7.38523
7.47509
7.579630000000001
7.67391
7.765700000000001
7.85805
7.94627
8.03411
8.12241

Vgs: 5.5
0.206515
0.20654199999999998
0.20687599999999998
0.207326
0.20878
0.21353
0.223277
0.239417
0.261995
0.289619
0.32264400000000004
0.36177699999999996
0.406058
0.45522500000000005
0.508498
0.569072
0.6303110000000001
0.697269
0.76857
0.842311
0.9219849999999999
1.02092
1.09227
1.18166
1.2722499999999999
1.37213
1.46931
1.5713000000000001
1.675
1.78329
1.89642
2.0121499999999997
2.1276699999999997
2.24715
2.36885
2.49638
2.62221
2.7546
2.88375
3.02111
3.15809
3.2954
3.43796
3.58203
3.73011
3.87593
4.00962
4.17646
4.32764
4.48445
4.646929999999999
4.79729
4.95791
5.116619999999999
5.27806
5.44097
5.6003
5.76312
5.92127
6.079829999999999
6.23461
6.38415
6.53644
6.673509999999999
6.81427
6.95099
7.08452
7.21602
7.34013
7.44508
7.58763
7.7047
7.8236099999999995
7.93783
8.04979
8.15909
8.26641
8.37289
8.475109999999999
8.57798
8.67794

Vgs: 6.0
0.22415200000000002
0.22417800000000002
0.22458499999999998
0.224996
0.226631
0.231378
0.241293
0.257691
0.27963899999999997
0.307834
0.34210399999999996
0.381149
0.425943
0.47544
0.52897
0.588614
0.64171
0.721545
0.7920740000000001
0.8652930000000001
0.947999
1.04479
1.1186399999999999
1.2072800000000001
1.2973100000000002
1.39473
1.49398
1.59669
1.70114
1.80069
1.92343
2.03705
2.15457
2.27883
2.39563
2.52374
2.65049
2.78111
2.9128499999999997
3.04819
3.1871899999999997
3.32616
3.47009
3.61271
3.76289
3.9098300000000004
4.05878
4.214189999999999
4.36528
4.523669999999999
4.6816
4.84022
5.001580000000001
5.162660000000001
5.32838
5.49487
5.65883
5.8281
5.9979
6.16595
6.334829999999999
6.50227
6.66909
6.83581
7.000570000000001
7.15893
7.31242
7.46719
7.61618
7.7612000000000005
7.90457
8.04081
8.17695
8.3095
8.440019999999999
8.56767
8.68975
8.81349
8.93321
9.04959
9.16523

Vgs: 6.5
0.241625
0.241677
0.24211100000000002
0.242535
0.24414199999999997
0.24911600000000003
0.259234
0.275567
0.297972
0.323139
0.36089299999999996
0.400567
0.445236
0.496019
0.550357
0.610299
0.674302
0.742197
0.8152050000000001
0.88974
0.97013
1.07015
1.12886
1.23039
1.32343
1.42211
1.52112
1.62539
1.72846
1.8379100000000002
1.95167
2.06477
2.18248
2.30246
2.42481
2.5565700000000002
2.67344
2.81298
2.94123
3.0801399999999997
3.2180899999999997
3.35711
3.49917
3.64426
3.79424
3.94083
4.09698
4.24449
4.39904
4.55798
4.7175899999999995
4.8757399999999995
5.03884
5.20294
5.37267
5.53895
5.7035
5.8761
6.04515
6.21943
6.39907
6.56528
6.74271
6.91711
6.951320000000001
6.95183
6.95202
6.9522
6.95233
6.9523600000000005
6.9524
7.67156
8.42265
8.5931
8.74156
8.88789
9.02827
9.173219999999999
9.30779
9.443119999999999
9.57524

Vgs: 7.0
0.258969
0.25899700000000003
0.25945
0.259918
0.261601
0.26666199999999995
0.27696699999999996
0.293446
0.316268
0.34546899999999997
0.379838
0.420447
0.465223
0.5170020000000001
0.571671
0.63246
0.697244
0.767923
0.841422
0.914628
0.996792
1.09747
1.16991
1.25946
1.35316
1.45173
1.55184
1.6553
1.7612299999999999
1.8709
1.98598
2.09698
2.21403
2.3381000000000003
2.45503
2.5859799999999997
2.70945
2.84
2.9772499999999997
3.10702
3.24683
3.3852
3.5297
3.67418
3.8026
3.9710300000000003
4.12143
4.27969
4.43666
4.59395
4.75195
4.91369
5.07349
5.23787
5.40646
5.575
5.74195
5.91457
6.06095
6.26215
6.4373499999999995
6.61316
6.79527
6.96989
7.15415
7.3340499999999995
7.51485
7.69773
7.87462
8.05965
8.23931
8.41674
8.581339999999999
8.77095
8.942469999999998
9.11637
9.27433
9.43785
9.5938
9.748700000000001
9.89936

Vgs: 7.5
0.276119
0.276129
0.276625
0.277114
0.27884200000000003
0.28409300000000004
0.294564
0.311202
0.33455799999999997
0.363878
0.39911599999999997
0.440006
0.48564
0.53817
0.595487
0.656051
0.721114
0.7904709999999999
0.8654379999999999
0.942148
1.04075
1.11135
1.1996699999999998
1.29047
1.38585
1.4848299999999999
1.58585
1.69013
1.79411
1.90752
2.0188099999999998
2.13363
2.25176
2.36975
2.49186
2.6184200000000004
2.7453600000000002
2.8788300000000002
3.00859
3.14288
3.286
3.42219
3.5553999999999997
3.70825
3.85494
4.0109
4.156479999999999
4.309089999999999
4.46564
4.6221
4.78255
4.94944
5.10953
5.2712
5.4392700000000005
5.608840000000001
5.76987
5.951149999999999
6.12767
6.301229999999999
6.4767399999999995
6.6539
6.83507
7.01606
7.197570000000001
7.3834800000000005
7.5624400000000005
7.750319999999999
7.9315500000000005
8.11968
8.306310000000002
8.491389999999999
8.68042
8.86583
9.05334
9.23269
9.426820000000001
9.61059
9.77976
9.957600000000001
10.1592

Vgs: 8.0
0.29308999999999996
0.293123
0.293627
0.294157
0.29596
0.301348
0.312144
0.329262
0.35238400000000003
0.38304499999999997
0.41829
0.460063
0.506317
0.559686
0.6183379999999999
0.679714
0.746319
0.81649
0.892941
0.97399
1.07126
1.14294
1.2329400000000001
1.32515
1.42137
1.5222499999999999
1.62494
1.72965
1.83647
1.94634
2.06076
2.17595
2.29434
2.4142
2.53674
2.66312
2.79013
2.92319
3.05066
3.18813
3.32413
3.46362
3.60537
3.74882
3.8941700000000004
4.02051
4.1913599999999995
4.345940000000001
4.50425
4.65804
4.816929999999999
4.98249
5.14512
5.31271
5.4735000000000005
5.64499
5.81055
5.98623
6.16489
6.1923200000000005
6.192760000000001
6.19292
6.19309
6.1932100000000005
6.19327
6.193309999999999
6.942130000000001
7.78419
7.97497
8.16714
8.356499999999999
8.54345
8.73945
8.926129999999999
9.11848
9.28031
9.49991
9.69491
9.88383
10.1098
10.2636
