Vgs range: 0,8,0.5
Vds range: 0,8,0.1

Vgs: 0.0
1.05235e-05
0.0042488099999999996
0.008196990000000001
0.0120649
0.015920999999999998
0.019769500000000002
0.0236133
0.0274483
0.031279
0.0351018
0.0389192
0.0427256
0.0465298
0.050324
0.0541144
0.0578986
0.0616785
0.065447
0.0692099
0.0729672
0.0767163
0.0804278
0.08417490000000001
0.08790039999999999
0.0916328
0.0953462
0.0990642
0.102761
0.106454
0.110155
0.11383599999999999
0.11752
0.121192
0.124862
0.128517
0.132181
0.135823
0.139477
0.143105
0.146749
0.150364
0.153996
0.157607
0.161211
0.164822
0.168418
0.172013
0.175593
0.179193
0.182761
0.186338
0.18989899999999998
0.193467
0.197018
0.200574
0.204123
0.207662
0.211203
0.21473099999999998
0.21826500000000001
0.22178599999999998
0.22530599999999998
0.228813
0.232324
0.235821
0.239331
0.242819
0.24632099999999998
0.249815
0.253298
0.256765
0.26023
0.26370099999999996
0.267158
0.270621
0.274065
0.277532
0.280974
0.28442
0.287861
0.29129900000000003

Vgs: 0.5
1.13585e-05
0.00786731
0.0125699
0.0166361
0.020622500000000002
0.024584599999999998
0.0285458
0.032493400000000006
0.0364139
0.040327400000000006
0.0442415
0.0481351
0.052021899999999996
0.0559054
0.0597732
0.06363379999999999
0.0674866
0.0713237
0.0751547
0.07897960000000001
0.0828018
0.0865833
0.09038940000000001
0.0941733
0.09797439999999999
0.101742
0.10552199999999999
0.109273
0.113023
0.11678000000000001
0.120511
0.12424800000000001
0.127969
0.131696
0.135401
0.139116
0.142806
0.146505
0.15018900000000002
0.15387800000000001
0.157547
0.161225
0.164882
0.168534
0.17219199999999998
0.175835
0.179486
0.183119
0.186763
0.19038
0.194004
0.19761700000000001
0.201242
0.20484
0.208453
0.212048
0.215636
0.219227
0.22281199999999998
0.22639700000000001
0.229976
0.23355800000000002
0.237114
0.24069200000000002
0.244242
0.24781
0.251361
0.254923
0.258463
0.262021
0.265562
0.269097
0.272636
0.276159
0.27968600000000005
0.283199
0.286721
0.290221
0.293736
0.29723299999999997
0.30074

Vgs: 1.0
-3.42935e-05
0.0369411
0.06750060000000001
0.0915327
0.109004
0.12058999999999999
0.127674
0.132963
0.13762600000000003
0.14222200000000002
0.146607
0.15101799999999999
0.155445
0.15972
0.164057
0.168331
0.17258099999999998
0.176786
0.180972
0.18514399999999998
0.189271
0.19335000000000002
0.197469
0.201528
0.205609
0.209654
0.213692
0.217697
0.221686
0.22567600000000002
0.229631
0.233596
0.237516
0.241477
0.245409
0.249312
0.25321499999999997
0.257112
0.260992
0.26487299999999997
0.26873199999999997
0.2726
0.276462
0.280315
0.284167
0.28800800000000004
0.291856
0.29568900000000004
0.299529
0.303352
0.307199
0.311025
0.314863
0.318697
0.322532
0.326356
0.33019
0.33404399999999995
0.337885
0.34172800000000003
0.345568
0.349439
0.35328600000000004
0.357157
0.361014
0.364895
0.36876
0.372664
0.376549
0.380459
0.38437699999999997
0.38827700000000004
0.392196
0.396115
0.40005900000000005
0.403985
0.407945
0.411896
0.41585500000000003
0.419829
0.423809

Vgs: 1.5
-6.75539e-05
0.0614236
0.117943
0.16927899999999999
0.215414
0.256044
0.290937
0.320157
0.34335000000000004
0.360739
0.37267300000000003
0.380876
0.38713400000000003
0.39254999999999995
0.397891
0.403018
0.407877
0.412808
0.41762499999999997
0.422437
0.427074
0.431656
0.43626800000000004
0.44078999999999996
0.445293
0.44976
0.454185
0.458561
0.46291000000000004
0.467267
0.471561
0.47586500000000004
0.480091
0.484382
0.48857100000000003
0.49279900000000004
0.496988
0.5011730000000001
0.505335
0.5094960000000001
0.513634
0.517794
0.521909
0.526013
0.530165
0.534284
0.538422
0.5425439999999999
0.546677
0.550796
0.554955
0.559111
0.563304
0.56747
0.571655
0.575848
0.580081
0.5843480000000001
0.588627
0.5929369999999999
0.597283
0.601654
0.606051
0.6104959999999999
0.614948
0.619452
0.6239859999999999
0.6285489999999999
0.633146
0.6378010000000001
0.642469
0.647185
0.651948
0.6567419999999999
0.661585
0.666453
0.671389
0.676343
0.681343
0.6863750000000001
0.691453

Vgs: 2.0
-0.00012046100000000001
0.0807452
0.157556
0.230268
0.298823
0.363107
0.422994
0.478211
0.528697
0.574086
0.614422
0.6492479999999999
0.6785680000000001
0.7023459999999999
0.720561
0.73373
0.743321
0.750583
0.757244
0.763174
0.7689710000000001
0.774601
0.7799929999999999
0.78533
0.790579
0.795752
0.8008270000000001
0.80577
0.810676
0.8155420000000001
0.8203499999999999
0.825125
0.829847
0.8345269999999999
0.8391689999999999
0.843819
0.848387
0.8530019999999999
0.857499
0.862029
0.866515
0.870983
0.8754270000000001
0.879894
0.8843380000000001
0.88876
0.893204
0.897651
0.902095
0.906536
0.911005
0.91549
0.919991
0.92451
0.9290999999999999
0.9336909999999999
0.938316
0.943026
0.947762
0.95257
0.9574079999999999
0.962361
0.967372
0.9724459999999999
0.977599
0.982842
0.988177
0.993601
0.9991340000000001
1.00628
1.01199
1.0177999999999998
1.0237200000000002
1.0297399999999999
1.0358100000000001
1.0420399999999999
1.04837
1.05479
1.0612499999999998
1.06787
1.0745

Vgs: 2.5
-0.000143569
0.0967679
0.19023099999999998
0.280301
0.366983
0.450214
0.529732
0.60561
0.677577
0.745525
0.809385
0.8690180000000001
0.9242579999999999
0.974928
1.0221799999999999
1.06308
1.09888
1.12944
1.15453
1.1744999999999999
1.18947
1.20063
1.2094099999999999
1.21701
1.224
1.23058
1.23695
1.24307
1.24901
1.25484
1.26046
1.26606
1.2715400000000001
1.27693
1.28222
1.28749
1.2926700000000002
1.29778
1.30284
1.30785
1.3128499999999999
1.31783
1.32271
1.32757
1.33247
1.33727
1.3420800000000002
1.3468600000000002
1.3516599999999999
1.35644
1.36126
1.36606
1.3708
1.3756599999999999
1.38055
1.38547
1.39041
1.3954499999999999
1.40053
1.40568
1.41088
1.4162599999999999
1.42175
1.4273
1.43297
1.43877
1.44475
1.45086
1.45716
1.46357
1.47024
1.47706
1.48407
1.49128
1.49865
1.50619
1.5139699999999998
1.52189
1.53003
1.53833
1.54686

Vgs: 3.0
-0.00017357100000000002
0.11044699999999999
0.21808799999999998
0.32277500000000003
0.424657
0.523515
0.619347
0.7120749999999999
0.801567
0.887787
0.970585
1.05135
1.1271
1.1992
1.2674100000000001
1.3316999999999999
1.39194
1.4478799999999998
1.49943
1.54619
1.58839
1.62535
1.65758
1.68462
1.70656
1.72368
1.73679
1.7473
1.75626
1.7644
1.77189
1.77906
1.78598
1.7926000000000002
1.79904
1.80536
1.81151
1.8175400000000002
1.82344
1.82931
1.83504
1.84067
1.8462299999999998
1.85177
1.85724
1.86264
1.86796
1.87324
1.8785399999999999
1.88372
1.88901
1.8941299999999999
1.89932
1.90448
1.90964
1.91486
1.92005
1.92532
1.93065
1.9360300000000001
1.94143
1.9469800000000002
1.9525899999999998
1.95838
1.96424
1.9703300000000001
1.97658
1.9830300000000003
1.9896900000000002
1.9965899999999999
2.00373
2.0111399999999997
2.01879
2.02668
2.0348900000000003
2.0434
2.05229
2.06142
2.0708100000000003
2.0805599999999997
2.0906499999999997

Vgs: 3.5
-0.00019772
0.12248099999999999
0.24254699999999998
0.360007
0.475061
0.5875220000000001
0.697307
0.804459
0.908858
1.01185
1.1105
1.20631
1.2990899999999999
1.38879
1.4753100000000001
1.5586
1.63845
1.71478
1.7876299999999998
1.8566500000000001
1.92187
1.98269
2.04002
2.09277
2.14132
2.18514
2.22438
2.25852
2.28778
2.31204
2.33149
2.34693
2.35921
2.36972
2.3790299999999998
2.38754
2.39561
2.40332
2.41072
2.41792
2.42484
2.43158
2.43825
2.4447
2.4510899999999998
2.45736
2.46343
2.46946
2.47545
2.48139
2.48719
2.4929200000000002
2.49864
2.50433
2.50997
2.51549
2.5211
2.52665
2.5322500000000003
2.53783
2.5434300000000003
2.5491099999999998
2.5548900000000003
2.56072
2.5666399999999996
2.57267
2.57888
2.5853099999999998
2.59187
2.59871
2.60574
2.6130799999999996
2.62076
2.62871
2.63711
2.64581
2.65498
2.6645000000000003
2.67445
2.6848
2.6957

Vgs: 4.0
-0.000214069
0.13314199999999998
0.264164
0.392875
0.519483
0.643798
0.765848
0.885499
1.0043199999999999
1.1191300000000002
1.23152
1.34133
1.44861
1.5532700000000002
1.65537
1.75451
1.85094
1.9445000000000001
2.0347899999999997
2.12213
2.20629
2.28637
2.36406
2.43798
2.5084500000000003
2.57501
2.6378600000000003
2.6964900000000003
2.75109
2.8014799999999997
2.84724
2.8885400000000003
2.92499
2.95657
2.9831800000000004
3.00529
3.02306
3.0375699999999997
3.04968
3.0603599999999997
3.0700100000000003
3.0791500000000003
3.08772
3.09594
3.1038799999999998
3.11151
3.1189999999999998
3.1262
3.13324
3.14021
3.14698
3.15362
3.16018
3.16662
3.1729000000000003
3.17916
3.18533
3.1914700000000003
3.1974899999999997
3.20353
3.20947
3.21547
3.22139
3.2274000000000003
3.23343
3.23948
3.2456400000000003
3.25188
3.25822
3.26479
3.27155
3.27847
3.28566
3.2931000000000004
3.30096
3.30917
3.31777
3.32679
3.33637
3.34638
3.35695

Vgs: 4.5
-0.000240239
0.142823
0.283765
0.422666
0.559717
0.6947089999999999
0.8276960000000001
0.958571
1.0888499999999999
1.21555
1.33997
1.4623
1.58238
1.70021
1.81567
1.92873
2.03939
2.1475299999999997
2.2531
2.35601
2.4561
2.5526400000000002
2.64755
2.73895
2.8276600000000003
2.91298
2.99534
3.074
3.14941
3.2214
3.28945
3.35405
3.41438
3.47093
3.52299
3.571
3.61423
3.6530500000000004
3.6869799999999997
3.7162800000000002
3.7407299999999997
3.76113
3.7777499999999997
3.79169
3.8039699999999996
3.81474
3.82499
3.83447
3.84359
3.8523099999999997
3.86072
3.86886
3.8767
3.88435
3.8918
3.89914
3.9062799999999998
3.91328
3.92013
3.9269200000000004
3.93355
3.94019
3.94662
3.9530800000000004
3.95944
3.96582
3.97212
3.97853
3.98482
3.99124
3.9977
4.00432
4.01108
4.01799
4.02514
4.03256
4.04031
4.04836
4.05687
4.06576
4.07521

Vgs: 5.0
-0.000243418
0.151535
0.301417
0.449428
0.5958180000000001
0.7404449999999999
0.883224
1.02567
1.16479
1.302
1.43727
1.5707200000000001
1.70214
1.83165
1.9590599999999998
2.08444
2.20782
2.32891
2.4478
2.56447
2.67868
2.7896
2.89928
3.00597
3.1104000000000003
3.2117500000000003
3.31072
3.4064
3.49928
3.58939
3.67603
3.7598100000000003
3.84002
3.91704
3.9903100000000005
4.06023
4.12611
4.18843
4.24656
4.30069
4.35038
4.3958900000000005
4.43668
4.47288
4.50455
4.5315
4.55426
4.57318
4.58921
4.60299
4.61536
4.62658
4.63718
4.64708
4.65656
4.66562
4.67435
4.68283
4.691050000000001
4.69904
4.70685
4.7145
4.72193
4.72923
4.73639
4.74344
4.75039
4.75724
4.76398
4.77069
4.77738
4.78399
4.790649999999999
4.79738
4.80417
4.81105
4.818099999999999
4.82531
4.8326899999999995
4.84045
4.84853

Vgs: 5.5
-0.00026849100000000004
0.159493
0.317533
0.47391300000000003
0.62886
0.782124
0.933859
1.0854199999999998
1.23392
1.3806999999999998
1.52578
1.6691500000000001
1.81084
1.95089
2.08915
2.22559
2.3602800000000004
2.49302
2.6238300000000003
2.75263
2.8794
3.00306
3.1259
3.24596
3.36429
3.4798400000000003
3.5933200000000003
3.7039199999999997
3.81205
3.9178900000000003
4.020560000000001
4.12082
4.217969999999999
4.31242
4.4036
4.49198
4.57677
4.6586300000000005
4.73685
4.81183
4.88288
4.95059
5.014270000000001
5.07398
5.12991
5.18144
5.22885
5.27163
5.31014
5.3439000000000005
5.37328
5.398359999999999
5.41949
5.43738
5.45291
5.466600000000001
5.47903
5.49054
5.50129
5.51147
5.52121
5.53067
5.53967
5.54843
5.5568800000000005
5.56521
5.5733
5.58118
5.58884
5.5963899999999995
5.6037300000000005
5.6110500000000005
5.61827
5.62526
5.63229
5.6392999999999995
5.646240000000001
5.65313
5.66019
5.66732
5.6745399999999995

Vgs: 6.0
-0.000282212
0.166739
0.332222
0.49618700000000004
0.658875
0.820143
0.9799760000000001
1.1398000000000001
1.29681
1.45221
1.60625
1.75876
1.90981
2.0594300000000003
2.2075
2.35406
2.499
2.64234
2.78385
2.92382
3.06193
3.19703
3.33179
3.4640299999999997
3.5947999999999998
3.72294
3.8494599999999997
3.9732700000000003
4.0949599999999995
4.214650000000001
4.33144
4.44631
4.55824
4.66792
4.774579999999999
4.878979999999999
4.98006
5.07874
5.17406
5.26671
5.35598
5.44227
5.5251
5.60451
5.68082
5.75331
5.8223199999999995
5.8874
5.94892
6.00614
6.05944
6.10842
6.15327
6.19353
6.22943
6.26087
6.288
6.31131
6.33116
6.34836
6.36351
6.37709
6.38957
6.4012
6.41181
6.42238
6.43237
6.44201
6.451239999999999
6.46025
6.4688799999999995
6.47734
6.48562
6.49357
6.50154
6.5092300000000005
6.5168
6.5241999999999996
6.5315199999999995
6.5388
6.54594

Vgs: 6.5
-0.000294881
0.173374
0.345642
0.5165150000000001
0.6863079999999999
0.854824
1.02322
1.18933
1.3540500000000002
1.51746
1.67954
1.84037
2.0
2.15828
2.31534
2.47104
2.62543
2.77836
2.92984
3.0798200000000002
3.22825
3.37378
3.51945
3.66255
3.80457
3.94426
4.08252
4.218310000000001
4.352189999999999
4.4844100000000005
4.61402
4.74192
4.86712
4.99037
5.11093
5.22947
5.345059999999999
5.4585
5.56893
5.67711
5.78211
5.88467
5.98407
6.08037
6.17412
6.2645
6.35192
6.43581
6.51666
6.593769999999999
6.66766
6.73766
6.80429
6.8668499999999995
6.92568
6.9803299999999995
7.03082
7.07729
7.11937
7.15717
7.19048
7.21978
7.245019999999999
7.26679
7.285640000000001
7.30227
7.31705
7.3304800000000006
7.343
7.35476
7.36584
7.37636
7.38648
7.39616
7.40554
7.41462
7.42344
7.43198
7.44022
7.4484
7.456370000000001

Vgs: 7.0
-0.000318111
0.179461
0.35794499999999996
0.535189
0.7115020000000001
0.886638
1.0617999999999999
1.2349999999999999
1.4067999999999998
1.5773899999999998
1.7469199999999998
1.9153900000000001
2.08272
2.24901
2.41422
2.57829
2.74124
2.90293
3.0634799999999998
3.22262
3.38041
3.53544
3.6908499999999997
3.84411
3.99635
4.14649
4.295389999999999
4.442060000000001
4.58705
4.730589999999999
4.87167
5.01145
5.148619999999999
5.28412
5.4171000000000005
5.54837
5.676839999999999
5.8034799999999995
5.9274000000000004
6.04934
6.16835
6.28524
6.39921
6.5104500000000005
6.61941
6.72534
6.82862
6.92882
7.02637
7.12049
7.21193
7.29985
7.38483
7.466279999999999
7.54462
7.61914
7.69011
7.75773
7.821289999999999
7.881290000000001
7.937150000000001
7.98918
8.03683
8.080459999999999
8.11978
8.15491
8.18577
8.212860000000001
8.236320000000001
8.25675
8.27465
8.290519999999999
8.30501
8.318290000000001
8.33064
8.34238
8.35346
8.36402
8.3741
8.38382
8.39327

Vgs: 7.5
-0.000323599
0.184978
0.369133
0.55216
0.7343700000000001
0.915536
1.09701
1.27635
1.45471
1.6319
1.8082
1.9835999999999998
2.15818
2.3317799999999997
2.5044899999999997
2.67634
2.84716
3.01689
3.18567
3.3533
3.51983
3.68364
3.84808
4.0105699999999995
4.17221
4.33189
4.49057
4.64727
4.802309999999999
4.956160000000001
5.10783
5.25836
5.40641
5.553050000000001
5.6974
5.8402899999999995
5.98051
6.11919
6.255199999999999
6.38959
6.52119
6.651009999999999
6.778099999999999
6.90273
7.0253499999999995
7.14509
7.26258
7.37717
7.48955
7.598739999999999
7.70554
7.80915
7.910220000000001
8.00798
8.10314
8.19482
8.28333
8.369029999999999
8.45111
8.53011
8.605369999999999
8.67745
8.745579999999999
8.81032
8.871
8.92808
8.980979999999999
9.03
9.0748
9.11559
9.15212
9.184579999999999
9.213270000000001
9.23833
9.260259999999999
9.27946
9.29659
9.31193
9.32609
9.33904
9.351329999999999

Vgs: 8.0
-0.000339806
0.190115
0.379587
0.5680299999999999
0.755652
0.942372
1.12969
1.31464
1.49885
1.6822
1.86473
2.04656
2.22771
2.4080299999999997
2.58766
2.76653
2.94465
3.1218
3.29813
3.4735500000000004
3.6478800000000002
3.8197
3.9924799999999996
4.16338
4.33364
4.5021
4.66973
4.83547
4.99983
5.16326
5.3244
5.48475
5.64278
5.79952
5.954219999999999
6.107600000000001
6.2586200000000005
6.4081399999999995
6.55525
6.7008600000000005
6.84401
6.98555
7.12448
7.26112
7.39617
7.52838
7.65862
7.78618
7.91182
8.034460000000001
8.154979999999998
8.2725
8.38781
8.50013
8.610059999999999
8.71689
8.82076
8.92224
9.02033
9.11579
9.20777
9.297039999999999
9.38269
9.46551
9.54468
9.620709999999999
9.69307
9.76202
9.8271
9.88875
9.946399999999999
9.99935
10.049199999999999
10.0952
10.1371
10.174900000000001
10.2089
10.2388
10.2653
10.2885
10.309000000000001
