Vgs range: 0,8,0.1
Vds range: 0,8,0.5

Vgs: 0.0
-3.2664800000000003e-06
-3.58672e-06
-3.3223900000000003e-06
-3.22302e-06
-3.61158e-06
-3.6115199999999998e-06
-3.34725e-06
-3.83527e-06
-3.71098e-06
-3.44666e-06
-3.5058499999999996e-06
-3.90982e-06
-3.56539e-06
-3.5958e-06
-3.83525e-06
-3.86008e-06
-3.52125e-06
-3.88496e-06
-3.88495e-06
-3.67921e-06
-3.52125e-06
-3.8104e-06
-3.90976e-06
-3.59581e-06
-3.88496e-06
-3.88496e-06
-3.72083e-06
-3.57098e-06
-3.8601e-06
-3.83521e-06
-3.59579e-06
-3.8104e-06
-3.98436e-06
-3.44667e-06
-3.57101e-06
-3.83525e-06
-3.5976199999999998e-06
-3.57095e-06
-3.98437e-06
-3.884939999999999e-06
-3.62066e-06
-3.58465e-06
-4.00922e-06
-3.5709400000000002e-06
-3.67038e-06
-3.8601e-06
-4.03404e-06
-3.4963900000000002e-06
-4.00922e-06
-3.8352399999999996e-06
-3.69522e-06
-3.52124e-06
-4.00923e-06
-3.9346500000000005e-06
-3.6455100000000004e-06
-3.93466e-06
-3.88496e-06
-3.56832e-06
-3.64552e-06
-3.93467e-06
-3.884939999999999e-06
-3.6455100000000004e-06
-3.6831e-06
-3.90981e-06
-3.67092e-06
-3.62066e-06
-3.90982e-06
-3.95951e-06
-3.5709300000000004e-06
-3.64556e-06
-3.95951e-06
-3.9346e-06
-3.64552e-06
-3.95953e-06
-3.88496e-06
-3.62065e-06
-3.571e-06
-3.83525e-06
-3.95949e-06
-3.7200699999999998e-06
-3.98439e-06

Vgs: 0.5
0.000429156
0.000427618
0.000431494
0.00043772399999999996
0.00047711199999999997
0.000701215
0.00090271
0.0013799399999999999
0.0023197699999999996
0.00585058
0.00758573
0.0105153
0.012619700000000001
0.015356799999999999
0.0215335
0.0308225
0.0335159
0.035277300000000004
0.0374433
0.039527200000000005
0.0414915
0.0436794
0.0458965
0.0477594
0.0513749
0.056634
0.057401
0.0582245
0.059240799999999996
0.0604261
0.0616272
0.0628379
0.0639171
0.0651418
0.06619979999999999
0.0674326
0.0718302
0.0723753
0.07349359999999999
0.0745505
0.07615250000000001
0.0786649
0.0791288
0.0798841
0.0804233
0.0810495
0.0817466
0.0829519
0.0849452
0.0856572
0.0867666
0.08721430000000001
0.08771749999999999
0.0882946
0.0889003
0.0895936
0.0902161
0.09079100000000001
0.09129609999999999
0.0918269
0.0923423
0.0942083
0.0951702
0.09560679999999999
0.0964566
0.0967373
0.0970786
0.0974395
0.0978626
0.0982209
0.09863440000000001
0.09880950000000001
0.0991648
0.0999924
0.0999747
0.0999621
0.0999215
0.0998926
0.102625
0.103822
0.104811

Vgs: 1.0
0.000554542
0.000561131
0.0005681740000000001
0.000578897
0.000610241
0.000720402
0.00148128
0.00384142
0.00404249
0.00625341
0.00899851
0.0145705
0.0183045
0.0229674
0.027996300000000002
0.034283299999999996
0.047538
0.0469302
0.047048400000000004
0.0469959
0.047184500000000004
0.047327799999999996
0.047164199999999996
0.061089500000000005
0.08913130000000001
0.098114
0.105985
0.118424
0.129668
0.132476
0.138059
0.142903
0.14959199999999997
0.153118
0.154604
0.15722
0.15992
0.165486
0.17191700000000001
0.173198
0.177391
0.180218
0.185198
0.186529
0.190284
0.19325399999999998
0.19437
0.198017
0.199428
0.200934
0.203605
0.205265
0.20701899999999998
0.208822
0.210584
0.212864
0.215013
0.217161
0.219664
0.22124
0.222919
0.22467900000000002
0.22641999999999998
0.229311
0.233592
0.23458600000000002
0.235919
0.23710699999999998
0.23833400000000002
0.239673
0.241035
0.24591499999999997
0.247924
0.24828799999999998
0.249005
0.250107
0.254531
0.25496399999999997
0.256
0.25724899999999995
0.258125

Vgs: 1.5
0.000786357
0.0007848590000000001
0.000799392
0.000839996
0.00109959
0.00144643
0.0020019599999999997
0.0030363200000000003
0.00535122
0.0081598
0.013183199999999999
0.0229043
0.027046499999999998
0.0376593
0.046002299999999996
0.0542218
0.0643049
0.07407140000000001
0.0862616
0.0883961
0.0901873
0.0920138
0.0892027
0.087976
0.087466
0.08430140000000001
0.150858
0.165988
0.177271
0.189547
0.19737500000000002
0.212714
0.21605300000000002
0.226473
0.233463
0.24104599999999998
0.25052100000000005
0.254588
0.260521
0.265017
0.26964
0.274421
0.27957699999999996
0.28484099999999996
0.289044
0.298411
0.301472
0.304964
0.308916
0.312585
0.316579
0.320298
0.324569
0.327915
0.331162
0.334304
0.338817
0.350255
0.352418
0.35543199999999997
0.35849
0.36087800000000003
0.363589
0.36651
0.369248
0.37180399999999997
0.375463
0.38458200000000003
0.38611500000000004
0.391247
0.393674
0.395044
0.399458
0.401125
0.402961
0.404768
0.406863
0.40904999999999997
0.410911
0.413771
0.415576

Vgs: 2.0
0.00110305
0.00110811
0.0011256600000000001
0.0011514300000000002
0.00122954
0.001398
0.00207477
0.00345417
0.00456927
0.0123357
0.0118654
0.0150345
0.0189003
0.0241251
0.031534900000000005
0.0394047
0.0487417
0.0616811
0.07640430000000001
0.0853129
0.12126899999999999
0.12619
0.137311
0.147443
0.168834
0.176504
0.18574100000000002
0.206466
0.21846
0.236699
0.252672
0.264206
0.274741
0.286905
0.292692
0.302505
0.30812500000000004
0.31594
0.324458
0.327694
0.338604
0.343858
0.338425
0.333279
0.33593300000000004
0.329726
0.35029800000000005
0.380512
0.401646
0.408636
0.418623
0.425557
0.439046
0.447241
0.45568200000000003
0.458304
0.461807
0.465864
0.470737
0.479572
0.49065600000000004
0.49245500000000003
0.49981099999999995
0.506469
0.5044649999999999
0.515587
0.521642
0.52512
0.530045
0.5346110000000001
0.535488
0.538778
0.5425220000000001
0.546731
0.555182
0.5592849999999999
0.562646
0.566997
0.568605
0.574585
0.579464

Vgs: 2.5
0.00151542
0.0015129599999999998
0.0015325
0.0016269000000000001
0.0017572900000000001
0.00180651
0.0021634700000000002
0.00289959
0.00411841
0.00669657
0.009521070000000001
0.0159248
0.0274458
0.036467
0.0468432
0.0514175
0.0733204
0.07576859999999999
0.08760530000000001
0.093093
0.110672
0.126294
0.136248
0.149997
0.144484
0.15285200000000002
0.154014
0.149341
0.15781399999999998
0.197609
0.258649
0.277674
0.316967
0.328544
0.341698
0.361354
0.376389
0.379624
0.38888
0.39712
0.410439
0.425182
0.447747
0.452453
0.459801
0.462967
0.473323
0.493071
0.49991300000000005
0.508492
0.520884
0.5386920000000001
0.548098
0.546808
0.5529219999999999
0.5678289999999999
0.576318
0.582705
0.5924529999999999
0.595587
0.600283
0.6137440000000001
0.622804
0.627486
0.631197
0.642808
0.643528
0.647543
0.655203
0.6603340000000001
0.668381
0.683536
0.690662
0.692717
0.69546
0.6989799999999999
0.703008
0.7070730000000001
0.710768
0.71481
0.7207169999999999

Vgs: 3.0
0.00203761
0.00205537
0.0020754999999999997
0.00225973
0.00230605
0.00253599
0.00329891
0.00430025
0.00913629
0.011204599999999999
0.0187151
0.0257353
0.033266699999999996
0.0344791
0.042880100000000004
0.051122
0.0612491
0.07379920000000001
0.0843922
0.099276
0.122018
0.140626
0.152603
0.16886900000000002
0.18068199999999998
0.18762600000000001
0.20277399999999998
0.219973
0.23679699999999998
0.25399299999999997
0.271899
0.29107299999999997
0.309611
0.34503399999999995
0.35096299999999997
0.36577099999999996
0.3896
0.40541699999999997
0.422373
0.441146
0.454393
0.472646
0.487039
0.500425
0.514208
0.5334409999999999
0.5532309999999999
0.560306
0.573038
0.585946
0.5996009999999999
0.610519
0.621528
0.6327219999999999
0.6433030000000001
0.66194
0.675904
0.681261
0.692878
0.7012010000000001
0.709796
0.718004
0.729321
0.7369479999999999
0.745203
0.755057
0.7636360000000001
0.772112
0.78115
0.789693
0.798253
0.806373
0.816154
0.817734
0.81888
0.8190759999999999
0.818222
0.81814
0.818002
0.817269
0.834047

Vgs: 3.5
0.00266192
0.00267019
0.00271187
0.00276597
0.00291681
0.0034301099999999997
0.00438446
0.0068658999999999994
0.00896206
0.0155333
0.0198061
0.028505700000000002
0.035092899999999996
0.0444781
0.0529677
0.063803
0.0752168
0.0880533
0.105639
0.114442
0.13025
0.14867999999999998
0.15439499999999998
0.178185
0.193122
0.212149
0.22425900000000001
0.243923
0.261776
0.279627
0.30212300000000003
0.32725400000000004
0.328671
0.356192
0.36734
0.389284
0.406874
0.427873
0.44589199999999996
0.462522
0.480346
0.497621
0.519066
0.546585
0.557975
0.5792240000000001
0.600139
0.612979
0.627136
0.6466259999999999
0.661119
0.675306
0.693308
0.70727
0.719062
0.741771
0.7535810000000001
0.7650619999999999
0.776624
0.7896070000000001
0.801315
0.8115680000000001
0.824073
0.836699
0.8491920000000001
0.8601719999999999
0.871035
0.881794
0.891671
0.902998
0.914254
0.923689
0.9359350000000001
0.944678
0.9536
0.9636910000000001
0.97039
0.9785799999999999
0.9873779999999999
0.997078
1.0086

Vgs: 4.0
0.0033696100000000003
0.0033675800000000002
0.0034357
0.00348109
0.00367301
0.00392049
0.00456222
0.00642095
0.0125045
0.0124212
0.0204166
0.0256786
0.0357635
0.046777299999999994
0.054868
0.06821490000000001
0.0748901
0.0828994
0.100271
0.10977200000000001
0.125795
0.13368200000000002
0.14773999999999998
0.160696
0.177231
0.192432
0.209479
0.232687
0.25500300000000004
0.27043
0.284956
0.30289
0.32103200000000004
0.33993199999999996
0.368756
0.384882
0.400538
0.42695
0.447001
0.46885699999999997
0.4999549999999999
0.520281
0.529885
0.5596099999999999
0.577718
0.597302
0.618086
0.6419699999999999
0.683025
0.686874
0.717703
0.727352
0.752069
0.767677
0.783744
0.795523
0.823543
0.835014
0.850516
0.866391
0.884417
0.896092
0.907571
0.925067
0.942808
0.953855
0.971781
0.982484
0.992436
1.01108
1.0197100000000001
1.03096
1.04347
1.05838
1.06815
1.0784799999999999
1.0890900000000001
1.1018899999999998
1.10939
1.12279
1.13432

Vgs: 4.5
0.0041515
0.004156770000000001
0.004253799999999999
0.00437136
0.00470847
0.005500069999999999
0.00704926
0.00953153
0.0144343
0.0185875
0.0242186
0.031379199999999996
0.0387073
0.0488735
0.05812
0.0689357
0.08062749999999999
0.0925536
0.109204
0.120388
0.13497699999999999
0.137406
0.13671
0.137412
0.13743499999999997
0.13742600000000002
0.135819
0.137438
0.204098
0.286288
0.307407
0.32314699999999996
0.345678
0.365204
0.385707
0.406854
0.428669
0.44737899999999997
0.47169900000000003
0.495867
0.5176160000000001
0.538141
0.5639770000000001
0.5862769999999999
0.61043
0.633526
0.658571
0.683335
0.705135
0.730819
0.753793
0.773957
0.7988729999999999
0.818966
0.8423470000000001
0.861387
0.8817579999999999
0.9010630000000001
0.9213830000000001
0.9425199999999999
0.9604560000000001
0.9774639999999999
0.996078
1.0179799999999999
1.0316100000000001
1.0481500000000001
1.06403
1.0799500000000002
1.09398
1.10903
1.12381
1.1396600000000001
1.15394
1.1676099999999998
1.1695099999999998
1.16993
1.16944
1.1695200000000001
1.16976
1.16933
1.17018

Vgs: 5.0
0.00495205
0.00495955
0.0050749
0.00522474
0.00556803
0.00641886
0.00795785
0.0114978
0.0148984
0.0200229
0.0263182
0.0336049
0.0416952
0.0508337
0.060918999999999994
0.07202170000000001
0.0836686
0.09587200000000001
0.111475
0.12269200000000001
0.13771899999999998
0.152578
0.167869
0.184059
0.200387
0.218045
0.23540599999999998
0.25389199999999995
0.27229000000000003
0.291201
0.31096599999999996
0.330822
0.351022
0.371643
0.392063
0.41401699999999997
0.435467
0.45754
0.47960800000000003
0.499785
0.5213
0.548106
0.572109
0.595321
0.619286
0.6436729999999999
0.667375
0.692192
0.7164060000000001
0.741335
0.766386
0.791228
0.815945
0.840646
0.865452
0.889952
0.913514
0.937514
0.960672
0.9828210000000001
1.01081
1.0283499999999999
1.04987
1.07025
1.09043
1.1106099999999999
1.1293
1.14904
1.16645
1.18469
1.20225
1.2196
1.23407
1.25278
1.26922
1.28502
1.30051
1.31347
1.33073
1.34537
1.35831

Vgs: 5.5
0.00579911
0.00580721
0.0059456299999999995
0.006102379999999999
0.0064833899999999995
0.00738963
0.00919897
0.0126142
0.015953000000000002
0.0213065
0.0276529
0.0350198
0.043254
0.0526429
0.0628733
0.073749
0.0855789
0.09791760000000001
0.113564
0.124881
0.139649
0.154701
0.167849
0.186272
0.203231
0.22048
0.238725
0.254617
0.27499799999999996
0.293358
0.31397800000000003
0.334091
0.354322
0.37515699999999996
0.395808
0.417876
0.43942200000000003
0.46177799999999997
0.4837
0.506524
0.5297890000000001
0.552883
0.5770919999999999
0.600607
0.6251540000000001
0.649004
0.6734370000000001
0.6986899999999999
0.7233069999999999
0.748861
0.775071
0.799213
0.825336
0.850793
0.877477
0.902907
0.928439
0.954821
0.9804609999999999
1.01243
1.03053
1.05797
1.0809000000000002
1.1067200000000001
1.13081
1.1543700000000001
1.17658
1.19945
1.22078
1.2408899999999998
1.26288
1.2833700000000001
1.30182
1.32302
1.34174
1.3607
1.37842
1.39662
1.41402
1.43137
1.44815

Vgs: 6.0
0.00668867
0.00669708
0.006845250000000001
0.00702996
0.00743012
0.008369680000000001
0.0105669
0.0130978
0.017259
0.0225767
0.028945199999999997
0.0364744
0.0448731
0.0542885
0.06479929999999999
0.0757487
0.0875281
0.102378
0.11354900000000001
0.127187
0.141848
0.157022
0.172792
0.187684
0.20597500000000002
0.223259
0.241761
0.25944500000000004
0.27802099999999996
0.297216
0.317096
0.337708
0.357639
0.378215
0.399617
0.421288
0.443705
0.462935
0.48757
0.51057
0.534128
0.557206
0.581919
0.605462
0.6296379999999999
0.6543640000000001
0.678898
0.7041029999999999
0.729712
0.754801
0.78061
0.785054
0.785149
0.785212
0.785241
0.785243
0.785284
0.785292
0.897414
1.0244
1.04755
1.07317
1.10041
1.12704
1.1535499999999999
1.18127
1.2060199999999999
1.23164
1.2569000000000001
1.28185
1.30558
1.32674
1.35265
1.37561
1.3978199999999998
1.41942
1.4404000000000001
1.46145
1.4819099999999998
1.50201
1.52158

Vgs: 6.5
0.00760696
0.007617489999999999
0.007781779999999999
0.00798729
0.00839631
0.00938233
0.0116545
0.0142191
0.0184773
0.0239053
0.030416000000000002
0.038154400000000005
0.046472
0.0554669
0.0662982
0.0776964
0.0898378
0.10470499999999999
0.116255
0.12972099999999998
0.14453
0.15983
0.17586
0.191837
0.208832
0.226396
0.24396500000000002
0.262962
0.281389
0.300827
0.320602
0.340611
0.36121200000000003
0.38178700000000004
0.403078
0.424946
0.446797
0.469256
0.491596
0.514736
0.5349820000000001
0.561612
0.585625
0.609734
0.634651
0.658828
0.68355
0.709051
0.734306
0.7604029999999999
0.786678
0.8116310000000001
0.8372069999999999
0.864457
0.893274
0.91867
0.94503
0.969112
1.00566
1.02844
1.05395
1.0804099999999999
1.11063
1.1382
1.16628
1.19398
1.22138
1.2475100000000001
1.27701
1.3042799999999999
1.3313400000000002
1.3576000000000001
1.38439
1.41059
1.4367500000000002
1.46114
1.48546
1.51013
1.5338100000000001
1.5531
1.57846

Vgs: 7.0
0.00854495
0.00855509
0.00873307
0.00893433
0.00933793
0.0105856
0.012142499999999999
0.0156343
0.019191800000000002
0.0251687
0.0311761
0.038623700000000004
0.048223499999999996
0.0571284
0.0670491
0.0787907
0.08712199999999999
0.0997759
0.117143
0.129289
0.145729
0.16101900000000002
0.174862
0.19300099999999998
0.211118
0.229937
0.246309
0.263853
0.284222
0.302236
0.32149
0.343897
0.362894
0.382905
0.40635699999999997
0.427635
0.449615
0.471253
0.494152
0.5156409999999999
0.534914
0.5647869999999999
0.5850789999999999
0.611266
0.635347
0.660884
0.68538
0.710192
0.733537
0.761154
0.785856
0.81231
0.838277
0.8624569999999999
0.8917849999999999
0.924185
0.946248
0.9737129999999999
1.01014
1.02867
1.05518
1.08629
1.1132
1.1415
1.17449
1.1972
1.23145
1.2507499999999998
1.27936
1.31249
1.3448799999999999
1.37077
1.39887
1.42592
1.4521300000000001
1.46688
1.49689
1.52052
1.55264
1.57827
1.60765

Vgs: 7.5
0.00949932
0.00952168
0.00968036
0.00989614
0.0104347
0.0110852
0.0132957
0.015996200000000002
0.0204617
0.025927000000000002
0.033787700000000004
0.0402552
0.048979800000000004
0.059049000000000004
0.06940299999999999
0.0812054
0.0943478
0.110722
0.12045
0.135962
0.15073699999999998
0.166962
0.182447
0.197364
0.21624200000000002
0.234403
0.25149
0.271125
0.28984699999999997
0.309126
0.329121
0.349987
0.37008800000000003
0.388464
0.412028
0.43163799999999997
0.45569099999999996
0.478127
0.500458
0.521373
0.544891
0.567369
0.5945790000000001
0.618858
0.6431870000000001
0.664926
0.6926910000000001
0.7161379999999999
0.740691
0.769923
0.7932100000000001
0.8189960000000001
0.8464320000000001
0.8722880000000001
0.8983669999999999
0.925608
0.955983
0.983938
1.0179799999999999
1.03832
1.06509
1.0924699999999998
1.1241400000000001
1.15135
1.1820000000000002
1.20664
1.23896
1.26857
1.29678
1.32302
1.35509
1.38385
1.4134
1.44232
1.47157
1.49671
1.52943
1.5559
1.58721
1.61314
1.64442

Vgs: 8.0
0.0105212
0.0105187
0.010689800000000001
0.0108637
0.011419299999999999
0.0123512
0.0146608
0.015745099999999998
0.022172
0.0276208
0.0346985
0.041789599999999996
0.0515073
0.061553
0.07163080000000001
0.0844598
0.0964543
0.113923
0.121217
0.139638
0.15232500000000002
0.16827699999999998
0.18548499999999998
0.20224699999999998
0.218162
0.23671599999999998
0.255264
0.274401
0.29121600000000003
0.31589900000000004
0.332671
0.353157
0.374735
0.397118
0.41492900000000005
0.44087
0.459175
0.481642
0.503028
0.526428
0.545363
0.570091
0.597132
0.618329
0.6430319999999999
0.667303
0.696315
0.711459
0.747014
0.769916
0.793339
0.824522
0.8526919999999999
0.8794080000000001
0.905286
0.9313359999999999
0.9615859999999999
0.9861080000000001
1.02252
1.04696
1.0747
1.09772
1.13055
1.15686
1.1898799999999998
1.21188
1.24647
1.27195
1.30159
1.33263
1.3635599999999999
1.37999
1.42183
1.4464000000000001
1.47594
1.5048
1.53776
1.5684900000000002
1.59752
1.62503
1.65994
