Vgs range: 0,8,0.1
Vds range: 0,8,0.5

Vgs: 0.0
-3.28861e-06
-3.2637299999999998e-06
-2.94966e-06
-2.94967e-06
-3.23888e-06
-3.3133599999999996e-06
-2.94967e-06
-3.31346e-06
-3.31344e-06
-3.04906e-06
-3.0581900000000004e-06
-3.51228e-06
-3.22415e-06
-3.12366e-06
-3.56192e-06
-3.43763e-06
-3.12358e-06
-3.34562e-06
-3.58677e-06
-3.26314e-06
-3.27271e-06
-3.58678e-06
-3.5867600000000003e-06
-3.2975599999999997e-06
-3.53708e-06
-3.5122e-06
-3.0986900000000002e-06
-3.1733e-06
-3.51221e-06
-3.23721e-06
-3.1981399999999998e-06
-3.48736e-06
-3.56191e-06
-3.19813e-06
-3.2691800000000003e-06
-3.56192e-06
-3.24784e-06
-3.17331e-06
-3.51222e-06
-3.5121800000000003e-06
-3.27269e-06
-3.51221e-06
-3.63647e-06
-3.29754e-06
-3.34731e-06
-3.53707e-06
-3.2425800000000004e-06
-3.19815e-06
-3.56192e-06
-3.53703e-06
-3.2727e-06
-3.6364799999999997e-06
-3.6364799999999997e-06
-3.2727e-06
-3.29757e-06
-3.56193e-06
-3.58674e-06
-3.22299e-06
-3.53707e-06
-3.6861800000000003e-06
-3.29755e-06
-3.1733e-06
-3.63649e-06
-3.61158e-06
-3.22299e-06
-3.58678e-06
-3.63647e-06
-3.27269e-06
-3.42183e-06
-3.63649e-06
-3.58674e-06
-3.44668e-06
-3.6862e-06
-3.61162e-06
-3.3224e-06
-3.2975800000000003e-06
-3.61163e-06
-3.40132e-06
-3.24784e-06
-3.58678e-06
-3.68617e-06

Vgs: 0.5
0.00044632900000000003
0.00044813
0.00046584100000000004
0.00048725699999999995
0.000571743
0.000834845
0.0016343899999999999
0.00295185
0.00502787
0.008588690000000001
0.012927300000000001
0.0165056
0.0208232
0.0250521
0.0289776
0.0324117
0.0357012
0.038704
0.0415546
0.0440682
0.046554000000000005
0.0488799
0.0510048
0.053010499999999995
0.0550212
0.0568829
0.0586285
0.060343999999999995
0.0619492
0.06351989999999999
0.06504919999999999
0.06645899999999999
0.06786779999999999
0.06809309999999999
0.06808829999999999
0.0681083
0.0681098
0.0680945
0.0680868
0.07240419999999999
0.0773394
0.078516
0.0794691
0.0804724
0.08145089999999999
0.0823901
0.08327409999999999
0.0841763
0.0850712
0.0859091
0.0867319
0.0875364
0.0883258
0.0890805
0.0898651
0.0906145
0.0913293
0.09203940000000001
0.0927062
0.0934057
0.0940583
0.0946486
0.0953003
0.0959226
0.0965197
0.0971247
0.0976968
0.09827910000000001
0.0988335
0.09938530000000001
0.0999458
0.100555
0.100971
0.10149000000000001
0.102005
0.102467
0.102923
0.103385
0.103841
0.10428499999999999
0.104755

Vgs: 1.0
0.000576239
0.000577301
0.000596307
0.000631396
0.000722746
0.0011255
0.00181346
0.00346166
0.006214379999999999
0.010472899999999999
0.0143956
0.0203634
0.0270204
0.0346587
0.042999800000000005
0.0513713
0.0598213
0.0676948
0.07547870000000001
0.0828423
0.0896076
0.096128
0.10329400000000001
0.10807
0.11345699999999999
0.118895
0.123964
0.128796
0.13329999999999997
0.137843
0.142183
0.146256
0.150216
0.154135
0.15782000000000002
0.161488
0.164907
0.168371
0.171583
0.174825
0.177959
0.180973
0.183996
0.186839
0.189757
0.192413
0.195134
0.197679
0.200262
0.202778
0.205177
0.20760599999999998
0.20986600000000002
0.21214699999999997
0.214358
0.21654500000000002
0.218643
0.220774
0.22279200000000002
0.224825
0.22686599999999998
0.228703
0.23061600000000002
0.232468
0.23436600000000002
0.23608
0.23782799999999998
0.23955800000000002
0.241199
0.242849
0.24433099999999996
0.24604800000000002
0.247661
0.249115
0.250589
0.25206
0.253503
0.254884
0.256263
0.257872
0.258936

Vgs: 1.5
0.000797835
0.00079858
0.000828614
0.000871608
0.000990718
0.0014745499999999998
0.00228968
0.00421428
0.00718746
0.0117882
0.0161613
0.0223559
0.029196700000000003
0.037563
0.046398299999999996
0.056270999999999995
0.0667548
0.07777909999999999
0.0888365
0.10330700000000001
0.113263
0.124747
0.135682
0.146525
0.1565
0.166304
0.175412
0.18424300000000002
0.19286699999999998
0.200883
0.208877
0.216308
0.223699
0.23063399999999998
0.237382
0.244097
0.250398
0.256524
0.262478
0.268378
0.274029
0.279438
0.284783
0.289995
0.29507999999999995
0.299354
0.304778
0.30955499999999997
0.314206
0.318641
0.323075
0.327374
0.331494
0.335544
0.339683
0.343548
0.34736
0.351143
0.354787
0.358493
0.362003
0.36539
0.368902
0.372174
0.375392
0.378611
0.38171299999999997
0.384849
0.387666
0.390847
0.393704
0.396524
0.399312
0.402096
0.404857
0.407363
0.40989200000000003
0.412487
0.414937
0.417381
0.419772

Vgs: 2.0
0.00112766
0.0011334499999999998
0.00116517
0.00121803
0.00136322
0.00186402
0.00295912
0.00497973
0.00809476
0.0130666
0.0176814
0.024080400000000002
0.0314278
0.0398415
0.0491064
0.059286700000000005
0.0701203
0.0802022
0.0939374
0.10892099999999999
0.120102
0.133247
0.14835700000000002
0.16275299999999998
0.177785
0.192185
0.20617000000000002
0.219895
0.232854
0.245527
0.25774
0.269487
0.280792
0.291587
0.30212700000000003
0.312157
0.32189300000000004
0.331368
0.34039200000000003
0.34924499999999997
0.35712299999999997
0.36637699999999995
0.374549
0.382519
0.390183
0.397717
0.404882
0.412251
0.41920599999999997
0.425976
0.432597
0.43904099999999996
0.445374
0.451623
0.45761100000000005
0.463593
0.469316
0.475036
0.480726
0.48607700000000004
0.49135
0.496542
0.50175
0.506472
0.511686
0.516566
0.521142
0.525803
0.530339
0.5347550000000001
0.539146
0.543399
0.5476
0.5517099999999999
0.555789
0.559777
0.563595
0.567453
0.571167
0.574852
0.5784619999999999

Vgs: 2.5
0.00155226
0.0015531100000000001
0.0016042799999999998
0.00165902
0.00183583
0.00239359
0.00357747
0.005785640000000001
0.00918137
0.0144437
0.019193400000000003
0.0260835
0.0335496
0.0422668
0.051632199999999996
0.0621138
0.0729943
0.0848496
0.09745039999999999
0.11282500000000001
0.12427599999999998
0.13851
0.153503
0.168488
0.184325
0.200857
0.217084
0.234135
0.250954
0.26792299999999997
0.284944
0.301451
0.31683500000000003
0.33217199999999997
0.346886
0.36174
0.375165
0.3886
0.401428
0.414286
0.425463
0.437768
0.449405
0.460354
0.471335
0.481846
0.49173100000000003
0.501946
0.511404
0.521104
0.5301060000000001
0.53908
0.5479080000000001
0.556343
0.564981
0.572997
0.580898
0.588861
0.596645
0.6034649999999999
0.611402
0.618526
0.626679
0.632697
0.63939
0.645967
0.652324
0.658857
0.660065
0.660099
0.6601779999999999
0.660224
0.660262
0.660311
0.660324
0.6804600000000001
0.709566
0.716005
0.7211160000000001
0.726265
0.731168

Vgs: 3.0
0.00208421
0.0020876000000000002
0.00214379
0.00222688
0.00243877
0.00305428
0.00441936
0.00684873
0.011039
0.0150317
0.020857300000000002
0.0276847
0.035694500000000004
0.044342599999999996
0.0538236
0.0644596
0.0756463
0.0874876
0.10258300000000001
0.11361700000000001
0.12748600000000002
0.142051
0.157241
0.17271699999999998
0.188636
0.205542
0.221442
0.23998
0.257655
0.275747
0.294514
0.313873
0.332719
0.351178
0.369963
0.389466
0.407017
0.424938
0.441947
0.458622
0.473431
0.49052799999999996
0.506018
0.520699
0.534994
0.5490010000000001
0.562354
0.575685
0.5882809999999999
0.60109
0.613127
0.624959
0.636682
0.64768
0.659163
0.6696690000000001
0.680191
0.690493
0.7005060000000001
0.710283
0.719976
0.7292649999999999
0.738583
0.747517
0.756489
0.76518
0.773517
0.78203
0.7834479999999999
0.783521
0.7836040000000001
0.783657
0.783759
0.783744
0.7837919999999999
0.80919
0.8478990000000001
0.856573
0.863217
0.869883
0.876305

Vgs: 3.5
0.00271128
0.00271813
0.00279066
0.0028861900000000003
0.00314355
0.00384548
0.0053565999999999996
0.00786796
0.0122401
0.016354999999999998
0.022291500000000002
0.0293023
0.0371337
0.0464052
0.0557345
0.0665478
0.0780458
0.08967399999999999
0.105027
0.116011
0.130643
0.144548
0.160245
0.175678
0.192055
0.209113
0.226949
0.244363
0.261967
0.280814
0.299751
0.319125
0.33867800000000003
0.35839699999999997
0.37859200000000004
0.399417
0.419835
0.440739
0.461234
0.48181199999999996
0.502278
0.5228299999999999
0.5418550000000001
0.561044
0.5791540000000001
0.597094
0.61432
0.6313420000000001
0.6476090000000001
0.663073
0.679364
0.694552
0.709209
0.723543
0.7380359999999999
0.751399
0.764554
0.7779459999999999
0.790368
0.803058
0.815208
0.827243
0.8387619999999999
0.849229
0.861502
0.872349
0.882883
0.893487
0.90367
0.9138959999999999
0.9236920000000001
0.933632
0.9429249999999999
0.952252
0.961314
0.970251
0.979036
0.9863310000000001
0.995975
1.00724
1.01407

Vgs: 4.0
0.00342905
0.0034315500000000002
0.0035174
0.0036378300000000003
0.0039215100000000004
0.0046653
0.0062322
0.008867429999999999
0.013348200000000001
0.017558300000000002
0.0236594
0.0308501
0.038634199999999994
0.047749900000000005
0.0578078
0.0683368
0.0797928
0.0917134
0.107185
0.118373
0.132638
0.147427
0.162851
0.178587
0.19509200000000002
0.21218199999999998
0.229632
0.24759899999999999
0.265636
0.284483
0.301911
0.32341800000000004
0.34422400000000003
0.363418
0.38413400000000003
0.405096
0.426971
0.44833900000000004
0.469276
0.49131100000000005
0.513959
0.536482
0.5582389999999999
0.580874
0.601614
0.624404
0.645699
0.66689
0.6871750000000001
0.707375
0.727074
0.745323
0.764609
0.782126
0.7999689999999999
0.8167199999999999
0.8328949999999999
0.849492
0.852271
0.852391
0.852467
0.852487
0.852576
0.852613
0.8526
0.901896
0.976262
0.9923040000000001
1.00858
1.01877
1.0310199999999998
1.04278
1.05485
1.06574
1.07706
1.0882800000000001
1.09867
1.1095199999999998
1.1114
1.1115700000000002
1.11168

Vgs: 4.5
0.004197869999999999
0.0042041000000000005
0.00430439
0.00444164
0.00475624
0.00554063
0.00721342
0.00988315
0.014475400000000001
0.018772
0.0249221
0.032209299999999996
0.040151
0.0496485
0.0593468
0.0701289
0.0816652
0.09390000000000001
0.10936
0.120548
0.134996
0.15040900000000001
0.165653
0.181222
0.197822
0.21522
0.23281500000000002
0.250902
0.269239
0.288059
0.30799400000000005
0.327355
0.347677
0.367793
0.388605
0.408668
0.431662
0.45348
0.475229
0.497605
0.52056
0.543056
0.5664290000000001
0.589744
0.613145
0.637252
0.6603950000000001
0.684115
0.70745
0.731465
0.754399
0.776896
0.799314
0.821021
0.8424870000000001
0.863375
0.883499
0.9033
0.9198000000000001
0.941585
0.959892
0.977863
0.995316
1.0169599999999999
1.03055
1.04694
1.0629199999999999
1.07854
1.09366
1.10931
1.1237700000000002
1.13762
1.1519
1.16551
1.1793
1.19263
1.19497
1.1950999999999998
1.1952099999999999
1.19527
1.19532

Vgs: 5.0
0.00500203
0.00500884
0.00512574
0.00527762
0.005630690000000001
0.0063666799999999996
0.00817596
0.0115643
0.0149883
0.020103100000000002
0.0263345
0.033618300000000004
0.041825600000000004
0.051112000000000005
0.0610357
0.07216840000000001
0.0838172
0.0960433
0.111543
0.12298300000000001
0.137354
0.152375
0.16802
0.184059
0.200734
0.218159
0.235909
0.253881
0.272395
0.291433
0.311298
0.32814200000000004
0.351285
0.371775
0.392702
0.414391
0.436279
0.458062
0.48019399999999995
0.5027280000000001
0.526127
0.549148
0.572476
0.596698
0.620125
0.644127
0.669192
0.693521
0.7174780000000001
0.742458
0.767743
0.7919510000000001
0.817852
0.841807
0.8664700000000001
0.8906609999999999
0.914354
0.938217
0.961299
0.9811340000000001
1.01106
1.02885
1.04959
1.06993
1.09082
1.11036
1.12863
1.14755
1.1654600000000002
1.1841899999999999
1.20108
1.21798
1.22141
1.2216099999999999
1.22166
1.22174
1.22181
1.22193
1.2764600000000002
1.34172
1.35707

Vgs: 5.5
0.00584897
0.00585798
0.00599497
0.00616503
0.00653996
0.00744206
0.00921665
0.0126689
0.0161191
0.0213491
0.0278244
0.0351104
0.043331
0.052743
0.054441399999999994
0.0544733
0.054456500000000005
0.0544626
0.0544483
0.054458
0.0544548
0.0919581
0.17316700000000002
0.186531
0.203483
0.22078199999999998
0.238504
0.257067
0.27520399999999995
0.29474500000000003
0.314314
0.334702
0.354631
0.375578
0.39622
0.41835
0.439873
0.46214500000000003
0.484602
0.48868399999999995
0.48874
0.488776
0.488793
0.488831
0.488804
0.48882000000000003
0.566573
0.69379
0.724057
0.749614
0.7749910000000001
0.800681
0.8263699999999999
0.851843
0.877966
0.904277
0.9295110000000001
0.956689
0.981359
1.01343
1.03431
1.05899
1.08359
1.1073899999999999
1.1314700000000002
1.15439
1.17658
1.19918
1.2202700000000002
1.2420300000000002
1.2622499999999999
1.28272
1.30208
1.31935
1.34063
1.35958
1.3771499999999999
1.39481
1.41236
1.4294
1.44593

Vgs: 6.0
0.00674959
0.00675918
0.00691042
0.0070940000000000005
0.00749366
0.00846172
0.010636699999999999
0.0131943
0.0173187
0.0226809
0.0290576
0.0366409
0.044997699999999995
0.054402
0.0646255
0.0757134
0.0875924
0.102467
0.113917
0.127217
0.14213699999999999
0.15715099999999999
0.173098
0.188964
0.20588900000000002
0.22345399999999999
0.241388
0.259959
0.27860599999999996
0.297809
0.31739
0.337601
0.35794400000000004
0.378613
0.39991
0.421724
0.443653
0.46286
0.488402
0.511201
0.5347839999999999
0.558341
0.5820759999999999
0.606235
0.630669
0.655134
0.679948
0.7048030000000001
0.7299300000000001
0.755888
0.7817879999999999
0.807422
0.833391
0.8598469999999999
0.8859560000000001
0.912603
0.938919
0.966933
0.9924930000000001
1.02597
1.04927
1.0747300000000002
1.10169
1.1282
1.1549
1.18129
1.20791
1.23271
1.2573
1.28201
1.30627
1.3301100000000001
1.35269
1.37243
1.39761
1.41893
1.4397
1.46082
1.48076
1.50084
1.52069

Vgs: 6.5
0.007672750000000001
0.0076834500000000005
0.00783681
0.00805079
0.008479819999999999
0.00949465
0.011727
0.0143679
0.018584
0.0239864
0.030580400000000004
0.038058
0.0464751
0.0562093
0.066521
0.0776918
0.08987
0.104752
0.11630599999999999
0.129727
0.144564
0.160063
0.175768
0.192
0.208922
0.22657100000000002
0.24474400000000002
0.26329800000000003
0.278948
0.301882
0.320925
0.341078
0.361485
0.38241
0.403725
0.42541999999999996
0.447325
0.469848
0.49247799999999997
0.5153850000000001
0.538749
0.562235
0.5863510000000001
0.6107060000000001
0.6349520000000001
0.66004
0.68572
0.7103539999999999
0.735287
0.7613
0.787328
0.810762
0.8394739999999999
0.865823
0.892642
0.919646
0.946026
0.973449
1.0070400000000002
1.0293999999999999
1.05714
1.0846
1.1123999999999998
1.1401899999999998
1.16307
1.19556
1.22303
1.25083
1.2783200000000001
1.30579
1.33303
1.36014
1.38693
1.41191
1.4372600000000002
1.46216
1.4858099999999999
1.5112
1.53345
1.55637
1.5788

Vgs: 7.0
0.00861576
0.008625919999999999
0.008811659999999999
0.009034229999999999
0.00949214
0.010731
0.0124084
0.0155108
0.0198218
0.0254674
0.0320782
0.0396337
0.0482611
0.058115799999999995
0.06857160000000001
0.079879
0.0919807
0.10721499999999999
0.11848600000000001
0.132429
0.147462
0.16294
0.17900500000000003
0.195254
0.212339
0.230118
0.246726
0.266904
0.28531500000000004
0.30471699999999996
0.32469699999999996
0.34496499999999997
0.365443
0.38635200000000003
0.40745000000000003
0.429384
0.45138300000000003
0.47406
0.49620600000000004
0.519389
0.542926
0.5666910000000001
0.590507
0.6151070000000001
0.639371
0.664287
0.688939
0.7146830000000001
0.740657
0.764328
0.792466
0.818034
0.844777
0.871092
0.898389
0.9255720000000001
0.952637
0.9798719999999999
1.01377
1.03758
1.06444
1.09176
1.1207
1.14798
1.17665
1.20491
1.2334
1.25829
1.29001
1.3187200000000001
1.34835
1.37636
1.40404
1.43292
1.46018
1.4881199999999999
1.5156
1.54275
1.56857
1.5948799999999999
1.62051

Vgs: 7.5
0.0095894
0.0096011
0.009799319999999999
0.010098600000000001
0.010517799999999999
0.0115734
0.013519999999999999
0.016683800000000002
0.0208232
0.0269228
0.033588099999999996
0.041532200000000005
0.050018999999999994
0.0599415
0.07041800000000001
0.08218819999999999
0.0945573
0.109874
0.12135599999999999
0.13559800000000002
0.150644
0.166311
0.18297300000000002
0.199035
0.216119
0.23419
0.251514
0.271225
0.29043
0.309768
0.329295
0.34986
0.369966
0.390908
0.41230900000000004
0.43448
0.456053
0.478517
0.5010420000000001
0.524091
0.5464709999999999
0.570972
0.595156
0.6197750000000001
0.6438830000000001
0.6687919999999999
0.6936019999999999
0.719258
0.744481
0.770665
0.797165
0.82367
0.8496699999999999
0.8765879999999999
0.902427
0.9309970000000001
0.957847
0.985664
1.01943
1.0423
1.0702
1.09825
1.12668
1.1548699999999998
1.18407
1.21246
1.2410800000000002
1.26546
1.2995299999999999
1.3280399999999999
1.3572300000000002
1.38577
1.41527
1.44435
1.4737699999999998
1.5032100000000002
1.53141
1.56073
1.5891600000000001
1.6181699999999999
1.64666

Vgs: 8.0
0.0105961
0.010616500000000001
0.0108268
0.011089
0.0115779
0.012661799999999999
0.014791
0.0178855
0.0225057
0.0281537
0.0349911
0.0429744
0.0518444
0.06190470000000001
0.0727038
0.0846105
0.0971659
0.112835
0.124688
0.138936
0.154372
0.170283
0.18676399999999999
0.20338699999999998
0.22084900000000002
0.239116
0.257386
0.276373
0.296603
0.314782
0.335032
0.355423
0.37628
0.396921
0.418147
0.440332
0.462214
0.484598
0.507147
0.5306930000000001
0.553669
0.577087
0.6009500000000001
0.6252840000000001
0.649499
0.674428
0.69887
0.724644
0.7498910000000001
0.775866
0.8021229999999999
0.828158
0.8551789999999999
0.881347
0.908616
0.935848
0.963291
0.9912409999999999
1.0249700000000002
1.04884
1.07606
1.10433
1.13373
1.1616
1.18982
1.21909
1.24783
1.27714
1.30651
1.33562
1.3651799999999998
1.3940700000000001
1.4239899999999999
1.45356
1.48348
1.51301
1.54233
1.57246
1.5781599999999998
1.57825
1.57833
