Vgs range: 0,8,0.5
Vds range: 0,8,0.1

Vgs: 0.0
-3.58685e-06
-2.41722e-06
-8.434160000000001e-07
1.8074e-07
0.00035766700000000004
0.000412026
0.000437007
0.00045868
0.00048228699999999997
0.0005082110000000001
0.000540353
0.000573853
0.000609317
0.000652527
0.0006994319999999999
0.000748867
0.000799401
0.00085687
0.000917414
0.0009846249999999998
0.00105301
0.00112549
0.00120252
0.00128421
0.00137498
0.0014641399999999998
0.00156001
0.0016575700000000001
0.00175102
0.0018654
0.00197255
0.00209346
0.00221363
0.0023369800000000002
0.00246216
0.00259251
0.00272004
0.00285376
0.00298652
0.00312882
0.0032707
0.00341634
0.00359151
0.00373521
0.00386675
0.00402552
0.00419504
0.0043459399999999995
0.0045470499999999995
0.00465828
0.00482186
0.004977
0.00518127
0.00531364
0.0054753300000000005
0.00564512
0.00581191
0.00599062
0.00616913
0.00634629
0.00652894
0.00669215
0.0068670499999999995
0.00704112
0.00722316
0.007408199999999999
0.00760246
0.007777320000000001
0.00796598
0.00815241
0.00835112
0.00853167
0.008727200000000001
0.00891492
0.00911914
0.00932014
0.00950724
0.009701439999999999
0.009887320000000002
0.0100968
0.0103001

Vgs: 0.5
-3.2840599999999998e-06
-7.812600000000001e-07
-4.06659e-07
9.40163e-05
0.000417138
0.000488256
0.000529764
0.000561429
0.000600578
0.0006475389999999999
0.000695011
0.0017889800000000001
0.00136374
0.0013499599999999999
0.00178048
0.0015963799999999999
0.0020012899999999998
0.00137432
0.0024016999999999997
0.0017567000000000001
0.00327437
0.00255053
0.0039734
0.0047944500000000004
0.00457822
0.00453835
0.00443408
0.00479304
0.00552468
0.00563571
0.00560168
0.00604762
0.00657806
0.00727221
0.00742208
0.007629960000000001
0.00731374
0.00712196
0.004817650000000001
0.00536468
0.00523239
0.00573053
0.00573451
0.00564282
0.00580268
0.00664117
0.00665102
0.00708741
0.007139070000000001
0.00720286
0.00640463
0.00649157
0.00679597
0.00671837
0.0069422500000000005
0.0071089
0.00737067
0.0075831100000000005
0.00787151
0.00809464
0.008143919999999999
0.00840834
0.0085613
0.00880529
0.00904951
0.00934138
0.00943858
0.00997236
0.010357799999999999
0.0104176
0.0103867
0.0104851
0.0106473
0.011186600000000001
0.0111431
0.011353599999999998
0.0115779
0.0118583
0.012199699999999999
0.0124941
0.0126488

Vgs: 1.0
-1.16672e-05
0.00376124
0.00703986
0.00997919
0.0110061
0.010237999999999999
0.014445
0.0143432
0.0153287
0.015135599999999999
0.0153533
0.0151766
0.015236699999999999
0.016350100000000003
0.0166175
0.0169462
0.0160824
0.0180844
0.0178824
0.0177767
0.0179889
0.0183101
0.0186633
0.0190106
0.019229
0.0203302
0.019678400000000002
0.0192611
0.0202394
0.020553599999999998
0.0208235
0.0219092
0.021698000000000002
0.0224602
0.022827899999999998
0.0230294
0.022498
0.0232259
0.0237858
0.0233451
0.0225996
0.0237911
0.023351999999999998
0.0240186
0.0234717
0.024460600000000002
0.0251565
0.0245175
0.0258
0.0249862
0.0250845
0.0260799
0.026173099999999998
0.0273667
0.0263869
0.0276183
0.027165
0.0280755
0.028821100000000002
0.0296595
0.0299734
0.030225
0.0300184
0.0309257
0.031225600000000003
0.0315084
0.031998
0.0321073
0.0323975
0.0336995
0.031479
0.0329246
0.0329621
0.0336259
0.034260700000000005
0.033556699999999995
0.0348893
0.0339215
0.0355425
0.0348725
0.0362079

Vgs: 1.5
-1.4277699999999999e-05
0.00680242
0.0134132
0.020202400000000002
0.026568500000000002
0.0324592
0.038035
0.0424656
0.046655300000000004
0.049598
0.0517835
0.0531694
0.054484000000000005
0.0544629
0.055788899999999995
0.056734200000000005
0.0570953
0.0578046
0.0583302
0.0588817
0.059597
0.0601398
0.0608715
0.0608377
0.062057999999999995
0.062105600000000004
0.0629893
0.0626654
0.0638429
0.0637063
0.0643881
0.0643762
0.06480419999999999
0.0671523
0.0655524
0.0649836
0.06682669999999999
0.06618349999999999
0.06756169999999999
0.0694321
0.0682573
0.06912470000000001
0.0694103
0.0711981
0.070492
0.0701083
0.07037790000000001
0.0711949
0.0714471
0.0721609
0.07132999999999999
0.0729841
0.072494
0.073359
0.0737697
0.0739469
0.0744149
0.074978
0.0753423
0.0757758
0.075733
0.0753602
0.0771537
0.0771565
0.07802379999999999
0.0795953
0.0800368
0.0792242
0.0809074
0.0800287
0.0818526
0.0811374
0.082818
0.08330520000000001
0.0838003
0.08430140000000001
0.0848249
0.0853475
0.0858803
0.0864209
0.08697339999999999

Vgs: 2.0
-1.5170200000000001e-05
0.008717599999999999
0.017603300000000002
0.0271021
0.0370382
0.047013
0.0564796
0.0658206
0.073881
0.07976710000000001
0.0835013
0.09278009999999999
0.0968183
0.10077
0.103934
0.10648300000000001
0.108321
0.109573
0.11024
0.111312
0.11208599999999999
0.11297
0.11372299999999999
0.114388
0.115185
0.11598900000000001
0.11645399999999999
0.117096
0.11767100000000001
0.118258
0.11881
0.11931
0.119818
0.120353
0.12080099999999999
0.121259
0.12177099999999999
0.122239
0.12264900000000001
0.123082
0.12370799999999998
0.124094
0.12454299999999999
0.12493000000000001
0.125616
0.12585100000000002
0.126477
0.126937
0.12753499999999998
0.127909
0.128419
0.128761
0.129269
0.129701
0.13007200000000002
0.13047899999999998
0.13092700000000002
0.13136699999999998
0.13196
0.132354
0.13286499999999998
0.133342
0.133838
0.134402
0.134988
0.13546
0.135997
0.13655899999999999
0.137159
0.13774
0.13837
0.138882
0.139579
0.140396
0.14096
0.141772
0.142398
0.143175
0.14397
0.144807
0.14544100000000001

Vgs: 2.5
-1.5676399999999998e-05
0.009243840000000001
0.0187369
0.0290687
0.0400419
0.0512301
0.062266400000000006
0.0731372
0.0835403
0.0933701
0.102557
0.111013
0.118694
0.125482
0.131372
0.13650500000000002
0.140605
0.14383
0.146434
0.14838300000000001
0.14996500000000001
0.151285
0.152361
0.153479
0.154282
0.155141
0.156024
0.156855
0.157656
0.15824400000000002
0.158949
0.159663
0.16040600000000002
0.161057
0.161572
0.162271
0.162903
0.163542
0.16402
0.164656
0.165151
0.165768
0.166451
0.167045
0.167513
0.168038
0.168682
0.169181
0.169677
0.170169
0.17081400000000002
0.17133299999999999
0.17185
0.172378
0.173036
0.1736
0.174183
0.174732
0.17536200000000002
0.175884
0.17646799999999999
0.177143
0.1778
0.17835499999999999
0.17896399999999998
0.179726
0.180342
0.181023
0.181845
0.18265299999999998
0.18343600000000002
0.18423899999999999
0.185248
0.186035
0.187003
0.18782400000000002
0.18880200000000003
0.189729
0.19075
0.191836
0.192958

Vgs: 3.0
-1.6339600000000002e-05
0.009990609999999999
0.0204481
0.0321119
0.0447578
0.057878399999999997
0.0711559
0.0843741
0.0973339
0.10998899999999999
0.12213799999999998
0.13371
0.144762
0.155165
0.165024
0.174175
0.182509
0.190199
0.197051
0.20286600000000002
0.207794
0.211935
0.215224
0.217804
0.21990700000000002
0.221884
0.223591
0.225096
0.226767
0.22844599999999998
0.231048
0.234673
0.237501
0.239953
0.242449
0.244119
0.245554
0.24694099999999997
0.24844199999999997
0.24989199999999998
0.25116299999999997
0.252409
0.253708
0.25475600000000004
0.255746
0.256729
0.25760099999999997
0.25859
0.25940799999999997
0.260386
0.261074
0.26202400000000003
0.26263600000000004
0.263123
0.263432
0.264029
0.26497800000000005
0.26651600000000003
0.268228
0.26951200000000003
0.270395
0.271515
0.272207
0.272687
0.273034
0.273463
0.274542
0.275534
0.276362
0.277308
0.278077
0.278978
0.279495
0.28037199999999995
0.281267
0.281642
0.28258
0.283479
0.284578
0.28606699999999996
0.287393

Vgs: 3.5
-1.6279e-05
0.0106324
0.0219334
0.0347504
0.048864199999999997
0.0636571
0.0787515
0.0938855
0.108928
0.123667
0.137971
0.151807
0.16509900000000002
0.17779899999999998
0.189724
0.201004
0.211523
0.22128699999999998
0.230127
0.23813900000000002
0.24534300000000003
0.251535
0.25686699999999996
0.26106799999999997
0.264684
0.267426
0.26966799999999996
0.271363
0.272906
0.27412200000000003
0.27534899999999995
0.276568
0.27768299999999996
0.278648
0.27971
0.280711
0.28149
0.282447
0.28335
0.28414500000000004
0.284988
0.28571599999999997
0.286526
0.28729
0.288002
0.28864
0.289488
0.290254
0.291036
0.291563
0.292334
0.292974
0.29369599999999996
0.294358
0.29507099999999997
0.29580999999999996
0.29661
0.297331
0.297921
0.298459
0.298048
0.298364
0.299209
0.300006
0.300699
0.301514
0.302244
0.30283099999999996
0.303363
0.30353399999999997
0.303875
0.304772
0.305392
0.30628
0.307161
0.308143
0.309026
0.310297
0.311452
0.31267300000000003
0.314058

Vgs: 4.0
-1.6592899999999998e-05
0.0109587
0.0227214
0.0362692
0.0512731
0.0670971
0.0833424
0.0997473
0.116107
0.132272
0.148086
0.163492
0.17838700000000002
0.192791
0.206641
0.21994000000000002
0.23247099999999998
0.24434
0.25544100000000003
0.26608699999999996
0.275627
0.284081
0.29178899999999997
0.298446
0.304249
0.30904
0.313044
0.316278
0.318803
0.320642
0.32242000000000004
0.323716
0.32504700000000003
0.326133
0.327386
0.328437
0.329414
0.330289
0.331304
0.33220299999999997
0.333089
0.333899
0.33475999999999995
0.33528600000000003
0.33598100000000003
0.336623
0.337092
0.337561
0.338149
0.33871999999999997
0.339363
0.339873
0.340541
0.34099500000000005
0.341856
0.342456
0.343218
0.344045
0.345024
0.346523
0.34764300000000004
0.34834299999999996
0.349142
0.34994200000000003
0.350847
0.351646
0.352502
0.3533
0.35420999999999997
0.355196
0.356025
0.35678899999999997
0.357556
0.358412
0.359195
0.36017299999999997
0.361155
0.362171
0.363261
0.36446500000000004
0.365624

Vgs: 4.5
-1.6932299999999997e-05
0.0113556
0.0236868
0.038109
0.0542053
0.07133869999999999
0.0890356
0.10704000000000001
0.125019
0.142863
0.160472
0.177812
0.19469
0.211095
0.227128
0.242695
0.25785800000000003
0.272459
0.28665
0.301193
0.314255
0.32697200000000004
0.33906600000000003
0.350908
0.361669
0.371004
0.37915
0.386529
0.393146
0.39903500000000003
0.404308
0.408784
0.41356299999999996
0.41639
0.419553
0.423906
0.42658399999999996
0.428651
0.43023300000000003
0.431836
0.43550799999999995
0.441104
0.444265
0.447945
0.449886
0.45164899999999997
0.45403499999999997
0.455409
0.457763
0.461389
0.46507
0.466995
0.46956800000000004
0.47205
0.475447
0.482671
0.484685
0.48889699999999997
0.49051
0.492055
0.493364
0.494891
0.49653100000000006
0.49886400000000003
0.5005850000000001
0.501498
0.5024959999999999
0.50347
0.5054890000000001
0.5078539999999999
0.5101749999999999
0.51149
0.512612
0.514359
0.5162180000000001
0.517743
0.519497
0.521683
0.525447
0.529246
0.533428

Vgs: 5.0
-1.79783e-05
-1.39836e-05
0.026072400000000003
0.0425887
0.061445400000000004
0.081767
0.10302
0.12478700000000001
0.146867
0.16894699999999999
0.191287
0.21326099999999998
0.23505600000000001
0.25648899999999997
0.277764
0.298704
0.319394
0.34012400000000004
0.359893
0.379249
0.398132
0.416291
0.43402799999999997
0.450984
0.46758
0.48339
0.49845399999999995
0.5128809999999999
0.5266109999999999
0.540014
0.555708
0.568075
0.580205
0.591323
0.6012689999999999
0.610563
0.618494
0.625765
0.6323420000000001
0.6379079999999999
0.642859
0.647434
0.6512370000000001
0.654584
0.657489
0.66121
0.663339
0.665082
0.6668689999999999
0.668777
0.670383
0.672082
0.673627
0.674908
0.67625
0.677525
0.678767
0.679775
0.6812469999999999
0.682604
0.6837380000000001
0.684903
0.686186
0.687443
0.68888
0.689921
0.692252
0.693175
0.694319
0.695461
0.6964830000000001
0.6975520000000001
0.699176
0.70036
0.702024
0.703344
0.70482
0.7068979999999999
0.708316
0.7098
0.711515

Vgs: 5.5
-1.80254e-05
0.012835
0.027335599999999998
0.0450873
0.06551530000000001
0.08763789999999999
0.110796
0.13467099999999999
0.158887
0.18331599999999998
0.20779699999999998
0.232298
0.25685399999999997
0.281098
0.305094
0.328922
0.352437
0.375745
0.398442
0.420667
0.442599
0.463853
0.484806
0.505434
0.525528
0.5448729999999999
0.563928
0.5823379999999999
0.600666
0.618272
0.6352629999999999
0.6519349999999999
0.667463
0.682159
0.696412
0.71042
0.725244
0.7390110000000001
0.750013
0.760687
0.770547
0.779496
0.787513
0.7946439999999999
0.801211
0.806556
0.811366
0.815183
0.818659
0.82153
0.824148
0.826472
0.828651
0.830725
0.832388
0.833976
0.836235
0.837703
0.839247
0.840593
0.841953
0.843156
0.844467
0.845939
0.848474
0.8497910000000001
0.851499
0.8524970000000001
0.8538429999999999
0.854966
0.856944
0.858253
0.859903
0.8612230000000001
0.8625430000000001
0.863926
0.865201
0.8666229999999999
0.868262
0.869476
0.870731

Vgs: 6.0
-1.8188e-05
0.013165300000000001
0.0282027
0.0468564
0.0684303
0.0919836
0.11673800000000001
0.14225
0.168353
0.194748
0.221223
0.24768
0.274402
0.301151
0.32727500000000004
0.353371
0.379148
0.404587
0.42976800000000004
0.454603
0.479075
0.5030530000000001
0.527007
0.550426
0.573528
0.595836
0.6177360000000001
0.63895
0.659664
0.679966
0.699564
0.718801
0.737419
0.7554219999999999
0.772791
0.7897730000000001
0.805915
0.821449
0.8365859999999999
0.851036
0.8644940000000001
0.877394
0.8895799999999999
0.9008269999999999
0.9117339999999999
0.921752
0.930705
0.9390149999999999
0.946608
0.9535089999999999
0.95937
0.964623
0.969209
0.973537
0.9775050000000001
0.981189
0.983851
0.986235
0.988524
0.9905020000000001
0.992223
0.993746
0.99521
0.997066
0.998482
0.999917
1.00289
1.00443
1.00601
1.00756
1.0086400000000002
1.0099200000000002
1.01105
1.0123
1.01357
1.01482
1.01585
1.01698
1.018
1.01928
1.02027

Vgs: 6.5
-1.8406e-05
0.0133909
0.0288544
0.048174299999999996
0.0706149
0.0951684
0.121062
0.147823
0.17515799999999998
0.20285999999999998
0.23066499999999998
0.258576
0.286599
0.314579
0.342327
0.36994699999999997
0.39721199999999995
0.424282
0.451147
0.47768099999999997
0.503947
0.5295439999999999
0.555009
0.5800449999999999
0.604728
0.628838
0.652682
0.6760409999999999
0.698885
0.721495
0.743486
0.76525
0.786456
0.807433
0.828725
0.848287
0.868162
0.886843
0.9051060000000001
0.922364
0.938948
0.955047
0.970114
0.9846889999999999
0.998529
1.01356
1.02617
1.03794
1.04905
1.05932
1.0689499999999998
1.078
1.08608
1.09382
1.10023
1.10589
1.11078
1.11506
1.11889
1.12233
1.12514
1.12793
1.13009
1.13249
1.1348
1.13725
1.13933
1.14174
1.14364
1.14622
1.14934
1.1522
1.15569
1.15807
1.16044
1.16177
1.16323
1.16529
1.16718
1.1696
1.1719199999999999

Vgs: 7.0
-1.85085e-05
0.0136393
0.0294851
0.0494268
0.0727268
0.0982315
0.125174
0.153005
0.181477
0.210317
0.23934999999999998
0.268501
0.297599
0.326706
0.35574700000000004
0.38456999999999997
0.413201
0.441681
0.469918
0.497864
0.525429
0.552527
0.579567
0.606055
0.632324
0.658076
0.683503
0.708441
0.732942
0.757123
0.780635
0.8038270000000001
0.826487
0.848676
0.870344
0.8915190000000001
0.912142
0.9322119999999999
0.951791
0.9707560000000001
0.9891030000000001
1.00841
1.0255100000000001
1.0420900000000002
1.0581200000000002
1.07336
1.0879699999999999
1.10198
1.1151900000000001
1.12776
1.13964
1.15079
1.16115
1.1707
1.17984
1.18798
1.19539
1.20211
1.20798
1.21325
1.21773
1.2216099999999999
1.22522
1.2281
1.2309
1.23315
1.23546
1.2375
1.2395100000000001
1.24136
1.2431
1.2447300000000001
1.2462300000000002
1.24777
1.24917
1.25074
1.2518500000000001
1.25352
1.2547000000000001
1.25594
1.2573400000000001

Vgs: 7.5
-1.89381e-05
0.013896
0.030195399999999997
0.050931699999999996
0.0752756
0.102074
0.130414
0.159729
0.189751
0.22024999999999997
0.250995
0.281945
0.31292499999999995
0.343978
0.374899
0.405721
0.43645100000000003
0.467066
0.49739300000000003
0.527516
0.557323
0.586713
0.616044
0.644932
0.673669
0.701979
0.7299859999999999
0.757567
0.7847810000000001
0.8115629999999999
0.8380040000000001
0.86407
0.889667
0.914883
0.9395519999999999
0.963915
0.9876889999999999
1.01252
1.03535
1.05773
1.07958
1.1009900000000001
1.12178
1.14198
1.16197
1.18113
1.1997799999999998
1.2177799999999999
1.2351599999999998
1.25199
1.26818
1.28375
1.29864
1.31286
1.3264500000000001
1.33932
1.3516299999999999
1.3630300000000002
1.3738400000000002
1.3839
1.39326
1.4016899999999999
1.4096600000000001
1.41691
1.42329
1.42913
1.4343299999999999
1.43892
1.44286
1.44628
1.44945
1.4520600000000001
1.4544
1.45692
1.4588999999999999
1.46079
1.46269
1.46441
1.46616
1.4676500000000001
1.46919

Vgs: 8.0
-1.8496e-05
-8.16067e-05
0.0304836
0.0514581
0.0761392
0.10324799999999999
0.131954
0.161719
0.192187
0.223107
0.25436600000000004
0.285755
0.317208
0.34871199999999997
0.380199
0.411564
0.442767
0.473872
0.5047670000000001
0.535533
0.565947
0.595876
0.625943
0.655455
0.684837
0.713793
0.74246
0.77071
0.798616
0.826266
0.853341
0.880171
0.906474
0.9324859999999999
0.957949
0.9831009999999999
1.00917
1.0334400000000001
1.0571700000000002
1.08049
1.10323
1.12546
1.14726
1.16845
1.1892
1.20943
1.22909
1.24814
1.26665
1.28451
1.3018800000000001
1.3185099999999998
1.3347
1.3501800000000002
1.3648799999999999
1.37912
1.3925999999999998
1.4055
1.4176
1.42916
1.44001
1.44984
1.4592800000000001
1.46796
1.4759300000000002
1.48318
1.49018
1.4964
1.50159
1.50628
1.51031
1.514
1.51716
1.52004
1.52229
1.52473
1.52706
1.5290499999999998
1.53112
1.53295
1.5349000000000002
