Vgs range: 0,8,0.5
Vds range: 0,8,0.1

Vgs: 0.0
-3.48748e-06
-2.25089e-06
-8.266500000000001e-07
2.89283e-07
0.000372692
0.00042848100000000003
0.000455547
0.00047493700000000004
0.000499083
0.000528312
0.000558845
0.000595632
0.000638193
0.000680692
0.000728983
0.0007800509999999999
0.0008406619999999999
0.00089852
0.000959805
0.00102917
0.00109856
0.0011750299999999999
0.00125819
0.00134067
0.0014288500000000002
0.0015241999999999999
0.0016191600000000001
0.00172049
0.00183232
0.0019410000000000002
0.00205459
0.00217766
0.0022937300000000003
0.00242277
0.0025519
0.00268406
0.0028199899999999996
0.0029541199999999997
0.00309882
0.0032426300000000003
0.0033822699999999997
0.0035296399999999997
0.0036837899999999997
0.00383659
0.00399964
0.00415159
0.00430675
0.0044563300000000005
0.00462189
0.00478061
0.00495662
0.00510759
0.005278199999999999
0.005458419999999999
0.00561789
0.0058046899999999995
0.00596876
0.0061455699999999995
0.00631366
0.00649281
0.00667257
0.00685863
0.00702556
0.00722197
0.00739491
0.00758945
0.00778012
0.007964
0.00813989
0.00834369
0.00853807
0.00872612
0.008913750000000002
0.00912108
0.00928389
0.00949494
0.00969511
0.009892090000000001
0.0100915
0.0103032
0.010491

Vgs: 0.5
-1.01761e-05
5.63691e-05
9.95467e-05
0.0006293819999999999
0.000785996
0.000668517
0.000826633
0.0008126089999999999
0.000995524
0.00106109
0.00138145
0.0012582300000000002
0.00146524
0.0015463999999999999
0.00158051
0.00176564
0.00185229
0.00202963
0.0022140799999999998
0.00221483
0.0021567500000000002
0.00228902
0.0023411
0.00244324
0.00262789
0.00273478
0.00331159
0.00289148
0.0032018399999999996
0.00316821
0.00360312
0.0031089200000000003
0.00398511
0.00366934
0.00388504
0.0039274800000000006
0.00403938
0.0044554700000000004
0.0047598200000000005
0.00481397
0.00505154
0.0052675099999999996
0.0051452600000000005
0.0054322
0.00547626
0.00518522
0.00570503
0.00583803
0.0061776900000000004
0.006458299999999999
0.00649186
0.00667341
0.00688347
0.00696722
0.00723636
0.00741276
0.007584990000000001
0.0079226
0.00748785
0.007609739999999999
0.008184690000000001
0.0085607
0.008839930000000001
0.0092202
0.0091495
0.00924876
0.00945785
0.00952372
0.00969806
0.00990579
0.0101496
0.0111823
0.0107546
0.0105068
0.0113662
0.0122749
0.011834
0.0119561
0.012081399999999999
0.012300700000000001
0.0123548

Vgs: 1.0
-1.28381e-05
0.00319054
0.006175730000000001
0.009393819999999999
0.0110656
0.0120172
0.0131261
0.0134924
0.013619500000000001
0.0137255
0.0129756
0.0138504
0.014352199999999999
0.0125471
0.0128682
0.0127978
0.0139205
0.015422900000000002
0.0167271
0.0171981
0.0175569
0.0177006
0.0182362
0.018867599999999998
0.019571500000000002
0.0201136
0.020609199999999998
0.021032000000000002
0.0214084
0.0218826
0.022546
0.0230424
0.0235528
0.0238483
0.0240658
0.0241755
0.0243786
0.024267700000000003
0.0245919
0.0256254
0.0257397
0.025959799999999998
0.0262956
0.026352200000000003
0.0259176
0.0254385
0.0251317
0.0253405
0.024980199999999998
0.0249315
0.024964999999999998
0.024550799999999998
0.0227438
0.023518999999999998
0.0239622
0.024575100000000002
0.025185899999999997
0.0257415
0.0262925
0.0262365
0.026521
0.0270719
0.0274129
0.0276045
0.027752199999999998
0.028297600000000003
0.0274499
0.0278966
0.0282701
0.029110200000000003
0.029577299999999997
0.0295931
0.0283659
0.0288938
0.0283483
0.0279091
0.028934599999999998
0.029620499999999998
0.0305759
0.0317573
0.030559199999999998

Vgs: 1.5
-1.40619e-05
0.006507229999999999
0.012904800000000001
0.0190863
0.0243268
0.0294267
0.0340793
0.037040199999999995
0.039258499999999995
0.0416192
0.0437878
0.0451936
0.0462625
0.0469053
0.0464203
0.045526
0.046628600000000006
0.0474284
0.0484725
0.0500477
0.0512559
0.052494000000000006
0.0529039
0.0533459
0.0542827
0.055238300000000004
0.0567996
0.0580203
0.0591149
0.060572999999999995
0.06156570000000001
0.0683912
0.0646543
0.0627457
0.0627591
0.062529
0.063113
0.0631362
0.0630614
0.059728800000000005
0.0605789
0.062196800000000003
0.0629487
0.0641543
0.0647223
0.06418900000000001
0.06501939999999999
0.0658618
0.0667202
0.0666985
0.0679638
0.06732439999999999
0.0676883
0.06309039999999999
0.06154130000000001
0.0594685
0.0629475
0.06418
0.0652474
0.0631294
0.062403600000000004
0.0624965
0.0695733
0.0654777
0.0658009
0.0670413
0.06622439999999999
0.0626353
0.0654274
0.06582009999999999
0.06538379999999999
0.0646613
0.06641849999999999
0.067888
0.0676712
0.0697343
0.06913440000000001
0.08265660000000001
0.0857743
0.0868051
0.0867387

Vgs: 2.0
-1.54409e-05
0.008677470000000001
0.017589599999999997
0.027030000000000002
0.036842
0.046778099999999996
0.056484299999999994
0.0673645
0.0753399
0.08407959999999999
0.0896043
0.0968704
0.102098
0.107602
0.110762
0.11334599999999999
0.116301
0.11852499999999999
0.119358
0.119992
0.12144
0.12344100000000001
0.122027
0.120884
0.12374099999999999
0.127613
0.124227
0.126074
0.127507
0.12727
0.129272
0.128637
0.127314
0.12998400000000002
0.131451
0.132603
0.133692
0.134377
0.133736
0.134568
0.13589400000000001
0.14923
0.14139400000000002
0.139149
0.139349
0.14027399999999998
0.139091
0.13977
0.140278
0.142181
0.144388
0.137646
0.135403
0.138846
0.135872
0.140617
0.139258
0.14227700000000001
0.14434
0.138845
0.141348
0.142195
0.15614399999999998
0.151428
0.146407
0.147131
0.145306
0.145539
0.163162
0.159416
0.15454299999999999
0.149502
0.153594
0.152654
0.151533
0.15531599999999998
0.160655
0.15281
0.15540199999999998
0.154592
0.16185400000000003

Vgs: 2.5
-1.58506e-05
0.00993017
0.0203007
0.0318808
0.0443617
0.0572517
0.0702608
0.08329769999999999
0.095958
0.108056
0.12401799999999999
0.133237
0.14288199999999998
0.152278
0.16128900000000002
0.169451
0.18179900000000002
0.185971
0.18934
0.19192499999999998
0.194372
0.197162
0.19940999999999998
0.200965
0.201705
0.202058
0.202392
0.204251
0.20702500000000001
0.20790699999999998
0.20830600000000002
0.20894
0.209361
0.209209
0.210736
0.214844
0.22490300000000002
0.213446
0.211369
0.214319
0.214918
0.216058
0.21497899999999998
0.21534899999999998
0.21596100000000001
0.214945
0.21319700000000003
0.21399200000000002
0.213578
0.213322
0.213614
0.216514
0.215848
0.217261
0.21392699999999998
0.22572599999999998
0.21645599999999998
0.217775
0.218805
0.218648
0.220773
0.22253799999999999
0.221585
0.22205
0.222194
0.22165800000000002
0.22429200000000002
0.226796
0.230251
0.229787
0.22748500000000002
0.22750299999999998
0.227369
0.22881600000000002
0.230668
0.232595
0.233889
0.235083
0.236637
0.237143
0.23819800000000002

Vgs: 3.0
-1.64586e-05
0.010775799999999999
0.0222587
0.035372600000000004
0.0498351
0.0649825
0.0804682
0.0960272
0.11168700000000001
0.126998
0.141951
0.156415
0.170412
0.183741
0.196675
0.208901
0.223173
0.23347600000000002
0.243131
0.251115
0.258053
0.263873
0.268996
0.27370500000000003
0.27639800000000003
0.281277
0.28118499999999996
0.278369
0.28704799999999997
0.287609
0.28681300000000004
0.28763299999999997
0.28840499999999997
0.289696
0.290357
0.299832
0.319443
0.322104
0.324412
0.32455199999999995
0.32776
0.32333999999999996
0.32095799999999997
0.317035
0.31291599999999997
0.30950599999999995
0.307411
0.30622
0.305627
0.306275
0.30475800000000003
0.304249
0.302992
0.303245
0.30363900000000005
0.304664
0.305255
0.306228
0.307718
0.315794
0.335783
0.339222
0.335387
0.333241
0.33176100000000003
0.329725
0.329461
0.32806799999999997
0.32766300000000004
0.327151
0.326287
0.326338
0.327123
0.352451
0.345545
0.348429
0.342622
0.34070900000000004
0.345246
0.34685
0.346441

Vgs: 3.5
-1.71706e-05
0.0112809
0.0235246
0.0376541
0.0536188
0.0723887
0.0887918
0.107577
0.12370400000000001
0.14072199999999999
0.158191
0.177046
0.196019
0.21609799999999998
0.232768
0.24532800000000002
0.258244
0.272159
0.289413
0.297443
0.30916
0.315808
0.342209
0.33578399999999997
0.358611
0.362794
0.37666499999999997
0.368079
0.367084
0.37088000000000004
0.369863
0.373527
0.375862
0.381526
0.380195
0.380633
0.382238
0.391932
0.417511
0.421172
0.40475500000000003
0.390214
0.387201
0.390086
0.389612
0.39285600000000004
0.39177599999999996
0.39595800000000003
0.39300199999999996
0.390536
0.3916
0.399353
0.437266
0.398027
0.39689800000000003
0.393318
0.40246200000000004
0.405186
0.401564
0.40949399999999997
0.408323
0.408389
0.40766199999999997
0.408403
0.40637300000000004
0.403885
0.406002
0.407874
0.407764
0.402543
0.424327
0.437475
0.422911
0.41637500000000005
0.41780700000000004
0.414316
0.415758
0.418242
0.41514
0.418615
0.421474

Vgs: 4.0
-1.73151e-05
0.0120087
0.025227799999999998
0.0409446
0.0587332
0.0777104
0.0985674
0.118618
0.13897
0.159545
0.180153
0.201586
0.22169799999999998
0.240867
0.259517
0.27775500000000003
0.295592
0.31284100000000004
0.329394
0.344979
0.359585
0.37378500000000003
0.387122
0.39995200000000003
0.412444
0.424429
0.43604800000000005
0.446113
0.455881
0.464971
0.4729
0.479909
0.485214
0.48984500000000003
0.49419100000000005
0.497878
0.516741
0.5197459999999999
0.520142
0.5194620000000001
0.5189090000000001
0.536606
0.539542
0.544597
0.543973
0.540465
0.532061
0.528955
0.531765
0.531596
0.529144
0.526172
0.530934
0.5603239999999999
0.564245
0.560855
0.562677
0.556117
0.556333
0.5664739999999999
0.56123
0.553216
0.546802
0.543457
0.557886
0.577256
0.563082
0.558935
0.561117
0.558643
0.5650339999999999
0.560496
0.572301
0.572726
0.577895
0.567433
0.574659
0.574938
0.575231
0.5742590000000001
0.583275

Vgs: 4.5
-1.75641e-05
-6.50492e-05
0.0263677
0.0433144
0.0623357
0.0829897
0.10528900000000001
0.127329
0.150918
0.172951
0.196305
0.218282
0.242122
0.262049
0.28307899999999997
0.304601
0.32530200000000004
0.347755
0.3674
0.388281
0.40390400000000004
0.421167
0.43944
0.45434199999999997
0.473313
0.48973300000000003
0.504835
0.517636
0.538076
0.548365
0.555725
0.5775589999999999
0.586734
0.597742
0.610174
0.6204029999999999
0.6190530000000001
0.625551
0.635926
0.638999
0.6545719999999999
0.649337
0.645034
0.6439469999999999
0.643842
0.6534340000000001
0.6543509999999999
0.668994
0.653759
0.67305
0.6642170000000001
0.662663
0.669992
0.675228
0.656368
0.653143
0.674411
0.68957
0.6762130000000001
0.67018
0.685201
0.6771229999999999
0.662415
0.671199
0.6656449999999999
0.6762619999999999
0.683324
0.679929
0.681335
0.682264
0.67959
0.676152
0.669123
0.6903290000000001
0.686811
0.674834
0.673303
0.672354
0.691566
0.679594
0.690084

Vgs: 5.0
-1.80939e-05
0.0127462
0.027216499999999998
0.044753499999999995
0.0656379
0.0871354
0.110556
0.134578
0.158314
0.182111
0.206182
0.233146
0.25616799999999995
0.279821
0.303536
0.327186
0.350636
0.372007
0.393962
0.416669
0.438112
0.457128
0.477792
0.5028009999999999
0.5184799999999999
0.538663
0.556389
0.574217
0.590364
0.606746
0.624861
0.6385959999999999
0.654418
0.667855
0.6783060000000001
0.6925469999999999
0.705136
0.719452
0.728765
0.7361530000000001
0.743505
0.7527820000000001
0.7650359999999999
0.761363
0.771009
0.773371
0.778921
0.791316
0.773755
0.7818700000000001
0.778816
0.778951
0.783038
0.7798250000000001
0.7884800000000001
0.788028
0.786483
0.795654
0.7948350000000001
0.79286
0.8009719999999999
0.788551
0.795668
0.7981670000000001
0.79711
0.79972
0.804139
0.804148
0.809234
0.80413
0.8032929999999999
0.814848
0.807608
0.814651
0.799059
0.8094950000000001
0.824738
0.819886
0.817047
0.819624
0.818439

Vgs: 5.5
-1.8258800000000002e-05
0.0130483
0.0279
0.046177899999999994
0.0671249
0.0900875
0.11376599999999999
0.138404
0.163671
0.18898299999999998
0.214455
0.24012099999999997
0.265401
0.290573
0.315323
0.340412
0.364556
0.38800199999999996
0.411566
0.435307
0.458305
0.480537
0.5025430000000001
0.523972
0.545053
0.5663750000000001
0.586306
0.6054269999999999
0.623767
0.64213
0.6600119999999999
0.676818
0.6941350000000001
0.709043
0.7237819999999999
0.738507
0.752265
0.765225
0.7775679999999999
0.789062
0.7999160000000001
0.809616
0.8182830000000001
0.82557
0.833208
0.839592
0.845651
0.851179
0.856177
0.859159
0.860573
0.865115
0.867552
0.87085
0.8728870000000001
0.874329
0.8737429999999999
0.8772209999999999
0.888748
0.886239
0.882094
0.884004
0.885478
0.886391
0.887931
0.888577
0.887765
0.895301
0.8959010000000001
0.902873
0.910968
0.908685
0.897916
0.900994
0.902177
0.897562
0.898623
0.8996740000000001
0.9028079999999999
0.903326
0.9059079999999999

Vgs: 6.0
-1.83821e-05
0.013309799999999998
0.028588699999999998
0.047573700000000003
0.06957419999999999
0.0935744
0.118844
0.144885
0.171413
0.198276
0.22524
0.25227000000000005
0.27925900000000003
0.306015
0.332731
0.359181
0.38547499999999996
0.411407
0.436903
0.462157
0.487211
0.5117579999999999
0.537663
0.562745
0.584467
0.606284
0.628175
0.649434
0.670737
0.691835
0.7123900000000001
0.732195
0.751403
0.769713
0.7876839999999999
0.805087
0.822402
0.83569
0.85286
0.874744
0.898702
0.907914
0.9159510000000001
0.92688
0.937608
0.948483
0.956509
0.966075
0.968896
0.987796
0.9845800000000001
0.98844
0.994231
1.0023300000000002
1.0128400000000002
1.0113800000000002
1.01167
1.0141799999999999
1.0160099999999999
1.01895
1.0224
1.02558
1.04003
1.0367499999999998
1.0354800000000002
1.03519
1.03297
1.03302
1.03503
1.0353599999999998
1.03792
1.03904
1.03973
1.04094
1.0419699999999998
1.04421
1.04535
1.04702
1.04799
1.0481
1.0486

Vgs: 6.5
-1.8416300000000002e-05
0.01354
0.029204
0.0488678
0.071813
0.096856
0.12329299999999999
0.150617
0.178561
0.206738
0.234994
0.263567
0.292113
0.32045100000000004
0.348726
0.37691800000000003
0.404874
0.43247599999999997
0.460851
0.48739
0.513922
0.5409240000000001
0.567059
0.592579
0.617844
0.6428
0.6672060000000001
0.691295
0.715059
0.73847
0.760841
0.783037
0.805056
0.826804
0.8487549999999999
0.868518
0.887273
0.906398
0.9245730000000001
0.9417190000000001
0.958671
0.975006
0.991097
1.0071299999999999
1.02135
1.03561
1.0491000000000001
1.0619399999999999
1.07587
1.0859
1.09636
1.10687
1.11538
1.12375
1.13106
1.1597899999999999
1.16021
1.1820000000000002
1.16821
1.17223
1.17533
1.17463
1.18496
1.18194
1.17224
1.1757600000000001
1.17138
1.17661
1.17749
1.17896
1.1823599999999999
1.1852399999999998
1.18387
1.19265
1.1946
1.19065
1.19211
1.19404
1.19539
1.196
1.19491

Vgs: 7.0
-1.88097e-05
-9.933299999999999e-05
0.029801499999999998
0.0500409
0.0737222
0.0997246
0.127079
0.15541200000000002
0.18452400000000002
0.21396199999999999
0.24369300000000002
0.273778
0.30358
0.333604
0.362682
0.393413
0.423331
0.45253
0.48170599999999997
0.5109
0.536116
0.5660879999999999
0.592877
0.6222270000000001
0.649891
0.6751870000000001
0.7020810000000001
0.726909
0.751673
0.7765820000000001
0.800948
0.825964
0.849763
0.8721
0.895257
0.9176839999999999
0.938595
0.9598490000000001
0.981996
1.00303
1.02317
1.0409
1.0609899999999999
1.07854
1.0945900000000002
1.10984
1.1276000000000002
1.14419
1.1595
1.1748500000000002
1.18837
1.2009
1.21298
1.22458
1.23532
1.24586
1.2541799999999999
1.26102
1.26817
1.27599
1.28222
1.28876
1.2958399999999999
1.30006
1.30282
1.3022699999999998
1.3087199999999999
1.3113000000000001
1.3155000000000001
1.31825
1.32108
1.32339
1.32437
1.32541
1.32534
1.32375
1.3231
1.32843
1.3302399999999999
1.3326099999999999
1.33571

Vgs: 7.5
-1.8828699999999998e-05
0.013898599999999999
0.030224499999999998
0.0509951
0.0754106
0.102214
0.13054000000000002
0.159909
0.189971
0.220452
0.25119600000000003
0.28202099999999997
0.313071
0.344154
0.375052
0.405681
0.436421
0.467067
0.497522
0.527996
0.557044
0.587157
0.6168480000000001
0.6453220000000001
0.6739759999999999
0.702256
0.730262
0.757937
0.785126
0.812372
0.8386589999999999
0.864497
0.890039
0.915817
0.9407340000000001
0.9657370000000001
0.988517
1.01382
1.03751
1.05955
1.08146
1.1032
1.12375
1.14339
1.16421
1.1814799999999999
1.20136
1.2199000000000002
1.23768
1.25509
1.27196
1.28826
1.30376
1.31673
1.33073
1.34443
1.3570900000000001
1.36826
1.3791
1.3896600000000001
1.4063999999999999
1.40887
1.41344
1.4227599999999998
1.43139
1.4380199999999999
1.4436900000000001
1.44872
1.45049
1.45459
1.45864
1.46217
1.46569
1.46856
1.46977
1.47226
1.47302
1.47615
1.47751
1.47963
1.4815200000000002

Vgs: 8.0
-1.91915e-05
-5.6333e-05
0.0306998
0.0519551
0.0769612
0.104528
0.133683
0.163868
0.194966
0.226419
0.25828
0.29032
0.322444
0.354522
0.38674400000000003
0.418539
0.450337
0.482446
0.514143
0.545748
0.577156
0.6076550000000001
0.638379
0.6694939999999999
0.699206
0.7287790000000001
0.7584609999999999
0.787763
0.816655
0.8439530000000001
0.8725379999999999
0.900014
0.9284
0.955103
0.982185
1.00983
1.03571
1.06076
1.08677
1.1115700000000002
1.1358
1.15887
1.18227
1.2050400000000001
1.22729
1.24905
1.2687499999999998
1.2901399999999998
1.31031
1.33004
1.34919
1.36717
1.38479
1.40252
1.4191200000000002
1.43346
1.4492800000000001
1.46246
1.47776
1.49322
1.50765
1.52019
1.53159
1.54133
1.5517599999999998
1.56138
1.5700200000000002
1.57825
1.58354
1.58679
1.59428
1.60045
1.6056300000000001
1.61147
1.61589
1.6203299999999998
1.61999
1.6203
1.62528
1.62851
1.63071
