Vgs range: 0,8,0.5
Vds range: 0,8,0.1

Vgs: 0.0
-2.93772e-06
-1.90579e-06
-7.24815e-07
3.17311e-07
0.00038122400000000005
0.000440304
0.00046525600000000005
0.000484255
0.000510638
0.000538848
0.000567619
0.0006059170000000001
0.000650186
0.0006928269999999999
0.000740051
0.000794705
0.000852203
0.000909603
0.0009751429999999999
0.00104488
0.00111744
0.0011934399999999998
0.00127663
0.00135833
0.00145026
0.00154253
0.0016391399999999999
0.00173868
0.0018479
0.001963
0.00207922
0.00219668
0.00231885
0.00244439
0.0025754700000000003
0.00270842
0.00284344
0.00298128
0.0031202400000000003
0.00326552
0.00341082
0.00355987
0.00370874
0.00386249
0.00401694
0.00417405
0.00432959
0.00449124
0.00465567
0.00482002
0.00498389
0.00515298
0.00532058
0.00548851
0.00566327
0.00583544
0.006011880000000001
0.00618541
0.00636358
0.00654182
0.006721169999999999
0.00690227
0.00708704
0.00727212
0.00745451
0.00764065
0.00782933
0.00801841
0.00820775
0.00839668
0.00858881
0.00877996
0.008973
0.009167179999999999
0.00936389
0.00955815
0.00975543
0.009954010000000001
0.010156
0.0103572
0.010558699999999999

Vgs: 0.5
-3.33827e-06
4.40739e-06
0.000378502
0.0006011689999999999
0.00078294
0.000866964
0.000911245
0.000952465
0.000998061
0.00105182
0.00110823
0.00116662
0.00124126
0.0013028
0.00138094
0.00145552
0.00153955
0.00162349
0.00170791
0.0018116900000000001
0.0019152700000000002
0.0020163399999999997
0.00212196
0.00224314
0.00235657
0.0024849900000000003
0.0026103299999999997
0.0027515900000000004
0.00288505
0.00302939
0.0031764799999999998
0.0033309999999999998
0.00348352
0.00363856
0.00379851
0.0039632700000000005
0.00412404
0.0042910199999999996
0.00446438
0.00463362
0.00480305
0.00497788
0.00515487
0.0053316
0.00551121
0.005694090000000001
0.0058775400000000005
0.0060623000000000005
0.00624945
0.00643885
0.00662825
0.00681626
0.0070109199999999995
0.007205629999999999
0.007400909999999999
0.0075936
0.00779414
0.007993740000000001
0.00819482
0.00839539
0.00859938
0.0088053
0.00900876
0.00921453
0.0094202
0.00962749
0.00983774
0.010055600000000001
0.0102655
0.0104771
0.0106912
0.0109048
0.0111201
0.011336599999999999
0.011555000000000001
0.0117696
0.0119899
0.0122081
0.012432499999999999
0.0126532
0.0128775

Vgs: 1.0
-1.01922e-05
0.00366144
0.00688748
0.00958396
0.0115995
0.0129111
0.013681
0.0141487
0.0145686
0.0149687
0.0152864
0.015588599999999998
0.0159641
0.0163027
0.016572899999999998
0.0169009
0.0172288
0.0175845
0.0178985
0.018198000000000002
0.0185665
0.0189003
0.019202700000000003
0.0195339
0.0198943
0.020236300000000002
0.020535900000000003
0.0208881
0.0211761
0.0214835
0.0217719
0.022073699999999998
0.022364000000000002
0.0226417
0.0229173
0.0232201
0.0234948
0.023774999999999998
0.0240443
0.024325299999999998
0.0246081
0.0248884
0.025155
0.0254424
0.0257199
0.0259945
0.026282200000000002
0.0265476
0.026819199999999998
0.027101200000000002
0.0273888
0.0276666
0.027925699999999998
0.0282287
0.028503499999999998
0.0287858
0.0290625
0.029358099999999998
0.0296491
0.029927
0.030229199999999998
0.030525199999999995
0.0308053
0.0311036
0.0313903
0.0317007
0.0319851
0.0322869
0.0325969
0.0329058
0.033211
0.033518900000000004
0.0338379
0.0341541
0.034468000000000006
0.0347862
0.0351113
0.0354283
0.0357557
0.0360868
0.036425

Vgs: 1.5
-1.20693e-05
0.00687415
0.0136138
0.020377199999999998
0.0269661
0.0330858
0.0385876
0.043343200000000005
0.0473897
0.0505645
0.052849799999999995
0.0544682
0.0556447
0.0565258
0.0572269
0.057898700000000004
0.058644199999999994
0.0592597
0.0598195
0.060479500000000005
0.0611487
0.0617196
0.0622856
0.0628784
0.0634477
0.0639647
0.0644853
0.0649781
0.0654407
0.06587080000000001
0.06630080000000001
0.0667577
0.0671654
0.0675776
0.06792609999999999
0.0683655
0.0687229
0.0691163
0.06951370000000001
0.0698657
0.07027370000000001
0.0706686
0.07103100000000001
0.0713907
0.0717565
0.0721135
0.0724875
0.0728464
0.0731984
0.0735926
0.0739612
0.0743187
0.0747047
0.0750509
0.0754721
0.0758227
0.0761956
0.0765923
0.0769832
0.07737880000000001
0.077777
0.0781945
0.078602
0.0790069
0.0794311
0.0798572
0.080303
0.0807379
0.0811913
0.0816543
0.0821254
0.0825857
0.08307569999999999
0.0835656
0.0840574
0.0845504
0.0850885
0.0855927
0.08614240000000001
0.0866783
0.0872327

Vgs: 2.0
-1.3672200000000001e-05
0.00872487
0.017604500000000002
0.027080299999999998
0.0370067
0.0469793
0.0567238
0.06610429999999999
0.0749471
0.0832092
0.09062730000000001
0.0972472
0.103055
0.107926
0.11179800000000001
0.11488
0.117273
0.11898
0.120262
0.121435
0.122392
0.12334800000000001
0.12420300000000001
0.12505400000000003
0.125807
0.126559
0.127223
0.127907
0.12852999999999998
0.129162
0.129779
0.13035
0.130896
0.131439
0.132023
0.132561
0.133055
0.133585
0.1341
0.134604
0.135072
0.135576
0.136083
0.136532
0.13702
0.137494
0.13795300000000002
0.138407
0.138897
0.13939200000000002
0.139817
0.140312
0.140794
0.14124
0.141714
0.142197
0.142708
0.143168
0.143665
0.144176
0.144689
0.145206
0.14574499999999999
0.146295
0.146842
0.147411
0.148012
0.14860700000000002
0.149235
0.149865
0.15051499999999998
0.15118600000000001
0.151869
0.15257199999999999
0.15329600000000002
0.15404700000000002
0.154809
0.155591
0.15640099999999998
0.15723
0.15809

Vgs: 2.5
-1.42337e-05
0.00993985
0.0203122
0.0318415
0.044320399999999996
0.0572268
0.0702586
0.08319739999999999
0.0957989
0.10808
0.11979100000000001
0.130844
0.141256
0.15101
0.159802
0.167836
0.175041
0.181362
0.18667999999999998
0.19111599999999998
0.19463999999999998
0.197396
0.199495
0.201039
0.20241599999999998
0.20357599999999998
0.204604
0.205572
0.206546
0.207398
0.208151
0.208997
0.209738
0.210483
0.211168
0.211899
0.212617
0.21324300000000002
0.213915
0.214547
0.215176
0.21579600000000002
0.21640700000000002
0.217016
0.217619
0.218157
0.218762
0.219316
0.219862
0.220423
0.220993
0.221563
0.222085
0.222675
0.22322499999999998
0.223782
0.224346
0.224913
0.225531
0.226106
0.226696
0.22732699999999997
0.227977
0.228604
0.22928
0.229993
0.23070600000000002
0.23144499999999998
0.232193
0.232979
0.23380499999999999
0.234648
0.235524
0.236442
0.237383
0.23836100000000002
0.239385
0.240434
0.24153
0.242646
0.243823

Vgs: 3.0
-1.49548e-05
0.0107928
0.022317700000000003
0.035475
0.0500025
0.06532990000000001
0.0809792
0.0967253
0.112442
0.12789999999999999
0.142903
0.157523
0.17168899999999998
0.185218
0.19809800000000002
0.210359
0.221984
0.232704
0.242656
0.251886
0.260197
0.267517
0.27399500000000004
0.279569
0.28416800000000003
0.287861
0.290853
0.293016
0.294849
0.29636799999999996
0.297675
0.29887600000000003
0.299963
0.301043
0.302056
0.303038
0.303894
0.304845
0.305678
0.306523
0.307345
0.308107
0.30889099999999997
0.309632
0.310402
0.311118
0.311823
0.31253200000000003
0.313218
0.31389599999999995
0.31459000000000004
0.31524
0.31588900000000003
0.316533
0.317212
0.31782099999999996
0.318494
0.319172
0.31977
0.32044799999999996
0.321123
0.32182
0.322485
0.32319
0.323924
0.32467900000000005
0.32544300000000004
0.326239
0.32707800000000004
0.327947
0.32885800000000004
0.32979800000000004
0.330789
0.331824
0.332908
0.334033
0.335237
0.336474
0.33776900000000004
0.339121
0.340554

Vgs: 3.5
-1.5139200000000002e-05
0.0114574
0.023904400000000003
0.038405400000000006
0.0546837
0.0720062
0.0898682
0.108016
0.126227
0.14430500000000002
0.162107
0.179671
0.196826
0.213562
0.229645
0.245432
0.26053
0.27496
0.288749
0.301878
0.31427499999999997
0.32576499999999997
0.336663
0.34665199999999996
0.355833
0.364067
0.371436
0.377887
0.383413
0.388088
0.391847
0.39493599999999995
0.39733999999999997
0.399359
0.40109199999999995
0.40259300000000003
0.40395600000000004
0.405265
0.406496
0.407625
0.408684
0.409759
0.410784
0.411752
0.412741
0.41363300000000003
0.41456400000000004
0.415376
0.416288
0.417118
0.417926
0.418756
0.419545
0.42033499999999996
0.421099
0.421877
0.422625
0.423408
0.424124
0.424873
0.42562900000000004
0.426365
0.427135
0.427894
0.42869
0.429454
0.430282
0.431111
0.431971
0.432861
0.43379999999999996
0.434776
0.435787
0.436862
0.437967
0.439138
0.440388
0.441695
0.443087
0.44455100000000003
0.446087

Vgs: 4.0
-1.5457300000000002e-05
0.0119802
0.0251769
0.040876
0.0586821
0.07771120000000001
0.0974753
0.11767799999999999
0.13808
0.15839
0.178643
0.19871799999999998
0.218478
0.23780500000000002
0.256865
0.275389
0.29346500000000003
0.311004
0.328046
0.344466
0.360273
0.375293
0.389859
0.403642
0.416662
0.428952
0.440475
0.451168
0.461003
0.470115
0.47822499999999996
0.485563
0.49198000000000003
0.49753899999999995
0.502222
0.506077
0.509264
0.51188
0.514046
0.5159229999999999
0.517607
0.519169
0.520582
0.521919
0.523194
0.524425
0.525575
0.526724
0.527841
0.528859
0.529874
0.530894
0.531856
0.532795
0.5337430000000001
0.534618
0.535552
0.536362
0.537277
0.5381020000000001
0.538971
0.53977
0.540597
0.5414709999999999
0.542269
0.54311
0.543937
0.5448080000000001
0.545662
0.546539
0.547478
0.5484249999999999
0.549407
0.550447
0.551516
0.5526599999999999
0.5538690000000001
0.555105
0.556433
0.557862
0.559353

Vgs: 4.5
-1.61776e-05
-5.55405e-05
0.026288
0.0429755
0.0620428
0.0826147
0.104047
0.126055
0.14835299999999998
0.170734
0.193013
0.215215
0.237204
0.258897
0.28029
0.301359
0.32202400000000003
0.342147
0.361884
0.381137
0.399831
0.417812
0.435374
0.45233300000000004
0.468667
0.484335
0.49936800000000003
0.513602
0.527199
0.540064
0.552173
0.563568
0.574026
0.583851
0.592728
0.600784
0.6080760000000001
0.614437
0.619986
0.624703
0.6286529999999999
0.631982
0.634698
0.637027
0.639103
0.640922
0.6426510000000001
0.644239
0.645698
0.6471359999999999
0.648465
0.649786
0.6509849999999999
0.652178
0.6533669999999999
0.654456
0.655566
0.6566299999999999
0.6576919999999999
0.658699
0.659676
0.6606719999999999
0.661614
0.662559
0.6635089999999999
0.664428
0.665347
0.666297
0.667194
0.668128
0.6690389999999999
0.6699769999999999
0.670928
0.6719109999999999
0.672948
0.674008
0.6750900000000001
0.676251
0.677468
0.678752
0.6801170000000001

Vgs: 5.0
-1.66232e-05
0.0127886
0.0272199
0.0448259
0.065075
0.0869675
0.109963
0.133597
0.15756599999999998
0.18170799999999998
0.20586700000000002
0.23004000000000002
0.25399299999999997
0.277724
0.30122299999999996
0.324446
0.34735099999999997
0.369821
0.391956
0.41364
0.434837
0.45538799999999996
0.475695
0.495325
0.5145069999999999
0.53303
0.551059
0.5683710000000001
0.585076
0.601225
0.616669
0.6314810000000001
0.645559
0.658951
0.6716110000000001
0.6835100000000001
0.694661
0.705047
0.714577
0.723353
0.7312500000000001
0.7384130000000001
0.744637
0.750103
0.754838
0.758799
0.762145
0.7649980000000001
0.767468
0.769666
0.77163
0.7734639999999999
0.775123
0.7767540000000001
0.778284
0.7797289999999999
0.7811279999999999
0.782433
0.783733
0.784994
0.786226
0.7874019999999999
0.7885449999999999
0.7896770000000001
0.790785
0.7918270000000001
0.792897
0.793934
0.794958
0.79595
0.796984
0.797966
0.798973
0.799962
0.800989
0.802034
0.803086
0.8041619999999999
0.8052750000000001
0.806446
0.807637

Vgs: 5.5
-1.61513e-05
0.0130922
0.0279874
0.0464055
0.0677056
0.09083269999999999
0.115133
0.140226
0.165741
0.191457
0.21732300000000002
0.243153
0.268861
0.294423
0.319837
0.34503399999999995
0.369863
0.39438199999999995
0.41864799999999996
0.442477
0.465864
0.488702
0.511369
0.533404
0.5550280000000001
0.576128
0.596754
0.616748
0.636188
0.6552
0.673519
0.691282
0.708379
0.724961
0.7407959999999999
0.756023
0.770579
0.784435
0.797563
0.809996
0.821687
0.832634
0.842759
0.852123
0.860723
0.868486
0.875442
0.881623
0.887048
0.8916879999999999
0.895686
0.899108
0.90207
0.904629
0.906945
0.9090520000000001
0.910979
0.912749
0.9144920000000001
0.91613
0.9176810000000001
0.919147
0.9205679999999999
0.9219579999999999
0.923268
0.924603
0.9258569999999999
0.927084
0.92826
0.929424
0.9306
0.931716
0.932806
0.9339189999999999
0.934988
0.936056
0.9371130000000001
0.938205
0.939281
0.940391
0.941517

Vgs: 6.0
-1.71736e-05
0.013356199999999999
0.0287092
0.0478199
0.07006910000000001
0.09429580000000001
0.119801
0.146177
0.173094
0.200249
0.22752
0.254931
0.2823
0.309526
0.336579
0.363437
0.39011900000000005
0.416549
0.442547
0.468321
0.49375600000000003
0.518577
0.5432790000000001
0.567454
0.591288
0.614568
0.6374879999999999
0.659793
0.681652
0.703117
0.72397
0.744314
0.7640939999999999
0.7833519999999999
0.802042
0.8201299999999999
0.8375750000000001
0.8544769999999999
0.870709
0.886359
0.901269
0.915585
0.929139
0.942002
0.954174
0.965576
0.976301
0.986176
0.995386
1.0052800000000002
1.01288
1.01972
1.02584
1.0312
1.0357999999999998
1.03983
1.0432
1.04619
1.04893
1.0513700000000001
1.05359
1.05561
1.05748
1.05927
1.06104
1.06268
1.06426
1.06579
1.06727
1.0686499999999999
1.07001
1.07132
1.07265
1.07389
1.07516
1.07637
1.07758
1.07876
1.0799500000000002
1.08111
1.08222

Vgs: 6.5
-1.70602e-05
0.0135752
0.0293409
0.0491187
0.07222329999999999
0.09745730000000001
0.124112
0.15164
0.17980000000000002
0.208328
0.236978
0.265743
0.294544
0.323305
0.351881
0.38034100000000004
0.40858099999999997
0.436647
0.46444599999999997
0.491926
0.519169
0.54581
0.57238
0.598472
0.62428
0.649554
0.674503
0.698995
0.722996
0.7466499999999999
0.769732
0.792428
0.8145519999999999
0.836272
0.85734
0.8780110000000001
0.898037
0.917609
0.93657
0.954959
0.9727009999999999
0.9899209999999999
1.0079799999999999
1.02387
1.03928
1.0539399999999999
1.06792
1.08112
1.09381
1.1056300000000001
1.11683
1.12723
1.13689
1.14579
1.15397
1.1614399999999998
1.1680499999999998
1.174
1.17917
1.1837
1.1877
1.19123
1.1943
1.1970500000000002
1.19952
1.20184
1.20396
1.2059499999999999
1.2078499999999999
1.20961
1.21133
1.21297
1.2145700000000001
1.21614
1.21761
1.21909
1.22049
1.22183
1.22311
1.22444
1.22569

Vgs: 7.0
-1.7245e-05
0.013800399999999999
0.029907600000000003
0.0502833
0.07414409999999999
0.100281
0.127942
0.15653499999999998
0.185821
0.21551
0.24541500000000002
0.27543799999999996
0.305524
0.33560300000000004
0.365639
0.39548099999999997
0.425214
0.454764
0.484087
0.513116
0.54191
0.570156
0.598392
0.626171
0.653771
0.68088
0.707685
0.7340260000000001
0.759976
0.7855810000000001
0.810658
0.835469
0.859701
0.883506
0.90684
0.929754
0.952121
0.974065
0.9953679999999999
1.01781
1.03812
1.05792
1.07717
1.09575
1.11385
1.13131
1.14822
1.1643700000000001
1.1800300000000001
1.19499
1.2093
1.22298
1.23594
1.2482000000000002
1.2598
1.27062
1.2807300000000001
1.29013
1.29875
1.30671
1.3139200000000002
1.3204
1.3261900000000002
1.3313000000000001
1.3358599999999998
1.33982
1.3433
1.3464200000000002
1.3492199999999999
1.35177
1.35413
1.35629
1.35843
1.36039
1.36225
1.36401
1.3657299999999999
1.36738
1.3689399999999998
1.3704699999999999
1.37196

Vgs: 7.5
-1.7347e-05
-8.738660000000001e-05
0.0303754
0.0512921
0.0758383
0.102815
0.131418
0.161016
0.19133999999999998
0.222114
0.253189
0.284375
0.315703
0.34701699999999996
0.378313
0.40946
0.44051799999999997
0.47145899999999996
0.50218
0.5326219999999999
0.562913
0.5926980000000001
0.622495
0.651825
0.681003
0.709742
0.738206
0.7662180000000001
0.793991
0.821371
0.848286
0.874895
0.90105
0.9268320000000001
0.952102
0.977075
1.0029800000000002
1.02708
1.05057
1.0736700000000001
1.09617
1.1183
1.13984
1.16082
1.18138
1.20137
1.22083
1.23957
1.2578500000000001
1.2755500000000002
1.29268
1.30918
1.3251300000000001
1.34031
1.35497
1.36889
1.3822
1.39487
1.40676
1.4180300000000001
1.42851
1.43836
1.4475099999999999
1.4559600000000001
1.4636099999999999
1.4706000000000001
1.47693
1.48251
1.48752
1.49197
1.49588
1.4994100000000001
1.50253
1.50537
1.50793
1.5103600000000001
1.51264
1.51478
1.5168
1.51872
1.52056

Vgs: 8.0
-1.7184599999999998e-05
-5.60064e-05
0.0308448
0.0522154
0.0774289
0.105155
0.134568
0.165088
0.19636299999999998
0.22812000000000002
0.260216
0.292476
0.324875
0.35731599999999997
0.389742
0.422109
0.454347
0.486559
0.518538
0.550327
0.581927
0.6130340000000001
0.6442009999999999
0.675
0.705646
0.7358450000000001
0.76582
0.795473
0.824738
0.85375
0.882311
0.910647
0.938495
0.966051
0.993161
1.02157
1.04785
1.07375
1.09921
1.1242999999999999
1.14882
1.17304
1.19667
1.2198
1.2425400000000002
1.26472
1.28644
1.3076699999999999
1.3283399999999999
1.34845
1.3680400000000001
1.38709
1.40557
1.42342
1.44079
1.4574500000000001
1.4735900000000002
1.48915
1.50398
1.51825
1.5317900000000002
1.54477
1.5570899999999999
1.56866
1.57957
1.58978
1.59928
1.60812
1.6162699999999999
1.6237199999999998
1.63051
1.63661
1.64211
1.64702
1.65136
1.65525
1.6587500000000002
1.66192
1.66477
1.6672
1.66968
