Vgs range: 0,8,0.5
Vds range: 0,8,0.1

Vgs: 0.0
-2.94968e-06
-2.24471e-06
-7.083799999999999e-07
3.65684e-07
0.000384416
0.00044158
0.00046645899999999996
0.000487382
0.000510776
0.00053852
0.000573711
0.000608454
0.000647625
0.000694395
0.0007438449999999999
0.000792697
0.00085086
0.000913823
0.000973812
0.0010428500000000001
0.00112054
0.00119396
0.00127465
0.00135767
0.0014490199999999999
0.00153913
0.00163686
0.00174153
0.00185118
0.00196102
0.00207687
0.0021989600000000002
0.0023217199999999998
0.00244489
0.00257998
0.0027093
0.0028430300000000003
0.0029839700000000003
0.00312344
0.00326703
0.00341365
0.00356234
0.0037121800000000003
0.00386358
0.00401681
0.00417382
0.00433307
0.00449043
0.004653269999999999
0.00481733
0.00498225
0.0051506
0.00531763
0.0054873199999999995
0.00565905
0.005830719999999999
0.00600758
0.00618451
0.0063623099999999995
0.00654114
0.00672326
0.006903289999999999
0.00708505
0.00726907
0.007453919999999999
0.00763971
0.00782653
0.008015979999999999
0.008206219999999998
0.00839663
0.00858737
0.008780630000000001
0.00897403
0.00916735
0.00936311
0.00956109
0.00975703
0.00995437
0.0101601
0.0103596
0.010559599999999999

Vgs: 0.5
-2.94968e-06
4.65597e-06
0.000377783
0.000605652
0.000792442
0.000870904
0.000917163
0.000960977
0.00100432
0.00105568
0.0011163
0.0011746200000000001
0.00124125
0.0013111499999999999
0.00138784
0.0014621900000000001
0.00154058
0.0016346
0.00172759
0.00182022
0.00191672
0.00202693
0.00213676
0.00225194
0.00236614
0.0024991899999999997
0.00262231
0.00275447
0.0028947699999999996
0.00304656
0.0031902700000000003
0.00334076
0.00349382
0.00365257
0.00380845
0.003973030000000001
0.0041381000000000005
0.00430341
0.00446968
0.004640180000000001
0.004815020000000001
0.00499049
0.00516605
0.00534133
0.00552308
0.00570497
0.0058896
0.00607317
0.00626051
0.0064510900000000005
0.00664017
0.00683109
0.0070227399999999995
0.007214320000000001
0.00740892
0.00760513
0.0078038100000000004
0.00800279
0.0082036
0.00840546
0.008605479999999999
0.008811629999999999
0.00901862
0.00922526
0.00943048
0.00964105
0.009849420000000001
0.0100643
0.0102757
0.0104896
0.0106984
0.0109139
0.0111292
0.0113461
0.011562000000000001
0.011780800000000001
0.0120007
0.012221200000000002
0.012442199999999999
0.0126641
0.012887999999999998

Vgs: 1.0
-1.00765e-05
0.0036750700000000003
0.00689918
0.00961422
0.0116343
0.0129169
0.0137065
0.0142288
0.0146474
0.0149974
0.0153563
0.0156736
0.0160007
0.0163248
0.0166878
0.016961
0.0172734
0.0176083
0.0179975
0.0182809
0.018570899999999998
0.018935399999999998
0.0192668
0.0196147
0.019954
0.020305800000000002
0.0206671
0.020967
0.021272700000000002
0.0215833
0.0219144
0.0221715
0.022455000000000003
0.0227808
0.023041
0.0233231
0.0236273
0.023907400000000002
0.0241813
0.0244382
0.0247444
0.0250162
0.0252866
0.025567100000000002
0.025816199999999997
0.0261005
0.0263825
0.0266423
0.0269271
0.0271916
0.0274771
0.0277508
0.0280141
0.028296
0.0285736
0.0288656
0.0291295
0.0294249
0.0297078
0.0300003
0.0302809
0.030555400000000003
0.0308422
0.031148400000000003
0.0314319
0.031739
0.0320358
0.0323308
0.032632
0.032938100000000005
0.03325
0.033556100000000005
0.033856599999999994
0.0341753
0.034496000000000006
0.0348102
0.0351254
0.035454000000000006
0.035779899999999996
0.0361033
0.0364354

Vgs: 1.5
-1.25139e-05
0.00686981
0.0136146
0.0203838
0.0269397
0.0330307
0.0385483
0.0433428
0.0472652
0.0504315
0.0527746
0.054404299999999996
0.0554982
0.0564203
0.0571742
0.0578348
0.0584474
0.0591901
0.0597926
0.0603439
0.0609776
0.061609300000000006
0.062145900000000004
0.062708
0.0632991
0.0638404
0.0643179
0.06479
0.06525800000000001
0.06570039999999999
0.0660925
0.0665801
0.06698069999999999
0.067388
0.0678196
0.0682123
0.0686257
0.0689997
0.0693753
0.0697734
0.0701473
0.0705345
0.0708975
0.0712944
0.0716848
0.0720215
0.0724202
0.0728038
0.0731783
0.0735444
0.07393000000000001
0.0742922
0.0746691
0.0750372
0.0754203
0.075797
0.0761901
0.0765667
0.0769822
0.07737809999999999
0.0777766
0.0781786
0.0785949
0.0790274
0.079441
0.07988490000000001
0.0803112
0.0807719
0.08120949999999999
0.0816799
0.08214779999999999
0.0826081
0.0830926
0.0835789
0.0840772
0.0845892
0.0850963
0.0856219
0.0861522
0.08669650000000001
0.0872532

Vgs: 2.0
-1.35405e-05
0.008730090000000001
0.017617999999999998
0.0271248
0.0370452
0.0470324
0.056820800000000005
0.0661842
0.0750667
0.0833105
0.0907731
0.0973476
0.103176
0.108048
0.111952
0.114986
0.11745
0.119109
0.12040100000000001
0.121489
0.122576
0.1235
0.124349
0.125256
0.126077
0.12673700000000002
0.127455
0.128121
0.128795
0.12940200000000002
0.129993
0.130601
0.131095
0.131697
0.13219499999999998
0.132719
0.13321200000000002
0.133748
0.134269
0.134731
0.13523100000000002
0.135725
0.136207
0.13667
0.137155
0.13759
0.13806
0.13852299999999998
0.138998
0.139448
0.139921
0.140376
0.14086
0.141314
0.141776
0.142257
0.142729
0.143229
0.14371699999999998
0.144208
0.14472500000000002
0.14525000000000002
0.14577700000000002
0.14630900000000002
0.14688700000000002
0.14743699999999998
0.14804099999999998
0.148618
0.14925
0.14988400000000002
0.150533
0.151198
0.151886
0.152594
0.153323
0.15406799999999998
0.154832
0.155612
0.156412
0.15723399999999998
0.158094

Vgs: 2.5
-1.4486299999999999e-05
0.00994051
0.0202942
0.0318266
0.044326599999999994
0.0572327
0.07020559999999999
0.0831339
0.09584680000000001
0.107977
0.11972200000000001
0.13086599999999998
0.141228
0.15082600000000002
0.159744
0.167852
0.174963
0.18123
0.186605
0.191057
0.1946
0.197321
0.199429
0.201061
0.202408
0.203565
0.20457
0.205554
0.20646099999999998
0.207393
0.208171
0.208972
0.209798
0.210506
0.211232
0.211943
0.212631
0.213311
0.21396300000000001
0.214592
0.215257
0.215868
0.21643199999999999
0.217063
0.21764899999999998
0.218276
0.21883499999999997
0.219409
0.219976
0.220561
0.221123
0.221668
0.222246
0.22281800000000002
0.223393
0.223935
0.224511
0.225093
0.225689
0.226293
0.22689499999999999
0.22750499999999999
0.228128
0.228777
0.229444
0.23013299999999998
0.230835
0.231577
0.232329
0.233111
0.233922
0.23475300000000002
0.235627
0.236533
0.23746899999999999
0.238443
0.23945999999999998
0.240497
0.241586
0.242706
0.243872

Vgs: 3.0
-1.4915499999999998e-05
0.010784100000000001
0.0223063
0.035459500000000005
0.0499902
0.0652893
0.080972
0.09674630000000001
0.11242200000000001
0.127899
0.142923
0.15754300000000002
0.171674
0.185257
0.19814
0.210372
0.22195
0.23277199999999998
0.242693
0.251859
0.260165
0.267588
0.274015
0.279588
0.284192
0.287939
0.29085
0.293138
0.29495299999999997
0.296427
0.29778600000000005
0.298965
0.300101
0.301142
0.30217900000000003
0.303111
0.304019
0.304896
0.305789
0.30659200000000003
0.307356
0.308177
0.30895100000000003
0.309719
0.31040100000000004
0.31112700000000004
0.31184700000000004
0.31255999999999995
0.313235
0.31391399999999997
0.31459899999999996
0.31527
0.315921
0.316579
0.317242
0.317898
0.31853699999999996
0.319183
0.31984100000000004
0.32049900000000003
0.32119499999999995
0.321867
0.32258
0.323267
0.32402000000000003
0.32477199999999995
0.32553299999999996
0.32634
0.327177
0.328055
0.328951
0.329889
0.33088300000000004
0.33191600000000004
0.33299300000000004
0.334118
0.335312
0.336548
0.337849
0.339206
0.340614

Vgs: 3.5
-1.5186999999999999e-05
0.011444600000000001
0.0238712
0.0383831
0.0546691
0.07198940000000001
0.08983
0.10796
0.12618100000000002
0.144269
0.162064
0.179636
0.196825
0.21353100000000003
0.229677
0.245396
0.260535
0.27502
0.28881399999999996
0.301983
0.31443600000000005
0.325915
0.33682
0.34686100000000003
0.356
0.364265
0.371668
0.378143
0.38368199999999997
0.388345
0.392182
0.39526999999999995
0.39772
0.399713
0.401442
0.40296899999999997
0.404314
0.40560999999999997
0.406839
0.40797799999999995
0.409066
0.410141
0.411096
0.41214300000000004
0.41307900000000003
0.414014
0.41487
0.415777
0.41668299999999997
0.417462
0.41831
0.419072
0.419882
0.420642
0.42143600000000003
0.422178
0.422936
0.423673
0.4244
0.425164
0.42591500000000004
0.426649
0.42739699999999997
0.428147
0.428915
0.429709
0.430509
0.431358
0.432207
0.43306300000000003
0.43399600000000005
0.434958
0.43598600000000004
0.437042
0.438164
0.439318
0.440564
0.441859
0.443236
0.444677
0.446206

Vgs: 4.0
-1.54338e-05
0.0119792
0.0251832
0.0408738
0.0586311
0.07766419999999999
0.097447
0.117609
0.13800199999999999
0.15840200000000002
0.178598
0.198585
0.218387
0.23777600000000002
0.256715
0.275272
0.293353
0.31090799999999996
0.327864
0.34430700000000003
0.36018999999999995
0.375193
0.389686
0.403487
0.416539
0.428827
0.440347
0.451
0.460897
0.469968
0.478152
0.485457
0.49193000000000003
0.497478
0.502176
0.506096
0.509233
0.5119499999999999
0.5140490000000001
0.515947
0.51765
0.5192060000000001
0.520613
0.5219349999999999
0.523275
0.524485
0.5256660000000001
0.52681
0.5279240000000001
0.528997
0.529996
0.531017
0.531998
0.532938
0.533881
0.534782
0.535696
0.536578
0.537417
0.538323
0.539162
0.539997
0.540775
0.54165
0.542486
0.543307
0.544176
0.545035
0.5459160000000001
0.546818
0.5477369999999999
0.54869
0.549674
0.550705
0.551773
0.55289
0.554082
0.555334
0.556657
0.558059
0.5595589999999999

Vgs: 4.5
-1.62961e-05
-5.87489e-05
0.0262806
0.0429872
0.0620754
0.0826171
0.104068
0.126064
0.148376
0.17080099999999998
0.193082
0.21527300000000002
0.23726699999999998
0.259008
0.28037100000000004
0.301419
0.322125
0.34232
0.362034
0.381274
0.400034
0.41801499999999997
0.435624
0.4526
0.468992
0.484626
0.499665
0.513996
0.527532
0.540406
0.552539
0.563906
0.574422
0.584186
0.593137
0.6012339999999999
0.608442
0.614848
0.620396
0.625114
0.629025
0.63234
0.6351030000000001
0.637448
0.639518
0.641357
0.643045
0.644603
0.646093
0.647509
0.64886
0.650119
0.6514030000000001
0.652614
0.653753
0.654856
0.6559400000000001
0.657007
0.658036
0.659042
0.660043
0.661019
0.661998
0.662905
0.663835
0.66478
0.665711
0.666606
0.667534
0.668427
0.669339
0.670307
0.671265
0.672229
0.6732630000000001
0.6743250000000001
0.675419
0.676582
0.6777839999999999
0.679072
0.6804410000000001

Vgs: 5.0
-1.6387700000000002e-05
0.012801499999999999
0.027225100000000002
0.0448159
0.06505209999999999
0.08696250000000001
0.109906
0.133522
0.1575
0.18166100000000002
0.205841
0.229941
0.253911
0.277643
0.301174
0.324384
0.347271
0.369692
0.391893
0.41355
0.434714
0.455302
0.475628
0.495226
0.5143949999999999
0.5329360000000001
0.5509879999999999
0.56834
0.585063
0.601235
0.616659
0.6315000000000001
0.645574
0.659013
0.671662
0.683638
0.694775
0.705217
0.71477
0.723551
0.731482
0.738644
0.744916
0.750417
0.755129
0.7591450000000001
0.762454
0.7653449999999999
0.767845
0.7700520000000001
0.7720370000000001
0.773886
0.7755719999999999
0.777177
0.778704
0.780167
0.781564
0.782894
0.784217
0.785421
0.786683
0.787885
0.789035
0.7901600000000001
0.791228
0.7922969999999999
0.7933709999999999
0.794415
0.795425
0.79643
0.797442
0.7984249999999999
0.799438
0.800408
0.801449
0.8024730000000001
0.8035129999999999
0.804604
0.805721
0.8068679999999999
0.808069

Vgs: 5.5
-1.6295000000000002e-05
0.0130749
0.0279875
0.0463981
0.06768199999999999
0.0908091
0.115122
0.14016800000000001
0.165653
0.19142599999999999
0.217274
0.243095
0.26880699999999996
0.294453
0.319847
0.344945
0.3698
0.394393
0.418587
0.44243
0.465905
0.488733
0.51134
0.533329
0.5550489999999999
0.576079
0.596752
0.616756
0.636228
0.655225
0.673509
0.691337
0.708465
0.724938
0.7408319999999999
0.756111
0.770641
0.784521
0.7976489999999999
0.810097
0.821769
0.832755
0.842925
0.852316
0.8609330000000001
0.868669
0.875704
0.881899
0.887342
0.8920100000000001
0.8960049999999999
0.8994479999999999
0.9024
0.905018
0.9073030000000001
0.909453
0.911351
0.9131830000000001
0.914899
0.916501
0.918057
0.919563
0.920979
0.922353
0.9236949999999999
0.925005
0.926261
0.9275019999999999
0.928708
0.929867
0.9310339999999999
0.932152
0.933237
0.934338
0.935424
0.936532
0.937586
0.938659
0.939758
0.940844
0.9419740000000001

Vgs: 6.0
-1.70822e-05
0.0133583
0.0287132
0.047806
0.0700485
0.0942926
0.119809
0.14615799999999998
0.173102
0.200241
0.22755799999999998
0.254919
0.282308
0.309517
0.336566
0.36345700000000003
0.39016399999999996
0.41652300000000003
0.442556
0.468352
0.49379199999999995
0.518613
0.5432790000000001
0.567501
0.591323
0.614584
0.6375379999999999
0.659945
0.681801
0.703241
0.7240709999999999
0.74451
0.764284
0.7835799999999999
0.8022870000000001
0.820381
0.837844
0.854779
0.8710150000000001
0.886657
0.9015470000000001
0.915886
0.929497
0.942349
0.954544
0.9659449999999999
0.9767179999999999
0.986652
0.995851
1.00574
1.01339
1.02025
1.02637
1.03173
1.03637
1.04036
1.0438800000000001
1.04694
1.04964
1.0520399999999999
1.0542
1.05626
1.0581099999999999
1.05992
1.06165
1.06328
1.06486
1.0664500000000001
1.0679100000000001
1.06929
1.07062
1.07193
1.0732700000000002
1.07456
1.07581
1.077
1.0782100000000001
1.07935
1.08055
1.0816700000000001
1.08281

Vgs: 6.5
-1.71017e-05
0.0135752
0.0293156
0.049079899999999996
0.0721974
0.09743969999999999
0.124051
0.151636
0.17975
0.20826699999999998
0.236944
0.265704
0.294471
0.323172
0.351795
0.38026299999999996
0.40853599999999995
0.43655700000000003
0.46433800000000003
0.49180399999999996
0.51901
0.545605
0.572235
0.598269
0.6240389999999999
0.649366
0.674331
0.698794
0.7227950000000001
0.746449
0.769501
0.792237
0.814394
0.836075
0.85722
0.8778870000000001
0.8979469999999999
0.9175760000000001
0.936454
0.954913
0.972655
0.989894
1.0080099999999999
1.02393
1.0393100000000002
1.05398
1.06799
1.08131
1.09396
1.10585
1.11707
1.1275
1.13724
1.1461299999999999
1.15435
1.16179
1.16838
1.17439
1.1796499999999999
1.1842899999999998
1.18829
1.19175
1.1948
1.19761
1.2001
1.20239
1.2045000000000001
1.20652
1.20842
1.2102
1.21195
1.21356
1.21521
1.21671
1.2182
1.21966
1.22107
1.22237
1.22373
1.22502
1.2263300000000001

Vgs: 7.0
-1.74173e-05
0.0137962
0.0298878
0.0502717
0.0741407
0.100294
0.127946
0.15654300000000002
0.185816
0.21548699999999998
0.24544900000000003
0.275513
0.305569
0.335589
0.3656
0.395505
0.42521
0.454785
0.48411899999999997
0.513143
0.541957
0.570221
0.5984929999999999
0.626275
0.653845
0.680959
0.707788
0.734101
0.7600779999999999
0.785703
0.8107770000000001
0.835549
0.859794
0.8836360000000001
0.90695
0.929859
0.9522149999999999
0.9741500000000001
0.995475
1.0179
1.0382200000000001
1.0580100000000001
1.07724
1.09589
1.11402
1.1313600000000001
1.1482700000000001
1.16454
1.18021
1.19517
1.20956
1.22319
1.2362
1.2484499999999998
1.26014
1.271
1.2811299999999999
1.2905900000000001
1.2993
1.3072400000000002
1.31442
1.32096
1.32674
1.33189
1.33643
1.3404
1.34388
1.34699
1.34979
1.3524100000000001
1.35473
1.35692
1.3590200000000001
1.36101
1.3628200000000001
1.36464
1.36635
1.3679899999999998
1.36961
1.37114
1.3726

Vgs: 7.5
-1.7240800000000003e-05
-8.640710000000001e-05
0.0303844
0.0512818
0.0758209
0.10279400000000001
0.131317
0.160771
0.191011
0.221776
0.2528
0.28394800000000003
0.315185
0.346481
0.377713
0.408832
0.439847
0.470705
0.501401
0.5318229999999999
0.5620529999999999
0.5917840000000001
0.62152
0.6508529999999999
0.680035
0.708727
0.73719
0.765215
0.792921
0.820291
0.8472160000000001
0.873851
0.899996
0.9257529999999999
0.951026
0.975992
1.00193
1.02599
1.04952
1.07265
1.09519
1.11734
1.1389
1.15991
1.1804999999999999
1.2004400000000002
1.21992
1.23882
1.25714
1.27487
1.2920200000000002
1.3085499999999999
1.3245
1.33977
1.35443
1.3684
1.3817300000000001
1.39441
1.40645
1.41775
1.42832
1.43831
1.44747
1.4559499999999999
1.4637
1.47081
1.47716
1.48281
1.48786
1.49238
1.49635
1.4998399999999998
1.503
1.5058999999999998
1.5085199999999999
1.5109
1.51319
1.51534
1.5174100000000001
1.5193100000000002
1.5211599999999998

Vgs: 8.0
-1.7371399999999998e-05
-4.05861e-05
0.0308039
0.0521489
0.07733699999999999
0.10504400000000001
0.134393
0.164862
0.19611499999999998
0.22781400000000002
0.259817
0.292079
0.324458
0.356855
0.389202
0.421568
0.453808
0.485892
0.517798
0.549622
0.581189
0.61222
0.643426
0.67415
0.704782
0.734969
0.764953
0.7945260000000001
0.8237869999999999
0.852767
0.881304
0.909613
0.9374560000000001
0.9649920000000001
0.992099
1.0204199999999999
1.04671
1.07265
1.09809
1.1231900000000001
1.1477
1.1719
1.1955500000000001
1.2187000000000001
1.2414699999999999
1.2637099999999999
1.2853999999999999
1.30657
1.3273300000000001
1.3474599999999999
1.3670799999999999
1.38609
1.4046399999999999
1.42254
1.43996
1.45667
1.47279
1.48841
1.50333
1.5176
1.5312100000000002
1.54426
1.5566
1.5682800000000001
1.57922
1.58958
1.59914
1.60803
1.6162100000000001
1.6237599999999999
1.6306
1.6367
1.64227
1.64723
1.6516899999999999
1.65558
1.6591200000000002
1.6623199999999998
1.66521
1.66786
1.67029
