Vgs range: 0,8,0.1
Vds range: 0,8,0.5

Vgs: 0.0
-3.28856e-06
-2.8999100000000002e-06
-2.94967e-06
-3.26372e-06
-3.3133799999999998e-06
-3.0241999999999998e-06
-3.02637e-06
-3.388e-06
-3.1018499999999998e-06
-2.99935e-06
-3.4625600000000003e-06
-3.41282e-06
-3.22302e-06
-3.16473e-06
-3.5371199999999997e-06
-3.33693e-06
-3.1981900000000003e-06
-3.5371199999999997e-06
-3.61164e-06
-3.24787e-06
-3.53713e-06
-3.58681e-06
-3.22302e-06
-3.22309e-06
-3.5371199999999997e-06
-3.2282300000000003e-06
-3.17335e-06
-3.61169e-06
-3.6365300000000002e-06
-3.24789e-06
-3.1485e-06
-3.68624e-06
-3.24336e-06
-3.32246e-06
-3.51227e-06
-3.58682e-06
-3.1981699999999997e-06
-3.25722e-06
-3.66138e-06
-3.26845e-06
-3.1982e-06
-3.68625e-06
-3.66139e-06
-3.24788e-06
-3.32247e-06
-3.56197e-06
-3.56189e-06
-3.27274e-06
-3.63654e-06
-3.68624e-06
-3.29759e-06
-3.37223e-06
-3.63654e-06
-3.56193e-06
-3.2479e-06
-3.61168e-06
-3.6365300000000002e-06
-3.3484e-06
-3.2976100000000003e-06
-3.61168e-06
-3.6365099999999997e-06
-3.37217e-06
-3.6365200000000004e-06
-3.7110899999999996e-06
-3.24788e-06
-3.2727700000000003e-06
-3.66139e-06
-3.73592e-06
-3.22304e-06
-3.5619800000000002e-06
-3.58682e-06
-3.32246e-06
-3.24792e-06
-3.7111000000000003e-06
-3.7110899999999996e-06
-3.2976e-06
-3.27278e-06
-3.66139e-06
-3.4367e-06
-3.42187e-06
-3.63654e-06

Vgs: 0.5
0.000449627
0.00044793000000000003
0.000463909
0.00048503699999999996
0.000573413
0.000781567
0.00164573
0.0028638500000000002
0.0050627599999999995
0.008622010000000001
0.0129091
0.0165396
0.020782
0.025
0.0288666
0.0324314
0.035624699999999995
0.0386559
0.041545000000000006
0.044031
0.0465243
0.048884800000000006
0.0510194
0.053010699999999994
0.054991200000000004
0.0568691
0.0586103
0.060305
0.0619012
0.063464
0.0649821
0.0663961
0.0677943
0.0691537
0.07041410000000001
0.0716725
0.0728841
0.07405439999999999
0.0751917
0.0762729
0.0773757
0.0784126
0.0794037
0.0804232
0.08138909999999999
0.0822696
0.0831804
0.0840911
0.0849498
0.0858012
0.0866426
0.0874486
0.088237
0.0889913
0.0897648
0.0904996
0.0912026
0.0919135
0.0925949
0.09328220000000001
0.093926
0.0945627
0.0952124
0.09584430000000001
0.0964402
0.09704270000000001
0.0976176
0.0982023
0.09868550000000001
0.0992827
0.0998589
0.100435
0.10088499999999999
0.101359
0.101842
0.102304
0.102795
0.103266
0.10369199999999999
0.10416099999999999
0.104605

Vgs: 1.0
0.000577107
0.00058
0.000597828
0.000629811
0.0007228569999999999
0.00111484
0.00179159
0.0034520600000000003
0.0062635
0.00987185
0.015333000000000001
0.020385900000000002
0.0267703
0.034879
0.0427241
0.051316600000000004
0.059816799999999996
0.06758009999999999
0.0756036
0.0826269
0.0894912
0.0960163
0.10314699999999999
0.107922
0.113431
0.118731
0.123848
0.128599
0.132882
0.137675
0.142043
0.146148
0.150185
0.153978
0.157679
0.16128
0.164774
0.168264
0.171623
0.174778
0.177812
0.180887
0.183828
0.186644
0.189535
0.192282
0.19487000000000002
0.197324
0.200193
0.202626
0.205009
0.20739200000000002
0.209734
0.212053
0.214218
0.216392
0.218479
0.220649
0.22268200000000002
0.22471899999999997
0.226664
0.228536
0.230486
0.232276
0.23414000000000001
0.23582999999999998
0.23755900000000002
0.239327
0.24093399999999998
0.242591
0.24421099999999998
0.24581199999999997
0.247323
0.24884100000000003
0.250368
0.25187000000000004
0.25320600000000004
0.25467300000000004
0.25607
0.257398
0.258702

Vgs: 1.5
0.000792147
0.000794981
0.0008228529999999999
0.000859669
0.000990405
0.00146787
0.0023236
0.00419364
0.00700459
0.0117823
0.0160722
0.0218478
0.029325
0.0375233
0.0463313
0.056370699999999996
0.0668674
0.0779517
0.0895006
0.10346999999999999
0.113208
0.124632
0.135763
0.146263
0.156754
0.166561
0.175736
0.184486
0.19294599999999998
0.200986
0.209041
0.216463
0.223735
0.23078700000000002
0.237779
0.237061
0.250462
0.256633
0.26247899999999996
0.268254
0.27412200000000003
0.27967299999999995
0.28487599999999996
0.290053
0.295097
0.300036
0.30476499999999995
0.30949200000000004
0.31406
0.31860900000000003
0.322949
0.327264
0.331496
0.33552499999999996
0.339493
0.343445
0.347212
0.351126
0.354732
0.358303
0.361869
0.365263
0.36881400000000003
0.371951
0.37527
0.378417
0.379038
0.379109
0.379118
0.37912999999999997
0.379109
0.379199
0.379191
0.39218400000000003
0.40428699999999995
0.407091
0.409724
0.41224700000000003
0.414752
0.417143
0.419584

Vgs: 2.0
0.0011185400000000001
0.00111933
0.00115664
0.00121158
0.00134369
0.0018405
0.00297411
0.004887900000000001
0.00806036
0.013106
0.0175702
0.024087
0.0315224
0.0399218
0.0491052
0.0591852
0.0702883
0.0816793
0.09409870000000001
0.109104
0.12022300000000001
0.13407
0.14854199999999998
0.163359
0.17765899999999998
0.192235
0.206349
0.22000899999999998
0.222281
0.222413
0.22237600000000002
0.222363
0.22230899999999998
0.222355
0.26326000000000005
0.311467
0.321889
0.331408
0.340501
0.349495
0.35821
0.366423
0.37462
0.382563
0.39012600000000003
0.397735
0.40497
0.412129
0.418461
0.42584099999999997
0.432659
0.43883
0.445262
0.45143700000000003
0.457521
0.46341600000000005
0.469241
0.474917
0.48043
0.485811
0.49117599999999995
0.49631899999999995
0.5012490000000001
0.506471
0.511459
0.516174
0.520925
0.5256230000000001
0.52996
0.534432
0.538756
0.5429970000000001
0.547416
0.551439
0.5553720000000001
0.559386
0.5631609999999999
0.567018
0.570733
0.574451
0.578065

Vgs: 2.5
0.00155163
0.00155274
0.0015959400000000001
0.00166362
0.00182924
0.00239474
0.0036445500000000003
0.005764549999999999
0.008911599999999999
0.0144706
0.019455800000000002
0.025992
0.0335505
0.0425853
0.0516299
0.062423799999999995
0.0731019
0.0849416
0.0978637
0.11276499999999999
0.123416
0.138832
0.153279
0.168442
0.184179
0.200709
0.217914
0.23408
0.25091
0.267882
0.28479299999999996
0.30107
0.317009
0.33202
0.346742
0.361344
0.374906
0.388855
0.401204
0.413773
0.42611899999999997
0.43757300000000005
0.449541
0.460474
0.470959
0.48154600000000003
0.49154000000000003
0.5015609999999999
0.511078
0.520659
0.5299830000000001
0.538734
0.547778
0.556092
0.564576
0.572785
0.580704
0.588549
0.596105
0.603688
0.611039
0.61812
0.624492
0.632135
0.6389199999999999
0.645581
0.652012
0.658402
0.664511
0.67073
0.676763
0.6827559999999999
0.688366
0.693921
0.699528
0.705245
0.7103240000000001
0.715671
0.720696
0.725859
0.730851

Vgs: 3.0
0.0020912699999999997
0.00209568
0.00215174
0.0022273700000000002
0.00246148
0.00305013
0.004399009999999999
0.0068354800000000005
0.010988999999999999
0.0149815
0.0208967
0.0276092
0.0352577
0.0442291
0.0537016
0.0642664
0.07551490000000001
0.0875992
0.10242399999999999
0.113396
0.12732
0.141923
0.157133
0.17241700000000001
0.188629
0.205267
0.21958
0.239657
0.257616
0.2757
0.294422
0.313201
0.332249
0.350943
0.36978
0.388765
0.406858
0.424744
0.442041
0.458605
0.472395
0.49035300000000004
0.505804
0.5205919999999999
0.534936
0.5488580000000001
0.562286
0.5757209999999999
0.5883929999999999
0.600908
0.613035
0.6248980000000001
0.6363989999999999
0.647721
0.658837
0.669481
0.679841
0.6902600000000001
0.7002039999999999
0.7105250000000001
0.719912
0.729224
0.7386670000000001
0.747295
0.756271
0.7652
0.7734719999999999
0.781686
0.789011
0.797803
0.805732
0.81321
0.820918
0.828128
0.83538
0.8424809999999999
0.849348
0.856317
0.862924
0.869786
0.876025

Vgs: 3.5
0.00271807
0.00271931
0.00279437
0.00289427
0.00314183
0.0038331800000000003
0.00530482
0.007821139999999999
0.0121978
0.0163143
0.0218224
0.0292491
0.0372834
0.0461293
0.0558219
0.0664821
0.0779463
0.08979380000000001
0.10501200000000001
0.116029
0.130241
0.144961
0.160207
0.175904
0.192086
0.209164
0.226639
0.24405
0.262713
0.280633
0.299848
0.319829
0.339235
0.358427
0.378643
0.399353
0.42011499999999996
0.438797
0.46127
0.482178
0.502526
0.5222
0.541966
0.561167
0.5791900000000001
0.5975
0.6144050000000001
0.632159
0.647773
0.664041
0.6794779999999999
0.693457
0.709309
0.723617
0.7383259999999999
0.751443
0.76467
0.777896
0.790488
0.803199
0.815401
0.827047
0.838831
0.850092
0.8617600000000001
0.872795
0.882907
0.893525
0.90365
0.914185
0.9240020000000001
0.9332210000000001
0.9428070000000001
0.9522349999999999
0.961412
0.970139
0.978868
0.987506
0.9958409999999999
1.00714
1.01377

Vgs: 4.0
0.00342022
0.0034252799999999997
0.00351065
0.0036302599999999997
0.00392416
0.00464694
0.00624433
0.00888381
0.0133721
0.0176178
0.023652600000000003
0.030698299999999998
0.0386419
0.048139600000000005
0.0577728
0.0685448
0.0802345
0.0919899
0.10727300000000001
0.11838800000000001
0.132818
0.147702
0.163017
0.178672
0.19536299999999998
0.21241000000000002
0.229755
0.24765900000000002
0.266023
0.28531999999999996
0.303996
0.307446
0.307462
0.30751
0.307518
0.307486
0.307486
0.307514
0.392586
0.49002300000000004
0.5136459999999999
0.53602
0.5582900000000001
0.58062
0.602678
0.624614
0.645806
0.6651079999999999
0.687354
0.707411
0.726895
0.745582
0.7639440000000001
0.7818970000000001
0.79989
0.816921
0.83306
0.8495469999999999
0.865064
0.880646
0.895863
0.90835
0.924984
0.939334
0.9531379999999999
0.966249
0.979337
0.992599
1.00858
1.01915
1.03081
1.04254
1.0543799999999999
1.06562
1.0763
1.08832
1.09852
1.1092199999999999
1.11943
1.12972
1.1397899999999999

Vgs: 4.5
0.0041884
0.004198159999999999
0.00430153
0.00443662
0.00474342
0.005562269999999999
0.0072147700000000006
0.00985532
0.014498
0.018805
0.024924500000000002
0.0319455
0.040144900000000004
0.0494025
0.059212999999999995
0.07021949999999999
0.08210279999999999
0.09400889999999999
0.109352
0.120488
0.135069
0.149939
0.165463
0.181355
0.197834
0.21564
0.232666
0.250835
0.26907
0.28817
0.307742
0.327371
0.347624
0.367825
0.389233
0.409935
0.431367
0.453354
0.47329099999999996
0.49771899999999997
0.520227
0.543023
0.5670099999999999
0.589663
0.613785
0.6366590000000001
0.660372
0.6841189999999999
0.7072579999999999
0.731174
0.754152
0.776966
0.7974460000000001
0.820897
0.842436
0.863275
0.883167
0.903272
0.922431
0.941513
0.959776
0.9773970000000001
0.9951579999999999
1.0168899999999998
1.03046
1.04688
1.06258
1.0784099999999999
1.09345
1.10855
1.12215
1.1373799999999998
1.15204
1.1654
1.1790399999999999
1.19209
1.20491
1.2182
1.23014
1.2424700000000002
1.2546199999999998

Vgs: 5.0
0.00501096
0.0050163
0.00513394
0.0052844
0.00564629
0.00646309
0.00815958
0.0115302
0.0144821
0.0200177
0.0263482
0.033563499999999996
0.0417884
0.051028
0.061030499999999994
0.0720103
0.083633
0.09590180000000001
0.111427
0.12266999999999999
0.13748300000000002
0.152356
0.168128
0.183868
0.20075
0.217925
0.233465
0.254044
0.27238
0.29138
0.311077
0.331015
0.351215
0.37168999999999996
0.39347699999999997
0.414473
0.435818
0.458126
0.480393
0.503344
0.524692
0.548777
0.572479
0.596086
0.62073
0.644858
0.668198
0.6927730000000001
0.717151
0.7424299999999999
0.767105
0.791648
0.816855
0.8414699999999999
0.866262
0.890611
0.914546
0.93918
0.961002
0.9835119999999999
1.0111
1.02851
1.04975
1.05349
1.0536
1.05364
1.05371
1.05377
1.05379
1.05383
1.1167799999999999
1.2135900000000002
1.2346
1.25103
1.2672899999999998
1.2830700000000002
1.2985
1.3137299999999998
1.32818
1.34329
1.35694

Vgs: 5.5
0.00585672
0.0058623
0.0059987
0.00616402
0.0065462
0.0074391100000000005
0.009195459999999999
0.0126642
0.0161374
0.0214259
0.0277109
0.0350814
0.0432944
0.0527631
0.0628087
0.0738215
0.086127
0.0981475
0.11367899999999999
0.124962
0.139884
0.15497
0.170594
0.18652
0.20355199999999998
0.221072
0.23910599999999999
0.257219
0.27588
0.29458
0.314297
0.33503299999999997
0.35473
0.375568
0.396844
0.418038
0.439989
0.46232
0.484684
0.508262
0.530535
0.554106
0.578032
0.6015
0.625755
0.6503099999999999
0.672809
0.6997639999999999
0.724629
0.750677
0.775388
0.8005329999999999
0.826316
0.852412
0.878217
0.904165
0.929775
0.9563510000000001
0.981553
1.0135299999999998
1.03417
1.05949
1.0840299999999998
1.1076899999999998
1.13124
1.15448
1.17776
1.19908
1.2209
1.2419099999999998
1.2624900000000001
1.28278
1.30265
1.32152
1.3406
1.3591199999999999
1.37706
1.3949500000000001
1.39838
1.3985200000000002
1.39864

Vgs: 6.0
0.00674481
0.00675348
0.00690874
0.0070909400000000004
0.00749527
0.00843016
0.0106555
0.0131882
0.017355
0.0226156
0.0291511
0.036588699999999995
0.0449141
0.0545134
0.0649445
0.0758264
0.0877531
0.102507
0.113567
0.127286
0.142045
0.157711
0.173086
0.189118
0.20599
0.22354100000000002
0.241497
0.25928399999999996
0.278204
0.297617
0.31760099999999997
0.337597
0.358112
0.378745
0.399812
0.421906
0.44365000000000004
0.466046
0.4883930000000001
0.51132
0.534907
0.555734
0.582078
0.6062040000000001
0.6309450000000001
0.655318
0.679821
0.7051820000000001
0.730049
0.7558400000000001
0.782089
0.807194
0.8344999999999999
0.85969
0.88611
0.91296
0.9390270000000001
0.96687
0.992899
1.02609
1.04818
1.07504
1.10178
1.12859
1.15551
1.18136
1.20683
1.2331
1.25767
1.28222
1.3062799999999999
1.3298400000000001
1.35324
1.3751200000000001
1.39755
1.41982
1.43991
1.4587400000000001
1.48091
1.50099
1.52139

Vgs: 6.5
0.00767214
0.007679850000000001
0.007849469999999999
0.00805521
0.00847622
0.00945529
0.0117326
0.014311
0.0185682
0.0239688
0.0303355
0.0380473
0.0466243
0.0564656
0.0664988
0.0777431
0.0897757
0.104726
0.116004
0.12988799999999998
0.144708
0.15997799999999998
0.17585699999999999
0.17862299999999998
0.178643
0.178665
0.178661
0.178648
0.178683
0.236564
0.319317
0.340994
0.361763
0.38291200000000003
0.40381500000000004
0.425344
0.44728900000000005
0.47022200000000003
0.49215000000000003
0.515173
0.538719
0.562134
0.5864419999999999
0.60963
0.635452
0.659767
0.684472
0.710041
0.7365120000000001
0.761277
0.787041
0.8127800000000001
0.839391
0.86622
0.892509
0.919385
0.945964
0.973723
1.00709
1.0296999999999998
1.05721
1.08433
1.1123100000000001
1.13985
1.16798
1.1959600000000001
1.22292
1.2513100000000001
1.27816
1.3059
1.33277
1.3591600000000001
1.38589
1.41133
1.43742
1.4607999999999999
1.48617
1.51024
1.5333700000000001
1.5566
1.57895

Vgs: 7.0
0.00862284
0.00863351
0.008817249999999999
0.00903985
0.00959102
0.010727700000000001
0.012399199999999999
0.015526100000000001
0.0198155
0.0252933
0.0319396
0.040015999999999996
0.048299800000000004
0.0573997
0.068353
0.0798391
0.0924171
0.10719
0.118628
0.132388
0.147672
0.16284
0.178947
0.195213
0.212776
0.230179
0.247965
0.266762
0.2852
0.30465499999999995
0.32489900000000005
0.344829
0.365385
0.386444
0.407767
0.42946100000000004
0.451337
0.474229
0.496534
0.5193679999999999
0.5238079999999999
0.523863
0.5238929999999999
0.5239450000000001
0.5239440000000001
0.523967
0.523965
0.604792
0.735187
0.765742
0.791907
0.817917
0.844476
0.87161
0.898301
0.9253290000000001
0.952164
0.979758
1.01377
1.03686
1.0642900000000002
1.09192
1.12058
1.1482700000000001
1.17682
1.20499
1.2330699999999999
1.26297
1.29009
1.31905
1.34748
1.3755499999999998
1.40517
1.43285
1.4604
1.48814
1.51516
1.54327
1.56959
1.59531
1.62117

Vgs: 7.5
0.00959605
0.00960787
0.00980848
0.0101053
0.010523600000000001
0.0115695
0.0135566
0.0166832
0.0211288
0.0267594
0.0335385
0.041309900000000004
0.0503008
0.0600841
0.0707429
0.0821017
0.0944898
0.10986699999999999
0.121274
0.135659
0.150655
0.166319
0.183043
0.199357
0.21618099999999998
0.234304
0.25226699999999996
0.27091000000000004
0.289709
0.307
0.329379
0.349575
0.370106
0.39099700000000004
0.41222299999999995
0.43492200000000003
0.45608600000000005
0.478833
0.50101
0.5239450000000001
0.547846
0.571339
0.595909
0.618066
0.644126
0.668786
0.693805
0.7192630000000001
0.744579
0.770663
0.79682
0.823106
0.849538
0.876201
0.903328
0.930666
0.957911
0.9829890000000001
1.0196
1.04348
1.0704
1.09822
1.12679
1.15504
1.18436
1.21262
1.2409999999999999
1.27058
1.29883
1.3284099999999999
1.3547500000000001
1.38612
1.41542
1.44437
1.47444
1.5038
1.5316500000000002
1.5610000000000002
1.58952
1.61868
1.64646

Vgs: 8.0
0.0105942
0.010607
0.0108243
0.011076299999999999
0.0115515
0.0126632
0.0146983
0.0179131
0.0224276
0.028166
0.0350475
0.043106
0.0518622
0.0620982
0.0727962
0.0846266
0.0971328
0.112815
0.12460199999999999
0.13903000000000001
0.15426099999999998
0.170209
0.186661
0.203428
0.220873
0.238917
0.257353
0.276762
0.29511400000000004
0.314711
0.33525
0.353771
0.376089
0.396915
0.418191
0.44006900000000004
0.462189
0.484964
0.506796
0.530153
0.5534
0.577024
0.6010380000000001
0.625487
0.649368
0.675137
0.698985
0.724663
0.749888
0.776346
0.8022800000000001
0.828314
0.854772
0.881244
0.908586
0.9366990000000001
0.963487
0.990934
1.0250400000000002
1.0485200000000001
1.07612
1.10416
1.1328200000000002
1.16126
1.19014
1.2191299999999998
1.2476200000000002
1.27712
1.30609
1.33609
1.36502
1.39434
1.42516
1.45384
1.48354
1.51319
1.5425300000000002
1.57126
1.60184
1.6332600000000002
1.6615
