Vgs range: 0,8,0.5
Vds range: 0,8,0.1

Vgs: 0.0
-3.12342e-06
-2.66704e-06
-8.45006e-07
1.85328e-07
0.00034799799999999997
0.000402021
0.000423801
0.000445871
0.000467025
0.000493939
0.000525835
0.000563409
0.000599348
0.00064273
0.000691674
0.000738775
0.0007926739999999999
0.000851219
0.000913236
0.0009788090000000002
0.00105467
0.0011260999999999999
0.00119835
0.00128337
0.00136855
0.0014599
0.00155168
0.0016539500000000002
0.00175976
0.0018686500000000001
0.0019805400000000003
0.00209866
0.0022178000000000002
0.00234314
0.00246714
0.00259656
0.00272931
0.00286411
0.00299995
0.0031379
0.00328213
0.00342538
0.00357442
0.00372247
0.0038743700000000002
0.00402517
0.00418085
0.0043375
0.00449363
0.00465476
0.00481704
0.004980119999999999
0.00514749
0.00531332
0.00548371
0.0056538199999999995
0.005819459999999999
0.00599414
0.0061673399999999995
0.00634281
0.00651902
0.0067047999999999995
0.00688616
0.00706115
0.00724193
0.00742458
0.00761074
0.00779555
0.00798129
0.00816931
0.008365830000000001
0.00857337
0.00874582
0.00892474
0.00912903
0.0093193
0.00951333
0.00971731
0.00991644
0.0101104
0.010305700000000001

Vgs: 0.5
-3.2974100000000002e-06
4.14292e-06
0.000430267
0.0006248650000000001
0.000792704
0.0008342250000000001
0.000878104
0.00091454
0.000959459
0.00102864
0.0010678999999999999
0.0011278899999999999
0.00118699
0.00125971
0.0013297900000000002
0.00140064
0.0014816900000000001
0.0015729499999999998
0.00165466
0.00174668
0.00184491
0.00195238
0.00205234
0.00216764
0.0022840300000000003
0.00240569
0.00252589
0.00265841
0.0027936299999999996
0.00293817
0.00307939
0.00322614
0.00338846
0.00361357
0.0037531
0.00388638
0.00403422
0.00416544
0.0043288300000000005
0.0044950400000000005
0.00475673
0.0048364
0.00500748
0.00518088
0.00535849
0.00553587
0.005711620000000001
0.00589635
0.006081830000000001
0.0062654799999999995
0.00645123
0.00663851
0.006829839999999999
0.00701928
0.00721388
0.00740389
0.00759799
0.007794730000000001
0.00799032
0.008189779999999999
0.008388930000000001
0.008591479999999999
0.00879222
0.008995409999999999
0.00919879
0.00940677
0.009613360000000001
0.00982124
0.010031799999999999
0.010241
0.010453
0.0106657
0.010878599999999999
0.0110922
0.011307200000000002
0.0115219
0.0117386
0.0119561
0.0121757
0.0123938
0.012616

Vgs: 1.0
-1.16516e-05
0.00366518
0.00690768
0.00963132
0.0116322
0.012909
0.0137267
0.014221
0.014591699999999999
0.0149632
0.0153157
0.015622899999999999
0.015937
0.0162933
0.016593399999999998
0.0169225
0.017232400000000002
0.0175469
0.017873999999999998
0.0182113
0.0185143
0.0188726
0.019187799999999998
0.0195308
0.0198733
0.0202187
0.0205445
0.0208315
0.0211379
0.0214619
0.0217577
0.0220558
0.0223249
0.0226127
0.0228887
0.023170700000000002
0.0234166
0.0237191
0.0239767
0.024258699999999998
0.02451
0.024797
0.0250738
0.025334699999999998
0.0256171
0.025887100000000003
0.0261598
0.0264308
0.0267181
0.0269857
0.0272512
0.027528100000000003
0.0278115
0.0280853
0.0280722
0.0286211
0.028914000000000002
0.029362100000000002
0.029475
0.0297619
0.0300298
0.0303399
0.030626
0.030920500000000004
0.0312155
0.0315127
0.031803
0.0321057
0.0324046
0.0327116
0.0330085
0.0333203
0.0336256
0.033945300000000005
0.0342556
0.0345724
0.0349062
0.0352285
0.0355487
0.035875699999999996
0.0362012

Vgs: 1.5
-1.34469e-05
0.0068762499999999996
0.0136043
0.0203728
0.026953599999999998
0.0330662
0.038510300000000004
0.043285699999999996
0.0473071
0.0504438
0.0526869
0.054339399999999996
0.055494600000000005
0.0563245
0.0570292
0.0577509
0.0584307
0.0590299
0.059624699999999996
0.0602533
0.060871600000000005
0.0614399
0.0620168
0.0625732
0.06315549999999999
0.0636697
0.06410840000000001
0.0646277
0.0650712
0.0655578
0.06594
0.0663995
0.0667691
0.06718589999999999
0.0676017
0.0679908
0.06838190000000001
0.0687312
0.0691543
0.0695229
0.069899
0.07029830000000001
0.07064390000000001
0.0710508
0.07139870000000001
0.0717892
0.07214920000000001
0.0725166
0.0728931
0.0732668
0.073632
0.0740148
0.0743523
0.0747361
0.0751309
0.0755204
0.0758837
0.07628170000000001
0.0766819
0.0770935
0.077485
0.0779001
0.0783154
0.0787443
0.0791531
0.0795856
0.0800511
0.08047560000000001
0.08093689999999999
0.08139389999999999
0.0818584
0.0823468
0.0828242
0.0833198
0.08382099999999999
0.0843182
0.08483539999999999
0.08536289999999999
0.0859007
0.0864407
0.0869891

Vgs: 2.0
-1.4943699999999999e-05
0.00872308
0.017615600000000002
0.0270998
0.0370126
0.0469989
0.056757
0.0661312
0.07497329999999999
0.0831954
0.0906884
0.0972317
0.102982
0.107913
0.111778
0.114769
0.117203
0.118839
0.12014
0.12126899999999999
0.12222399999999999
0.123146
0.124015
0.124962
0.125638
0.126426
0.127062
0.12777
0.128355
0.128973
0.129551
0.1301
0.130663
0.131195
0.131741
0.132268
0.132747
0.133301
0.133806
0.134306
0.134751
0.13525399999999999
0.135762
0.136209
0.136665
0.13714900000000002
0.137621
0.138071
0.138511
0.13897700000000002
0.139475
0.139921
0.140361
0.140851
0.141322
0.141786
0.14226899999999998
0.142767
0.143237
0.14375100000000002
0.144284
0.144795
0.145313
0.14588700000000002
0.146447
0.147007
0.147587
0.148202
0.148819
0.149448
0.150101
0.15077
0.151474
0.15216900000000003
0.152897
0.153647
0.154415
0.15520799999999998
0.156014
0.15684299999999998
0.157701

Vgs: 2.5
-1.55965e-05
0.00993436
0.0202987
0.0318392
0.0443065
0.057185
0.0701857
0.0831296
0.0957644
0.107923
0.11959900000000001
0.130663
0.141004
0.150668
0.159545
0.167555
0.174668
0.180882
0.186223
0.19061999999999998
0.194104
0.196796
0.198824
0.200438
0.201718
0.202856
0.203942
0.204871
0.205781
0.206626
0.207448
0.208273
0.20901599999999998
0.20974500000000001
0.210472
0.211161
0.21185400000000001
0.212505
0.213168
0.213763
0.214419
0.21505
0.215682
0.21629299999999999
0.216823
0.21745099999999998
0.218057
0.218613
0.21918400000000002
0.21975799999999998
0.22034
0.220883
0.22144
0.222009
0.222571
0.223112
0.223705
0.224276
0.22487700000000002
0.22545700000000002
0.226053
0.22667600000000002
0.227297
0.22795700000000002
0.228632
0.229311
0.23002999999999998
0.230772
0.231543
0.23233600000000001
0.233149
0.233993
0.234869
0.23577900000000002
0.236729
0.237709
0.238729
0.239786
0.240886
0.24202100000000001
0.243195

Vgs: 3.0
-1.6064500000000002e-05
0.0107891
0.022297400000000002
0.035464499999999996
0.0500077
0.0652813
0.0808994
0.0966544
0.11234999999999999
0.127714
0.142764
0.157358
0.171442
0.184956
0.197828
0.210091
0.221579
0.23227499999999998
0.242234
0.251356
0.259668
0.266887
0.273398
0.278848
0.283462
0.287051
0.289921
0.292177
0.293864
0.295365
0.29665699999999995
0.297853
0.29894699999999996
0.299995
0.301041
0.301961
0.302825
0.30372
0.304578
0.305449
0.306201
0.30700299999999997
0.30778300000000003
0.308516
0.309249
0.309966
0.31069
0.311398
0.312073
0.31273
0.313437
0.314108
0.314724
0.315375
0.316071
0.31670800000000005
0.317349
0.317963
0.318649
0.319325
0.319979
0.320681
0.321354
0.32206599999999996
0.32279599999999997
0.323548
0.324355
0.325126
0.325963
0.326844
0.327765
0.328693
0.329695
0.33073400000000003
0.331831
0.33296200000000004
0.334152
0.335392
0.336711
0.33807
0.339503

Vgs: 3.5
-1.66002e-05
0.0114436
0.023857
0.0383757
0.0546151
0.07188030000000001
0.0897349
0.10784200000000001
0.126002
0.144078
0.161893
0.17937699999999998
0.196487
0.213233
0.229391
0.244972
0.260025
0.274536
0.288279
0.301314
0.31366
0.32518400000000003
0.33593799999999996
0.34592
0.354952
0.363163
0.37047
0.37684300000000004
0.38238500000000003
0.38695500000000005
0.39071100000000003
0.393711
0.396116
0.39813400000000004
0.399751
0.401264
0.402637
0.403914
0.405107
0.406285
0.40736
0.408419
0.409405
0.41039400000000004
0.411358
0.412259
0.41314
0.41402300000000003
0.414913
0.415697
0.416553
0.417366
0.41815599999999997
0.418913
0.419665
0.420426
0.421219
0.421934
0.422676
0.42340900000000004
0.42416
0.42488699999999996
0.425639
0.426409
0.42718900000000004
0.42797199999999996
0.42879
0.429613
0.43046
0.43136599999999997
0.43229
0.433273
0.434257
0.435327
0.436456
0.437654
0.438907
0.44020000000000004
0.44159800000000005
0.443075
0.44461799999999996

Vgs: 4.0
-1.7107600000000002e-05
0.0119641
0.0251467
0.0408384
0.058572200000000005
0.0775382
0.0973049
0.117485
0.137808
0.158157
0.17841400000000002
0.19836600000000001
0.218026
0.237402
0.25642
0.274874
0.292898
0.31042
0.32738500000000004
0.343726
0.35945
0.37448400000000004
0.388897
0.402595
0.415575
0.427789
0.439218
0.449824
0.459618
0.46861800000000003
0.47671399999999997
0.483933
0.49027999999999994
0.495779
0.500332
0.504219
0.507267
0.509892
0.511979
0.513873
0.5155379999999999
0.5170669999999999
0.51849
0.5197799999999999
0.521095
0.522333
0.523468
0.524611
0.5257000000000001
0.526762
0.5277930000000001
0.528747
0.529725
0.530697
0.531604
0.532529
0.53342
0.5343019999999999
0.53513
0.535972
0.536851
0.537663
0.538487
0.539313
0.540158
0.541011
0.541846
0.5427000000000001
0.543587
0.544481
0.545388
0.546334
0.547333
0.548391
0.549461
0.550615
0.5518069999999999
0.553076
0.554396
0.555832
0.557337

Vgs: 4.5
-1.7334499999999998e-05
-4.56731e-05
0.0262439
0.042928
0.0619794
0.0824783
0.103912
0.12590400000000002
0.148147
0.170491
0.192789
0.214942
0.23688
0.258559
0.279956
0.30092399999999997
0.321486
0.341655
0.36133200000000004
0.38053400000000004
0.39914900000000003
0.41711899999999996
0.43466099999999996
0.45156999999999997
0.467847
0.48344000000000004
0.498402
0.512614
0.5261210000000001
0.53894
0.550936
0.562226
0.5727059999999999
0.58236
0.591166
0.5991759999999999
0.6062850000000001
0.612612
0.618011
0.622664
0.62651
0.629745
0.632383
0.634718
0.636735
0.638533
0.64024
0.6417579999999999
0.6432329999999999
0.6446419999999999
0.645938
0.647241
0.648454
0.64966
0.6507839999999999
0.651902
0.652985
0.654048
0.6550860000000001
0.656096
0.657088
0.6580590000000001
0.658986
0.659963
0.660894
0.661816
0.6627029999999999
0.663635
0.664538
0.665447
0.666376
0.667294
0.668258
0.669273
0.6702849999999999
0.671346
0.672471
0.673624
0.674836
0.6761280000000001
0.677496

Vgs: 5.0
-1.73527e-05
0.0127555
0.027149
0.0447449
0.0649433
0.08679970000000001
0.10975499999999999
0.133342
0.15727
0.18136000000000002
0.205528
0.229602
0.253523
0.277227
0.30072699999999997
0.323889
0.34671
0.369102
0.39113
0.41278099999999995
0.433928
0.45435400000000004
0.474589
0.49423700000000004
0.5133260000000001
0.53175
0.549727
0.567013
0.583643
0.599726
0.61507
0.6298290000000001
0.643752
0.657148
0.66974
0.681575
0.6925520000000001
0.702869
0.712384
0.721015
0.728873
0.7358659999999999
0.742085
0.747411
0.752027
0.755933
0.7592369999999999
0.76197
0.764414
0.766566
0.76855
0.770291
0.772001
0.773632
0.775103
0.776566
0.777943
0.779303
0.7805880000000001
0.781807
0.783039
0.784207
0.78537
0.786494
0.787574
0.788644
0.789683
0.790748
0.791771
0.7927649999999999
0.793779
0.79477
0.7957529999999999
0.7967719999999999
0.797775
0.7988099999999999
0.799852
0.800941
0.8020590000000001
0.803218
0.804437

Vgs: 5.5
-1.78495e-05
0.0131018
0.0280083
0.046379699999999996
0.0676323
0.0907112
0.114994
0.140014
0.165483
0.19118600000000002
0.21701399999999998
0.242823
0.268515
0.294059
0.31944599999999995
0.344548
0.369325
0.393829
0.41802
0.441799
0.4652
0.487932
0.510536
0.5325110000000001
0.554072
0.575104
0.595624
0.615571
0.63495
0.6538689999999999
0.6721
0.689781
0.7068270000000001
0.723282
0.739057
0.754199
0.76864
0.782467
0.795461
0.8078160000000001
0.819376
0.8302350000000001
0.840274
0.849543
0.8580089999999999
0.86563
0.872524
0.87857
0.883842
0.888432
0.892343
0.895656
0.89854
0.90106
0.903317
0.905357
0.907284
0.909082
0.91075
0.912368
0.913892
0.9153880000000001
0.916776
0.918139
0.919466
0.9207230000000001
0.9219919999999999
0.923241
0.924413
0.9255599999999999
0.926724
0.9278529999999999
0.928989
0.930056
0.9311229999999999
0.932193
0.933265
0.93434
0.935433
0.936548
0.9376570000000001

Vgs: 6.0
-1.81214e-05
0.0133681
0.0287186
0.047805600000000004
0.0699968
0.0941689
0.11966399999999999
0.145961
0.172799
0.199945
0.227292
0.254582
0.281877
0.309074
0.336132
0.362942
0.389524
0.41590699999999997
0.441979
0.467641
0.492996
0.5177419999999999
0.542397
0.566478
0.590247
0.613512
0.636336
0.658589
0.680408
0.70177
0.722559
0.7428750000000001
0.7625649999999999
0.781783
0.800327
0.818376
0.835755
0.852576
0.8687239999999999
0.884227
0.899088
0.913292
0.9267420000000001
0.939483
0.9515899999999999
0.962904
0.973478
0.983284
0.9923899999999999
1.0022
1.00969
1.0164499999999999
1.0224
1.02761
1.0321099999999999
1.03604
1.03936
1.04233
1.04495
1.04728
1.04944
1.0514700000000001
1.0533599999999999
1.05516
1.05687
1.0585099999999998
1.06007
1.06158
1.06302
1.06442
1.0657699999999999
1.06707
1.06839
1.06963
1.0708600000000001
1.07205
1.0732599999999999
1.07442
1.07554
1.07671
1.07787

Vgs: 6.5
-1.79307e-05
0.0135878
0.0293234
0.0490996
0.0721493
0.09734720000000001
0.12394000000000001
0.151436
0.17954599999999998
0.208008
0.236641
0.265411
0.29415
0.32283700000000004
0.351401
0.37984
0.408077
0.43603400000000003
0.463806
0.49129399999999995
0.518425
0.544971
0.57151
0.5975400000000001
0.6233029999999999
0.648507
0.673431
0.697819
0.72176
0.7453339999999999
0.768363
0.7909940000000001
0.81302
0.834631
0.855656
0.876244
0.896193
0.91564
0.934523
0.95284
0.970519
0.987627
1.00574
1.0215400000000001
1.0367600000000001
1.05129
1.0652000000000001
1.07833
1.09086
1.10262
1.11366
1.12396
1.13352
1.14231
1.15032
1.15754
1.1641299999999999
1.1699
1.1749399999999999
1.17945
1.18326
1.18673
1.18964
1.19233
1.19476
1.1970399999999999
1.19914
1.20109
1.20298
1.20476
1.20645
1.20811
1.2097
1.21119
1.21267
1.21409
1.21549
1.2168299999999999
1.21812
1.2194
1.22068

Vgs: 7.0
-1.81373e-05
0.0137966
0.029892299999999997
0.05023830000000001
0.074059
0.10017
0.12773299999999999
0.156319
0.185558
0.215197
0.24507799999999996
0.275105
0.305166
0.335209
0.365171
0.395004
0.42475199999999996
0.45423399999999997
0.483483
0.51256
0.541341
0.569484
0.5977009999999999
0.62548
0.652941
0.6799850000000001
0.7067300000000001
0.733056
0.758938
0.7844730000000001
0.809539
0.834249
0.85841
0.882165
0.905387
0.928262
0.950529
0.972335
0.993636
1.01596
1.03615
1.05592
1.07502
1.09351
1.11153
1.12886
1.14566
1.16177
1.17731
1.19217
1.20638
1.21984
1.23276
1.24487
1.25633
1.26706
1.27708
1.2863499999999999
1.29485
1.30262
1.30966
1.3160100000000001
1.32161
1.32662
1.33093
1.33479
1.33822
1.34123
1.34399
1.3465
1.34883
1.35097
1.353
1.35494
1.3567900000000002
1.3585500000000001
1.36022
1.36184
1.36341
1.36492
1.36643

Vgs: 7.5
-1.87316e-05
-8.39732e-05
0.0303939
0.0512523
0.0757994
0.10273800000000001
0.131249
0.160792
0.19111399999999998
0.221804
0.252832
0.284022
0.315319
0.346571
0.37783
0.409008
0.440012
0.470856
0.501527
0.532041
0.5622360000000001
0.591873
0.621664
0.6509499999999999
0.680035
0.708691
0.7371530000000001
0.765138
0.792752
0.820067
0.84694
0.873549
0.8995960000000001
0.925322
0.950534
0.975375
0.9997280000000001
1.0253
1.0487300000000002
1.07175
1.09422
1.1162699999999999
1.13768
1.1586
1.17906
1.1988999999999999
1.21827
1.23699
1.25519
1.27273
1.2897500000000002
1.30611
1.32192
1.33703
1.3515899999999998
1.36536
1.37851
1.39106
1.40283
1.4139599999999999
1.4243400000000002
1.4340600000000001
1.44305
1.4513099999999999
1.45885
1.46569
1.47183
1.47732
1.48216
1.4865
1.4902900000000001
1.49369
1.4968299999999999
1.49958
1.50211
1.50449
1.50672
1.50878
1.5107300000000001
1.5126300000000001
1.5144900000000001

Vgs: 8.0
-1.85357e-05
-5.74161e-05
0.030837599999999996
0.0521729
0.07735070000000001
0.105058
0.134379
0.164896
0.196131
0.22786700000000001
0.259919
0.29221400000000003
0.32455500000000004
0.35692599999999997
0.389329
0.421723
0.453961
0.486048
0.5179940000000001
0.549798
0.5813889999999999
0.612384
0.6435879999999999
0.674344
0.704883
0.735076
0.764989
0.7945559999999999
0.823769
0.852737
0.881246
0.909516
0.937316
0.964798
0.991802
1.0201
1.0463099999999999
1.07223
1.09756
1.12259
1.1471
1.17122
1.19472
1.2177799999999999
1.24048
1.26254
1.28417
1.3052599999999999
1.32585
1.34588
1.36535
1.38427
1.40263
1.4204
1.43761
1.45418
1.47017
1.4855999999999998
1.50033
1.51447
1.52788
1.54073
1.5528600000000001
1.5643
1.5750600000000001
1.58512
1.59448
1.60318
1.61113
1.6184299999999998
1.62503
1.6309799999999999
1.6363400000000001
1.64113
1.6453900000000001
1.64911
1.65248
1.65556
1.6582999999999999
1.6609
1.66333
