Vgs range: 0,8,0.5
Vds range: 0,8,0.1

Vgs: 0.0
-3.2389e-06
-1.86685e-06
-6.910689999999999e-07
4.24618e-07
0.000386305
0.00044518799999999995
0.000470257
0.000489571
0.0005138769999999999
0.000543773
0.000574478
0.00061107
0.0006522569999999999
0.00069865
0.000745239
0.000800164
0.000856045
0.000914261
0.0009813320000000001
0.0010514
0.00111988
0.00120242
0.0012801
0.00136521
0.0014570199999999998
0.00154761
0.00164644
0.0017454600000000001
0.00185377
0.00196868
0.00208431
0.0022070799999999997
0.0023305599999999997
0.0024599400000000003
0.00258916
0.00272189
0.00285909
0.0029967
0.0031397400000000002
0.0032821400000000002
0.00343234
0.00357695
0.00372905
0.0038808000000000002
0.0040351599999999994
0.004194939999999999
0.00435262
0.0045137599999999995
0.0046752700000000005
0.00483886
0.0050062100000000005
0.00517264
0.0053430299999999995
0.00551196
0.00568673
0.00586072
0.0060351
0.006212720000000001
0.0063903599999999994
0.0065708
0.006750300000000001
0.0069323300000000004
0.00711603
0.00729941
0.00748457
0.007670670000000001
0.007857280000000001
0.00804869
0.008237439999999999
0.00842952
0.008621199999999999
0.00881382
0.00900717
0.009203570000000001
0.00939864
0.00959501
0.00979232
0.00998929
0.0101934
0.0103942
0.0105968

Vgs: 0.5
-2.9745499999999998e-06
4.41647e-06
0.000379649
0.000613134
0.000797409
0.000877357
0.000922149
0.000966564
0.00101066
0.00106289
0.00112452
0.00118555
0.0012496
0.00131916
0.0014001999999999999
0.0014778600000000001
0.0015548299999999999
0.0016411700000000002
0.00173416
0.00183167
0.00193029
0.0020366499999999997
0.0021503299999999998
0.0022612500000000002
0.0023817699999999996
0.00250599
0.00264182
0.00276974
0.00290993
0.00305979
0.00320879
0.0033592099999999996
0.00351346
0.00367365
0.0038305400000000003
0.00399339
0.00415964
0.00432657
0.00449429
0.00466589
0.00484149
0.005016939999999999
0.00519165
0.0053712000000000005
0.00555403
0.0057334
0.005918479999999999
0.00610379
0.00629184
0.0064793
0.00666689
0.00685927
0.00705401
0.00724752
0.0074436
0.007642510000000001
0.00783974
0.00803708
0.00823867
0.00844204
0.00864324
0.00884642
0.00905392
0.009258549999999999
0.0094656
0.00967461
0.00988395
0.0100988
0.010310699999999999
0.0105242
0.0107366
0.0109514
0.0111672
0.011382999999999999
0.0115994
0.0118175
0.0120379
0.0122594
0.0124791
0.012700000000000001
0.0129246

Vgs: 1.0
-1.04071e-05
0.00366767
0.00687762
0.00958187
0.0116453
0.0129002
0.013637100000000001
0.0142027
0.0146129
0.014957
0.0152997
0.0156671
0.0159818
0.0163126
0.0166335
0.0169646
0.0172545
0.0175837
0.0179458
0.018275600000000003
0.0185851
0.0188947
0.019267899999999998
0.0195935
0.0199163
0.0202716
0.0206227
0.0209345
0.021222
0.0215509
0.021877
0.0221418
0.022431700000000002
0.0227107
0.0229965
0.0232757
0.0235573
0.0238475
0.024110200000000002
0.024398800000000002
0.0246659
0.0249608
0.0252204
0.025493199999999997
0.025778099999999998
0.0260546
0.026348800000000002
0.0266096
0.0269048
0.0271783
0.0274651
0.0277328
0.0280196
0.028306
0.0285895
0.0288646
0.0291483
0.029416499999999998
0.029709600000000003
0.0300146
0.0302884
0.0305886
0.0308658
0.031168199999999997
0.0314678
0.0317523
0.032053
0.0323549
0.0326629
0.0329584
0.033269
0.0335796
0.0338926
0.0341971
0.0345273
0.034842399999999996
0.0351656
0.0354868
0.0358141
0.036145500000000004
0.0364773

Vgs: 1.5
-1.24344e-05
0.00686242
0.0135996
0.0203701
0.0269468
0.033039
0.038529299999999995
0.0433813
0.0473165
0.0504774
0.0528266
0.054555200000000005
0.0555894
0.0565125
0.0573076
0.0580071
0.0586269
0.0593031
0.0600261
0.060566
0.0611421
0.0617464
0.0623969
0.06294319999999999
0.06346790000000001
0.0640641
0.0645193
0.0650436
0.06545770000000001
0.0659845
0.06641369999999999
0.0667966
0.067227
0.067634
0.0680298
0.06842920000000001
0.0687953
0.0691856
0.0695646
0.0699379
0.0703346
0.0706784
0.07107429999999999
0.0714438
0.07182820000000001
0.07218190000000001
0.0725453
0.0729164
0.0732817
0.0736439
0.0740368
0.0743857
0.074755
0.0751217
0.07551
0.0758852
0.0762655
0.0766543
0.0770286
0.0774343
0.0778355
0.07824389999999999
0.0786363
0.0790658
0.07948799999999999
0.0799174
0.080355
0.0808038
0.0812508
0.08170039999999999
0.082167
0.08263709999999999
0.0831211
0.08360379999999999
0.0841057
0.084603
0.0851248
0.0856389
0.0861776
0.0867102
0.0872591

Vgs: 2.0
-1.34833e-05
0.00871368
0.0175627
0.027046
0.0369731
0.0468927
0.0566228
0.0660055
0.0749254
0.083128
0.0905378
0.0971759
0.102989
0.107822
0.111816
0.115035
0.117305
0.11899599999999999
0.12039899999999999
0.121506
0.12251
0.12342200000000002
0.12440899999999999
0.12518800000000002
0.125993
0.12672
0.12743100000000002
0.128111
0.128717
0.129389
0.129974
0.130555
0.13109600000000002
0.13166
0.132168
0.13275700000000001
0.133267
0.13380099999999998
0.13428800000000002
0.134775
0.13526400000000002
0.135783
0.136239
0.13672700000000002
0.13719900000000002
0.137659
0.138132
0.13863499999999998
0.13908
0.13954899999999998
0.140008
0.140477
0.140925
0.141404
0.141866
0.14235499999999998
0.142831
0.14330500000000002
0.143814
0.144317
0.144816
0.145349
0.14587
0.146413
0.14698399999999998
0.14755700000000002
0.14813500000000002
0.148729
0.149343
0.149978
0.150626
0.15127900000000002
0.15197100000000002
0.152668
0.153405
0.154139
0.15489599999999998
0.15568600000000002
0.15648600000000001
0.157301
0.158134

Vgs: 2.5
-1.4297899999999999e-05
0.00992368
0.0202695
0.0318012
0.044258
0.0571539
0.070163
0.0830617
0.0957451
0.107957
0.119641
0.130743
0.141183
0.150832
0.15970099999999998
0.16775700000000002
0.174992
0.18127900000000002
0.186579
0.191115
0.194718
0.197355
0.19949
0.201148
0.202554
0.203676
0.204737
0.205726
0.206634
0.207492
0.208297
0.209138
0.209895
0.210616
0.21135199999999998
0.212055
0.212753
0.213384
0.214058
0.214677
0.215329
0.215912
0.21656099999999998
0.217142
0.21776299999999998
0.218331
0.21892999999999999
0.219508
0.220049
0.220623
0.221225
0.221722
0.22229100000000002
0.222847
0.223418
0.223949
0.224555
0.22513
0.225719
0.226296
0.22689800000000002
0.227522
0.228136
0.228791
0.229457
0.230161
0.23086299999999998
0.231609
0.232348
0.23314000000000001
0.233953
0.234794
0.235657
0.236565
0.237518
0.238489
0.23949499999999999
0.24054299999999998
0.241632
0.242745
0.24390699999999998

Vgs: 3.0
-1.5018100000000001e-05
0.0107723
0.0222705
0.0354053
0.0499161
0.06521850000000001
0.08083320000000001
0.0965468
0.11225199999999999
0.12766200000000003
0.14269099999999998
0.157283
0.17144
0.18499400000000002
0.197839
0.210148
0.22171
0.23251
0.242485
0.25168599999999997
0.260064
0.267465
0.27391699999999997
0.279587
0.28423400000000004
0.287991
0.29091399999999995
0.293267
0.295075
0.29653999999999997
0.297978
0.29913900000000004
0.300291
0.301306
0.302312
0.30330999999999997
0.304182
0.30512
0.30595900000000004
0.30683
0.307587
0.308413
0.309183
0.309915
0.310686
0.311378
0.31211900000000004
0.31279799999999996
0.313505
0.314176
0.314836
0.315473
0.31615499999999996
0.3168
0.31747
0.318095
0.31871
0.319384
0.320032
0.320706
0.321348
0.322031
0.322726
0.323413
0.324152
0.324908
0.325676
0.326478
0.32731299999999997
0.328161
0.32907
0.329996
0.33097600000000005
0.33199599999999996
0.33307699999999996
0.334203
0.335377
0.336624
0.337892
0.339235
0.340655

Vgs: 3.5
-1.52856e-05
0.0114497
0.023854900000000002
0.038325899999999996
0.054554
0.07183830000000001
0.0896446
0.107768
0.125948
0.143984
0.161794
0.179338
0.196464
0.213155
0.229319
0.245043
0.260148
0.274556
0.288376
0.30156099999999997
0.313966
0.32547400000000004
0.336373
0.34648300000000004
0.355654
0.36395299999999997
0.371348
0.377828
0.383464
0.388162
0.392073
0.395154
0.397677
0.399701
0.401407
0.40291
0.404303
0.405608
0.406854
0.40797300000000003
0.409051
0.410153
0.41117
0.412126
0.413081
0.413995
0.414908
0.415785
0.416656
0.417516
0.418355
0.419125
0.419927
0.420737
0.42149800000000004
0.422252
0.423002
0.423763
0.42450000000000004
0.425253
0.42601100000000003
0.42676200000000003
0.427508
0.428273
0.429039
0.429846
0.43063599999999996
0.43144499999999997
0.43232699999999996
0.43322499999999997
0.43415400000000004
0.435089
0.436118
0.43718
0.438278
0.43944999999999995
0.440678
0.441993
0.443363
0.44482099999999997
0.446337

Vgs: 4.0
-1.5696599999999998e-05
0.011963
0.0251358
0.0407794
0.058527499999999996
0.0774986
0.09718840000000001
0.11741299999999999
0.137737
0.158057
0.17829599999999998
0.198283
0.21798
0.237319
0.256365
0.27488799999999997
0.292942
0.310426
0.327542
0.343947
0.35978699999999997
0.37483900000000003
0.38942499999999997
0.40319
0.41626
0.428607
0.44016
0.45090800000000003
0.460753
0.469949
0.478128
0.485502
0.49203199999999997
0.49761
0.5023719999999999
0.506336
0.509592
0.51216
0.5143650000000001
0.5162559999999999
0.5179680000000001
0.519539
0.520964
0.522358
0.523578
0.5248339999999999
0.5260090000000001
0.527124
0.528251
0.5292870000000001
0.5303289999999999
0.531303
0.532306
0.533229
0.534146
0.5350790000000001
0.535984
0.536854
0.537706
0.538548
0.539414
0.5402239999999999
0.541071
0.541901
0.5427299999999999
0.5435340000000001
0.544392
0.5452579999999999
0.546114
0.547018
0.5479200000000001
0.5488999999999999
0.549875
0.5508759999999999
0.551972
0.5530799999999999
0.5542830000000001
0.555501
0.5568259999999999
0.558242
0.5597310000000001

Vgs: 4.5
-1.62839e-05
-5.67147e-05
0.0262328
0.0428708
0.061877600000000005
0.0823744
0.103786
0.125723
0.147976
0.170283
0.19253299999999998
0.214727
0.236665
0.258318
0.279759
0.300763
0.321327
0.34151899999999996
0.36123900000000003
0.38045199999999996
0.399096
0.417136
0.434768
0.451708
0.46806400000000004
0.48375799999999997
0.498844
0.5130910000000001
0.5267390000000001
0.539686
0.5518310000000001
0.563274
0.573874
0.583673
0.592641
0.600866
0.608137
0.614604
0.620162
0.6249709999999999
0.6290309999999999
0.63233
0.6351399999999999
0.6375569999999999
0.6396550000000001
0.641481
0.6432220000000001
0.644783
0.646271
0.647675
0.649018
0.650312
0.65156
0.652747
0.653918
0.6550790000000001
0.656126
0.657237
0.658278
0.6593060000000001
0.6602720000000001
0.661247
0.662219
0.6631830000000001
0.6641009999999999
0.665032
0.665952
0.6668620000000001
0.667775
0.668705
0.669629
0.670577
0.671541
0.672513
0.673543
0.674594
0.675655
0.67681
0.678018
0.679277
0.680627

Vgs: 5.0
-1.6356800000000002e-05
0.012758100000000001
0.027154200000000003
0.044727300000000005
0.0649069
0.0867404
0.109652
0.13320500000000002
0.157147
0.181225
0.20532499999999998
0.229408
0.253323
0.277036
0.300497
0.32359899999999997
0.346533
0.36895
0.39102000000000003
0.412696
0.433896
0.454511
0.47467499999999996
0.494388
0.513586
0.5321180000000001
0.550141
0.56748
0.584261
0.6004149999999999
0.6158659999999999
0.6307269999999999
0.644854
0.6583239999999999
0.671032
0.683053
0.694188
0.704669
0.7143050000000001
0.723196
0.731159
0.738352
0.744746
0.7503380000000001
0.755115
0.759154
0.7625890000000001
0.7655099999999999
0.768049
0.770279
0.7722589999999999
0.774092
0.775821
0.777428
0.778951
0.7803969999999999
0.781797
0.783169
0.784476
0.785718
0.786938
0.78812
0.789311
0.790424
0.791516
0.79261
0.79364
0.794675
0.795721
0.796725
0.7977369999999999
0.798763
0.799732
0.800736
0.8017569999999999
0.8027909999999999
0.803844
0.804915
0.8059999999999999
0.807139
0.808362

Vgs: 5.5
-1.63363e-05
0.013069500000000001
0.027943799999999998
0.0462818
0.06751130000000001
0.09060449999999999
0.11486099999999999
0.13984
0.165302
0.190975
0.21673
0.242489
0.26817799999999997
0.293751
0.319055
0.344105
0.368995
0.393527
0.417634
0.441456
0.46491099999999996
0.487697
0.510305
0.532293
0.554013
0.5750500000000001
0.595677
0.615688
0.635211
0.654172
0.67252
0.690332
0.7074590000000001
0.724066
0.739905
0.7552369999999999
0.769775
0.783713
0.796948
0.8094690000000001
0.821179
0.832181
0.8424510000000001
0.8519359999999999
0.860587
0.8684409999999999
0.875538
0.881858
0.887301
0.892057
0.8962129999999999
0.899689
0.902686
0.905284
0.907648
0.9097999999999999
0.911712
0.913551
0.915276
0.916915
0.918436
0.919921
0.9213990000000001
0.922761
0.924122
0.9254279999999999
0.9267179999999999
0.927928
0.9291240000000001
0.9303
0.931458
0.9325610000000001
0.933678
0.934775
0.935848
0.936924
0.938031
0.939102
0.940162
0.94125
0.942384

Vgs: 6.0
-1.68531e-05
0.0133277
0.0286402
0.0477003
0.069883
0.0940426
0.119515
0.145768
0.172578
0.19969399999999998
0.22692299999999999
0.254224
0.28150000000000003
0.30869399999999997
0.335692
0.362481
0.389136
0.415466
0.44145
0.467142
0.49255499999999997
0.517305
0.541996
0.566132
0.58991
0.613208
0.6361249999999999
0.658432
0.680314
0.7017800000000001
0.722619
0.743049
0.762772
0.782091
0.8007799999999999
0.819
0.836424
0.853377
0.869688
0.885376
0.90033
0.914715
0.928353
0.9413060000000001
0.953573
0.965052
0.975891
0.985906
0.995217
1.00522
1.01297
1.01988
1.02607
1.0315
1.0362500000000001
1.04033
1.04392
1.04699
1.04973
1.0522
1.05443
1.0565200000000001
1.0584399999999998
1.06024
1.06201
1.06365
1.0651899999999999
1.06673
1.06822
1.06961
1.07101
1.0723200000000002
1.0736400000000001
1.07491
1.07617
1.07736
1.07855
1.07972
1.08086
1.08205
1.08321

Vgs: 6.5
-1.6892700000000002e-05
0.0135833
0.0293105
0.0490417
0.07206109999999999
0.0972338
0.123805
0.151254
0.179329
0.207731
0.236323
0.26501399999999997
0.293725
0.32238
0.350907
0.379298
0.407509
0.4355
0.463188
0.49060300000000007
0.517794
0.544415
0.570941
0.5970030000000001
0.622762
0.648025
0.67298
0.6973860000000001
0.7213980000000001
0.74504
0.768105
0.79082
0.812949
0.8346220000000001
0.855804
0.87647
0.896512
0.916075
0.935089
0.953554
0.971346
0.9886529999999999
1.00672
1.02272
1.03812
1.0528899999999999
1.06695
1.0803200000000002
1.09301
1.10498
1.11625
1.1268
1.13659
1.14564
1.15389
1.1614200000000001
1.1681700000000002
1.17424
1.1796
1.1842700000000002
1.18832
1.1919199999999999
1.1950299999999998
1.19779
1.20038
1.20268
1.20486
1.2068599999999998
1.20875
1.21061
1.21233
1.2139799999999998
1.21557
1.21713
1.21861
1.22006
1.22145
1.22278
1.22414
1.2254500000000002
1.22672

Vgs: 7.0
-1.6997399999999998e-05
0.0138069
0.0298845
0.050167699999999996
0.0739648
0.100067
0.127599
0.156111
0.185305
0.214906
0.244708
0.274646
0.304656
0.334647
0.364552
0.394347
0.42401
0.45348900000000003
0.482655
0.51167
0.5404329999999999
0.568651
0.596834
0.624562
0.652103
0.679155
0.705936
0.732222
0.758192
0.783763
0.808851
0.833634
0.857858
0.881673
0.905005
0.927992
0.950309
0.972221
0.993612
1.01607
1.0363900000000001
1.0562099999999999
1.07544
1.09413
1.11225
1.12977
1.14675
1.16303
1.17873
1.1937600000000002
1.20816
1.22189
1.2349999999999999
1.24735
1.2590800000000002
1.27005
1.28027
1.28983
1.2986600000000001
1.3067
1.31403
1.32067
1.32656
1.33183
1.3364200000000002
1.34051
1.3441
1.34722
1.35008
1.35271
1.35514
1.3573199999999999
1.35939
1.36138
1.3632900000000001
1.36506
1.3667900000000002
1.36849
1.37007
1.37162
1.37313

Vgs: 7.5
-1.69436e-05
-9.42703e-05
0.030316700000000002
0.0511299
0.0756214
0.102575
0.13100699999999998
0.160517
0.19075599999999998
0.221462
0.25240100000000004
0.283497
0.31471899999999997
0.345931
0.377103
0.40816600000000003
0.439163
0.469974
0.500553
0.530998
0.561171
0.590832
0.620597
0.649879
0.679011
0.707642
0.7360949999999999
0.764108
0.791757
0.819125
0.845972
0.872604
0.8987240000000001
0.924508
0.9497760000000001
0.974751
0.9991240000000001
1.02464
1.0482
1.0713000000000001
1.0938700000000001
1.11603
1.13756
1.15868
1.1792099999999999
1.19923
1.21871
1.23766
1.2560200000000001
1.27375
1.29098
1.3075
1.32347
1.3387900000000001
1.35355
1.3675899999999999
1.38095
1.39371
1.40575
1.41717
1.42784
1.43787
1.44717
1.4557
1.4635200000000002
1.47068
1.47715
1.48289
1.4880099999999998
1.49255
1.4965899999999999
1.50016
1.50339
1.50631
1.5089400000000002
1.5113800000000002
1.5136399999999999
1.5158800000000001
1.5178699999999998
1.5198099999999999
1.52164

Vgs: 8.0
-1.7520999999999997e-05
-4.31413e-05
0.030784500000000003
0.0520542
0.0771886
0.10485
0.134136
0.164523
0.1957
0.227383
0.259329
0.2915
0.32381
0.35614799999999996
0.388455
0.420729
0.45290800000000003
0.484967
0.51687
0.548573
0.5801409999999999
0.61114
0.642244
0.672959
0.703547
0.733689
0.763622
0.793135
0.8223870000000001
0.851334
0.87987
0.908181
0.936002
0.96352
0.9905660000000001
1.01885
1.04512
1.07109
1.0964900000000002
1.12158
1.14612
1.17032
1.19397
1.21714
1.23991
1.26215
1.28391
1.3051300000000001
1.32588
1.34607
1.3657299999999999
1.38482
1.40338
1.42134
1.43882
1.4555900000000002
1.47176
1.48737
1.5023300000000002
1.51667
1.53037
1.54346
1.55584
1.56765
1.57864
1.5890399999999998
1.5987200000000001
1.6076899999999998
1.61599
1.62357
1.63049
1.6367
1.64238
1.6473900000000001
1.65191
1.65586
1.65945
1.66262
1.6656
1.6683
1.67085
