Vgs range: 0,8,0.1
Vds range: 0,8,0.5

Vgs: 0.0
-3.26363e-06
-3.31331e-06
-2.92472e-06
-2.9784500000000003e-06
-3.23877e-06
-3.02413e-06
-2.94958e-06
-3.38789e-06
-3.18494e-06
-3.14839e-06
-3.4376000000000003e-06
-3.43759e-06
-3.1981e-06
-3.2727e-06
-3.4872899999999998e-06
-3.51208e-06
-3.32238e-06
-3.46246e-06
-3.7358399999999997e-06
-3.37209e-06
-3.1235599999999998e-06
-3.58672e-06
-3.5866e-06
-3.2229599999999996e-06
-3.6612899999999997e-06
-3.63642e-06
-3.2229499999999998e-06
-3.24824e-06
-3.56186e-06
-3.48718e-06
-3.19809e-06
-3.6612899999999997e-06
-3.5121399999999996e-06
-3.22294e-06
-3.6115400000000003e-06
-3.66128e-06
-3.2229499999999998e-06
-3.27269e-06
-3.7358399999999997e-06
-3.63634e-06
-3.34724e-06
-3.58673e-06
-3.61155e-06
-3.34721e-06
-3.4967300000000003e-06
-3.6115700000000003e-06
-3.37207e-06
-3.39694e-06
-3.53701e-06
-3.58669e-06
-3.29751e-06
-3.3721600000000003e-06
-3.63643e-06
-3.53695e-06
-3.2478100000000003e-06
-3.53702e-06
-3.51215e-06
-3.34721e-06
-3.3721099999999997e-06
-3.5618699999999997e-06
-3.56184e-06
-3.2478e-06
-3.23111e-06
-3.66128e-06
-3.39852e-06
-3.39694e-06
-3.6861500000000003e-06
-3.71097e-06
-3.3969199999999997e-06
-3.4041800000000002e-06
-3.71098e-06
-3.43139e-06
-3.34723e-06
-3.63643e-06
-3.63642e-06
-3.3223499999999996e-06
-3.32241e-06
-3.7358399999999997e-06
-3.7109300000000003e-06
-3.2975299999999997e-06
-3.61158e-06

Vgs: 0.5
0.00044616999999999997
0.000449653
0.000464184
0.000490462
0.000559326
0.0008515129999999999
0.0016408199999999999
0.00279623
0.00519958
0.00828981
0.0129063
0.0165181
0.0208345
0.0250856
0.0288044
0.032514600000000005
0.0355139
0.0388145
0.041531900000000004
0.044181200000000004
0.046631900000000004
0.0489099
0.0511473
0.053202000000000006
0.055094
0.0570267
0.0587617
0.0604774
0.062055099999999995
0.0636269
0.0649206
0.0666187
0.06799569999999999
0.0693307
0.07059069999999999
0.0718684
0.0731078
0.0742547
0.0753716
0.0764568
0.0775942
0.0786366
0.07967339999999999
0.0806551
0.08152859999999999
0.0825698
0.08346390000000001
0.0843898
0.0852733
0.0861284
0.0869426
0.0877498
0.0885614
0.0892959
0.09006510000000001
0.09082180000000001
0.09155669999999999
0.09226
0.09293799999999999
0.0936386
0.0943002
0.0949126
0.0955886
0.096206
0.0968229
0.09741100000000001
0.09800070000000001
0.0984896
0.099123
0.09967649999999999
0.100323
0.100781
0.101281
0.101805
0.102298
0.102762
0.103217
0.10368400000000001
0.10415400000000001
0.104579
0.105017

Vgs: 1.0
0.0005767509999999999
0.000578044
0.00059817
0.000633619
0.0007233200000000001
0.0011227099999999999
0.0018236
0.0034778699999999997
0.0062704
0.00997927
0.0153599
0.0203495
0.0268855
0.0348932
0.0427813
0.0512959
0.0598397
0.0679816
0.0756309
0.0826383
0.0896305
0.0961626
0.10329500000000001
0.108045
0.113675
0.119003
0.124125
0.128917
0.13348400000000002
0.138019
0.14247500000000002
0.146523
0.150577
0.154317
0.158081
0.161768
0.165131
0.16866099999999998
0.172008
0.175306
0.178339
0.181399
0.184394
0.187355
0.190083
0.192919
0.195584
0.19828700000000002
0.200749
0.203262
0.205513
0.20811000000000002
0.21051699999999998
0.212807
0.215014
0.217198
0.219329
0.221425
0.223529
0.2255
0.227521
0.22945
0.231371
0.23327299999999998
0.235093
0.236879
0.238597
0.240308
0.241986
0.243708
0.245293
0.24686
0.24846100000000002
0.24976099999999998
0.251463
0.25295
0.254347
0.255841
0.257183
0.258592
0.259906

Vgs: 1.5
0.0007999309999999999
0.0008035589999999999
0.000827461
0.0008685160000000001
0.000998981
0.00148083
0.00242481
0.0040875500000000006
0.007007429999999999
0.0117871
0.016066399999999998
0.0221482
0.029350099999999997
0.0375765
0.046296
0.056342699999999996
0.06672
0.0777542
0.089466
0.103396
0.113292
0.12463700000000001
0.135769
0.146734
0.156646
0.166359
0.17566500000000002
0.184678
0.192912
0.201279
0.209245
0.216754
0.22403
0.231165
0.237955
0.24473700000000004
0.250921
0.25716999999999995
0.263072
0.26901600000000003
0.274617
0.28021799999999997
0.28558
0.290758
0.29590999999999995
0.300064
0.305779
0.310374
0.315015
0.319536
0.324051
0.328139
0.33243999999999996
0.33652699999999997
0.340576
0.344508
0.34857
0.352269
0.355838
0.359083
0.363106
0.366593
0.36997599999999997
0.37328
0.376676
0.379885
0.38293000000000005
0.386083
0.389104
0.392166
0.39498700000000003
0.39787999999999996
0.400718
0.403042
0.406179
0.40885699999999997
0.411453
0.413978
0.416489
0.419015
0.421348

Vgs: 2.0
0.00112185
0.00112539
0.00115888
0.00120358
0.00136385
0.00185437
0.00287441
0.0049486800000000004
0.00815371
0.0131078
0.0176939
0.0241711
0.0314635
0.039981300000000004
0.049076100000000004
0.0592418
0.0702189
0.0816673
0.0940001
0.109034
0.12018000000000001
0.13451000000000002
0.148305
0.16284700000000002
0.17757299999999998
0.192177
0.206859
0.2206
0.23305900000000002
0.245854
0.258117
0.270015
0.281612
0.292095
0.302552
0.312772
0.32253400000000004
0.332175
0.341167
0.350161
0.358827
0.367152
0.37548
0.383534
0.391184
0.398748
0.406073
0.413286
0.420251
0.427297
0.433705
0.439748
0.446612
0.452913
0.458951
0.464868
0.470738
0.476443
0.482065
0.487605
0.492889
0.498104
0.503323
0.508304
0.5133540000000001
0.517605
0.522872
0.52752
0.532067
0.53664
0.540968
0.545287
0.549537
0.553667
0.557736
0.56174
0.565614
0.569531
0.5733469999999999
0.576469
0.580559

Vgs: 2.5
0.0015543
0.00156099
0.00160619
0.001667
0.0018481699999999999
0.00241417
0.00359312
0.00581309
0.009217610000000001
0.0145051
0.0192241
0.0259619
0.033573
0.0437663
0.051591
0.062014900000000005
0.0730773
0.0851063
0.0973589
0.112719
0.12421099999999999
0.138839
0.153361
0.168489
0.184515
0.200617
0.217249
0.233381
0.25088699999999997
0.268004
0.284943
0.301168
0.31720499999999996
0.332973
0.347023
0.361658
0.37553499999999995
0.388988
0.40175299999999997
0.414422
0.42673
0.43835599999999997
0.450131
0.461245
0.47232399999999997
0.482621
0.49301100000000003
0.502911
0.512377
0.522165
0.531394
0.54022
0.549188
0.557745
0.566295
0.574468
0.582472
0.590656
0.598067
0.605717
0.6125320000000001
0.620565
0.6276330000000001
0.634325
0.6413089999999999
0.648163
0.6544399999999999
0.6608729999999999
0.667051
0.673404
0.6793739999999999
0.685265
0.691193
0.69677
0.702397
0.707917
0.713399
0.7185750000000001
0.723746
0.72907
0.7339929999999999

Vgs: 3.0
0.00209134
0.00209606
0.0021543499999999998
0.00223956
0.00244363
0.0030702
0.00448316
0.00684383
0.0110172
0.0150713
0.020779
0.0279028
0.035442499999999995
0.0442627
0.0538282
0.0644144
0.0757053
0.08738409999999999
0.102501
0.113468
0.127414
0.141954
0.15714799999999998
0.173077
0.18717699999999998
0.205882
0.222633
0.239925
0.258108
0.276132
0.294761
0.313239
0.332268
0.351425
0.370331
0.389044
0.40718200000000004
0.425093
0.441111
0.459592
0.475555
0.491779
0.506589
0.521582
0.5363469999999999
0.549953
0.563399
0.5769930000000001
0.589634
0.602338
0.614533
0.626464
0.63811
0.649276
0.660584
0.671361
0.681994
0.69228
0.702412
0.712294
0.721972
0.731466
0.740758
0.749887
0.758781
0.767526
0.775929
0.784683
0.792662
0.800779
0.8085739999999999
0.816373
0.823893
0.8312849999999999
0.838713
0.845776
0.852858
0.8598899999999999
0.86642
0.8731089999999999
0.879756

Vgs: 3.5
0.00272081
0.00272282
0.00279633
0.00289465
0.0031557499999999997
0.00382362
0.005331679999999999
0.007859360000000001
0.012233599999999999
0.0163863
0.022272999999999998
0.0293118
0.037126299999999994
0.046196299999999996
0.055867099999999996
0.06684330000000001
0.0779266
0.08987990000000001
0.105049
0.11608800000000001
0.130323
0.1451
0.160228
0.175862
0.19223600000000002
0.209346
0.22416999999999998
0.24423199999999998
0.262074
0.280755
0.299936
0.319201
0.338769
0.358788
0.37863
0.39943900000000004
0.419983
0.440923
0.46171100000000004
0.482797
0.5011380000000001
0.522582
0.5422680000000001
0.561382
0.579855
0.597966
0.615105
0.632911
0.64876
0.665175
0.681265
0.695801
0.710793
0.72528
0.739378
0.753479
0.766523
0.779937
0.7924800000000001
0.805362
0.8175020000000001
0.829525
0.841522
0.8433390000000001
0.8434780000000001
0.843511
0.8435950000000001
0.8436300000000001
0.843696
0.843719
0.879859
0.93428
0.9460099999999999
0.955331
0.9646490000000001
0.973692
0.982487
0.9912110000000001
0.999824
1.01108
1.01774

Vgs: 4.0
0.0034278200000000003
0.00343209
0.00351887
0.0036361799999999997
0.00391922
0.00467507
0.00623094
0.00885535
0.0133691
0.0176437
0.0235705
0.030939499999999998
0.0387123
0.0479825
0.057517
0.06851159999999999
0.08021879999999999
0.09199310000000001
0.107257
0.118344
0.132609
0.147594
0.162939
0.17860700000000002
0.195349
0.212263
0.229648
0.247666
0.265751
0.28455800000000003
0.304343
0.323903
0.343485
0.36434500000000003
0.38412599999999997
0.405299
0.426373
0.447987
0.469457
0.49183899999999997
0.514015
0.5338930000000001
0.558509
0.580851
0.60294
0.624973
0.646412
0.6679309999999999
0.688052
0.70827
0.727803
0.746509
0.765104
0.783099
0.800885
0.816993
0.8345549999999999
0.851319
0.867081
0.882614
0.897999
0.912594
0.927203
0.941337
0.955475
0.969357
0.9820519999999999
0.995194
1.01167
1.02197
1.0341
1.0464
1.0581900000000002
1.06925
1.08068
1.09176
1.10239
1.11318
1.12382
1.13394
1.14403

Vgs: 4.5
0.0042029400000000005
0.00420576
0.00431006
0.00444514
0.004757389999999999
0.0055579800000000006
0.00717836
0.00995514
0.0144996
0.0188722
0.0249904
0.0321111
0.0402412
0.04934
0.059602
0.069566
0.081698
0.0939134
0.109317
0.120358
0.134918
0.149845
0.165506
0.181299
0.197855
0.215134
0.232681
0.250909
0.26901600000000003
0.288085
0.307869
0.328149
0.348231
0.351134
0.35120799999999996
0.35117299999999996
0.351236
0.351223
0.35122000000000003
0.42100699999999996
0.5188309999999999
0.543168
0.5667260000000001
0.5907039999999999
0.61359
0.636861
0.660281
0.684533
0.707657
0.7315400000000001
0.754817
0.777247
0.8003100000000001
0.820622
0.843352
0.864453
0.885246
0.904685
0.924075
0.9430890000000001
0.9616619999999999
0.9801390000000001
0.9974059999999999
1.01913
1.03289
1.0493499999999998
1.0652700000000002
1.08137
1.09694
1.11209
1.12639
1.14113
1.15512
1.16903
1.18276
1.19601
1.20893
1.2221899999999999
1.2343899999999999
1.24732
1.25781

Vgs: 5.0
0.005014940000000001
0.0050206
0.00514092
0.00529232
0.0056400600000000006
0.0064887799999999995
0.00819683
0.0115574
0.015012699999999999
0.0202262
0.0264784
0.0335767
0.0417427
0.0511671
0.060974200000000006
0.0720091
0.08404120000000001
0.0959879
0.11153300000000001
0.122929
0.137485
0.15300399999999997
0.16821499999999998
0.18394400000000002
0.200846
0.218345
0.23527800000000001
0.253866
0.272851
0.291638
0.31120600000000004
0.33188
0.351909
0.371836
0.393146
0.411873
0.436114
0.458192
0.48017699999999996
0.5028170000000001
0.526019
0.548965
0.572621
0.5963229999999999
0.620219
0.644827
0.6682899999999999
0.693511
0.718163
0.742948
0.767958
0.792146
0.8174130000000001
0.8428100000000001
0.866775
0.891331
0.9153190000000001
0.938937
0.959685
0.9848210000000001
1.0123300000000002
1.02996
1.05119
1.0717299999999998
1.0924699999999998
1.11176
1.13082
1.1498599999999999
1.16836
1.1863299999999999
1.2041899999999999
1.22105
1.23857
1.25443
1.27093
1.28685
1.30097
1.3175999999999999
1.33277
1.3471799999999998
1.36181

Vgs: 5.5
0.00586145
0.0058752299999999995
0.00600693
0.0061753699999999995
0.00654699
0.0074478899999999995
0.00922794
0.0126958
0.0161888
0.0213993
0.0278538
0.0351604
0.0436241
0.0527685
0.0628201
0.07406070000000001
0.08568250000000001
0.0984251
0.113742
0.125064
0.139411
0.154862
0.170543
0.186526
0.20325000000000001
0.220763
0.23862699999999998
0.256848
0.27532799999999996
0.29478099999999996
0.31497600000000003
0.334476
0.354759
0.37545
0.395282
0.418229
0.440286
0.462356
0.484574
0.5073340000000001
0.53067
0.5538000000000001
0.5777669999999999
0.601565
0.626292
0.650258
0.674756
0.699636
0.725063
0.749956
0.775321
0.800764
0.826639
0.852644
0.879191
0.9045080000000001
0.930492
0.9543159999999999
0.9825269999999999
1.01401
1.03482
1.0602
1.08456
1.10844
1.13259
1.1559599999999999
1.17869
1.2011299999999998
1.22228
1.2438799999999999
1.26257
1.28474
1.3052700000000002
1.32426
1.34355
1.36254
1.38061
1.3984500000000002
1.41584
1.4336900000000001
1.45007

Vgs: 6.0
0.00675417
0.00676353
0.00691527
0.007110109999999999
0.00746841
0.00844893
0.0106576
0.0131815
0.017487500000000003
0.0228645
0.0291448
0.036559600000000005
0.0449375
0.054465400000000004
0.0645913
0.0757835
0.0876194
0.099949
0.115885
0.127251
0.14198
0.157477
0.173193
0.18911899999999998
0.205986
0.22350199999999998
0.241377
0.259859
0.278227
0.297558
0.31742899999999996
0.337812
0.358734
0.378709
0.399849
0.420666
0.44397000000000003
0.46606000000000003
0.48860099999999995
0.5112289999999999
0.534835
0.558077
0.582181
0.606569
0.6312960000000001
0.655253
0.680262
0.705093
0.730522
0.755695
0.782632
0.807295
0.833467
0.859841
0.886181
0.913632
0.939135
0.96636
0.986043
1.02626
1.04958
1.0750600000000001
1.1019700000000001
1.12875
1.15575
1.1823000000000001
1.20759
1.21279
1.2129400000000001
1.21298
1.2130699999999999
1.2130800000000002
1.2131399999999999
1.29599
1.39768
1.4213500000000001
1.44246
1.46367
1.48397
1.50416
1.52371

Vgs: 6.5
0.007683969999999999
0.00769325
0.00786301
0.00807176
0.008492530000000002
0.00950905
0.0117391
0.014346699999999999
0.018646100000000002
0.0239773
0.0304776
0.0381454
0.0467151
0.0561573
0.0664942
0.0776282
0.08996109999999999
0.104741
0.115996
0.12909600000000002
0.144522
0.160493
0.17577500000000001
0.19202
0.20889500000000003
0.226612
0.24465599999999998
0.26292600000000005
0.281534
0.300997
0.321065
0.341019
0.361755
0.36523
0.365268
0.365304
0.365317
0.365325
0.365323
0.43704
0.5380590000000001
0.562616
0.58679
0.61057
0.635109
0.660154
0.68456
0.710269
0.735312
0.761456
0.787341
0.8130700000000001
0.839585
0.864281
0.892749
0.919544
0.947052
0.973671
1.00726
1.0299
1.05722
1.08476
1.11286
1.14004
1.16937
1.19607
1.21989
1.25146
1.2790499999999998
1.30656
1.33393
1.3601699999999999
1.3868699999999998
1.41299
1.4383
1.4637499999999999
1.48782
1.51253
1.5356
1.55894
1.58156

Vgs: 7.0
0.00863541
0.008648890000000001
0.00882552
0.00905178
0.00951666
0.0107477
0.0124146
0.0155738
0.0198448
0.025355100000000002
0.0320019
0.039687700000000006
0.0482151
0.0580156
0.0685639
0.0802231
0.0920468
0.10721800000000001
0.118879
0.13243200000000002
0.14749
0.162962
0.179011
0.195525
0.21243
0.230199
0.248203
0.266616
0.286033
0.305066
0.325268
0.344956
0.36547199999999996
0.386836
0.407544
0.429678
0.45142499999999997
0.473895
0.49615499999999996
0.519471
0.543741
0.5672309999999999
0.5906779999999999
0.6149779999999999
0.640394
0.664729
0.689017
0.7131890000000001
0.7405069999999999
0.767123
0.792315
0.818029
0.8448439999999999
0.8719020000000001
0.898466
0.926239
0.9526629999999999
0.980115
1.01401
1.03697
1.06446
1.09242
1.1206099999999999
1.14876
1.17695
1.19804
1.23339
1.2622499999999999
1.29046
1.31928
1.34768
1.3760700000000001
1.40496
1.43317
1.46158
1.48899
1.5160900000000002
1.54397
1.57013
1.59669
1.6224399999999999

Vgs: 7.5
0.00960776
0.00961999
0.0098221
0.0101166
0.0105384
0.011633200000000002
0.0135663
0.0166993
0.0211474
0.0267662
0.033569499999999995
0.0413076
0.0503322
0.0600523
0.0704774
0.0823319
0.0943395
0.109889
0.121742
0.13545000000000001
0.150695
0.166305
0.182597
0.19898100000000002
0.216272
0.234206
0.252631
0.270922
0.290414
0.30918500000000004
0.329312
0.349814
0.37000200000000005
0.391484
0.41222200000000003
0.43421699999999996
0.456303
0.47902
0.498237
0.524539
0.547618
0.571418
0.5953039999999999
0.619853
0.644101
0.668953
0.693907
0.719349
0.744764
0.77088
0.797043
0.8231510000000001
0.849461
0.876377
0.903935
0.930771
0.9588519999999999
0.985535
1.01975
1.0434999999999999
1.0709
1.09852
1.1270900000000001
1.15541
1.18436
1.2129
1.2413800000000001
1.27043
1.2999
1.32853
1.35641
1.3864400000000001
1.41604
1.44548
1.47533
1.50351
1.53289
1.56152
1.5906900000000002
1.61917
1.64748

Vgs: 8.0
0.0106126
0.010624900000000001
0.0108436
0.011100299999999999
0.011595
0.0127068
0.0147067
0.017934199999999997
0.0224591
0.028318
0.0351213
0.0430394
0.051924
0.06198530000000001
0.07274749999999999
0.08464769999999999
0.0971456
0.112835
0.12456199999999999
0.139165
0.154374
0.170359
0.186609
0.20336200000000001
0.220855
0.239025
0.257292
0.275602
0.295728
0.31483500000000003
0.334991
0.355443
0.376047
0.397619
0.418289
0.440111
0.462292
0.485402
0.507311
0.530104
0.553629
0.576591
0.601192
0.625385
0.6496120000000001
0.674662
0.699126
0.725037
0.750823
0.7762939999999999
0.802395
0.82818
0.855029
0.881477
0.909242
0.936732
0.9630869999999999
0.99091
1.02524
1.04841
1.07684
1.10505
1.13303
1.1619300000000001
1.19041
1.2195
1.24907
1.27739
1.30653
1.33639
1.36551
1.39498
1.42444
1.454
1.48374
1.51356
1.5429599999999999
1.5731199999999999
1.60315
1.63295
1.6624999999999999
