Vgs range: 0,8,0.5
Vds range: 0,8,0.1

Vgs: 0.0
-3.5371400000000002e-06
-2.30344e-06
-8.02792e-07
2.0500899999999998e-07
0.00036836299999999997
0.00042290299999999997
0.000449088
0.000470065
0.000492567
0.0005204509999999999
0.000554348
0.000590784
0.000630269
0.000673016
0.0007218169999999999
0.000770021
0.000825733
0.000889039
0.000950043
0.0010183
0.00108688
0.0011611800000000002
0.0012434100000000001
0.0013273199999999999
0.00141604
0.00150266
0.00163662
0.0017145700000000001
0.0018200999999999998
0.0019166699999999999
0.00203389
0.00215133
0.00227212
0.00239383
0.00257339
0.00265865
0.0027877699999999997
0.00292758
0.00306697
0.00321053
0.00335882
0.00349322
0.00364854
0.00380036
0.00399045
0.00411034
0.00426058
0.004410089999999999
0.00456736
0.004737979999999999
0.004901549999999999
0.00505996
0.0052327300000000005
0.005403590000000001
0.00557753
0.0057484400000000005
0.00592592
0.00610327
0.00627894
0.0064702100000000005
0.00666103
0.00681574
0.00699304
0.00717235
0.00735917
0.00754256
0.00772868
0.00791629
0.00810543
0.00829442
0.00848297
0.0086746
0.00886676
0.009059020000000001
0.00925451
0.00945117
0.00964571
0.00984113
0.010041
0.01024
0.0104392

Vgs: 0.5
-3.5619800000000002e-06
3.93416e-07
2.65389e-07
0.000344946
0.000497285
0.0005673039999999999
0.0006077620000000001
0.0006444399999999999
0.0006928800000000001
0.000736213
0.0007918259999999999
0.000843045
0.000905509
0.000970344
0.00103549
0.00110167
0.00117992
0.00124889
0.00133391
0.0014149
0.00149964
0.0015922500000000001
0.0016816399999999999
0.00178571
0.00188521
0.00200643
0.00212332
0.00224196
0.00237573
0.00250142
0.0026318599999999998
0.0027679600000000003
0.0029169699999999996
0.00305467
0.0032044
0.0033466100000000003
0.00349824
0.00365599
0.00382349
0.00397695
0.00414342
0.004306890000000001
0.004467469999999999
0.004628859999999999
0.00480981
0.004988
0.00515084
0.00533433
0.0055012099999999994
0.00569185
0.00586449
0.00605028
0.00622512
0.006417010000000001
0.00659055
0.00678216
0.00696282
0.00715306
0.00732722
0.00752433
0.007712130000000001
0.00790156
0.00809406
0.00827974
0.00847656
0.008681000000000001
0.00887848
0.00908624
0.00928866
0.00949672
0.00969794
0.00990581
0.010130799999999999
0.0103303
0.010528
0.0107497
0.0109596
0.011178800000000001
0.0113987
0.0116036
0.011796200000000001

Vgs: 1.0
-1.1828100000000001e-05
0.00245357
0.00446899
0.006033569999999999
0.00710832
0.008024960000000001
0.00876764
0.00920632
0.00947712
0.00961973
0.0097164
0.00981708
0.00997238
0.010071700000000001
0.0102754
0.010560900000000002
0.010850799999999999
0.0110819
0.0113715
0.0116622
0.011887499999999999
0.0121899
0.012488599999999999
0.0127561
0.0131364
0.0134072
0.013756
0.0140363
0.014328899999999999
0.0145511
0.0148862
0.0151134
0.015373
0.015609600000000001
0.015902399999999997
0.0161646
0.0164052
0.0166216
0.0169099
0.0171732
0.0173978
0.017705400000000003
0.0179377
0.0182409
0.018430199999999997
0.0186964
0.018925
0.019085599999999998
0.0193815
0.0197128
0.0200018
0.0202677
0.0205186
0.0207332
0.0209872
0.0212288
0.0215412
0.0217757
0.0220958
0.0222889
0.0224884
0.0228105
0.0229838
0.0231545
0.023376499999999998
0.0235992
0.0238882
0.0241933
0.024440700000000003
0.0246745
0.0249963
0.025355500000000003
0.0256267
0.025939999999999998
0.0261873
0.0263926
0.0266987
0.0270161
0.027322500000000003
0.027588400000000003
0.027900599999999998

Vgs: 1.5
-1.3897000000000001e-05
0.00574839
0.011278400000000001
0.0165658
0.0214191
0.0255916
0.0290816
0.0318273
0.033850899999999996
0.0354313
0.0369013
0.037887
0.0384637
0.0392009
0.0398437
0.040467499999999997
0.0410531
0.0417817
0.0423131
0.042929600000000005
0.0434158
0.0440967
0.044692499999999996
0.0452415
0.0457187
0.046304599999999994
0.0468992
0.047388400000000004
0.0478067
0.048316899999999996
0.0488636
0.0492393
0.0497209
0.050139899999999994
0.0506636
0.0510882
0.0515609
0.052012100000000006
0.0524114
0.0528721
0.0535505
0.0539317
0.0543861
0.0547942
0.0552876
0.055754500000000005
0.0560747
0.0565218
0.056959300000000004
0.0573604
0.0576684
0.0585444
0.058851499999999994
0.0592268
0.059719100000000004
0.0600341
0.0605408
0.060980200000000005
0.061371400000000007
0.0617336
0.062142499999999996
0.0625096
0.06292919999999999
0.06335289999999999
0.06389550000000001
0.0642305
0.0646741
0.0651497
0.06561700000000001
0.06607539999999999
0.0664645
0.0669031
0.0673395
0.0679061
0.0683845
0.0688309
0.0693503
0.0698338
0.0712843
0.0716866
0.0722585

Vgs: 2.0
-1.4880999999999999e-05
0.007845
0.015715399999999997
0.023905199999999998
0.0322128
0.0403355
0.0480793
0.0552808
0.0617702
0.0675052
0.0723805
0.07639850000000001
0.0795914
0.08207429999999999
0.0840251
0.0854409
0.0866181
0.0876798
0.08870499999999999
0.08941729999999999
0.0902306
0.0909947
0.0917488
0.0925563
0.0934946
0.0941021
0.0948445
0.0955611
0.096024
0.0966351
0.0972083
0.09778490000000001
0.0983089
0.0986748
0.09929879999999999
0.0999178
0.100422
0.10094099999999999
0.101299
0.101728
0.10228000000000001
0.102784
0.10327
0.103715
0.10421799999999999
0.104797
0.105259
0.105844
0.106174
0.106657
0.10710499999999999
0.107637
0.10805300000000001
0.10846
0.108999
0.109567
0.10992299999999999
0.110309
0.110868
0.11128500000000001
0.1118
0.11242300000000001
0.112849
0.113348
0.113848
0.114454
0.114925
0.115486
0.11604400000000001
0.116654
0.11716599999999999
0.117756
0.118442
0.119184
0.119824
0.120354
0.121109
0.12188600000000001
0.122518
0.123229
0.12403499999999999

Vgs: 2.5
-1.52936e-05
0.00889359
0.017980100000000002
0.0277699
0.0380727
0.0484263
0.0586245
0.0685538
0.0779516
0.0866449
0.09464700000000001
0.10201099999999999
0.108393
0.113887
0.118626
0.122376
0.125291
0.12765100000000001
0.129421
0.130864
0.131909
0.13298
0.13425399999999998
0.13536900000000002
0.136488
0.137018
0.137733
0.13839500000000002
0.138988
0.139712
0.140452
0.140992
0.14168
0.14219199999999999
0.142797
0.143413
0.143919
0.144418
0.14487699999999998
0.145449
0.14595100000000003
0.146535
0.14692000000000002
0.147444
0.14802
0.14869
0.14912899999999998
0.149618
0.150041
0.15052300000000002
0.151052
0.151577
0.15197100000000002
0.152484
0.153057
0.15348299999999998
0.154093
0.154529
0.15506799999999998
0.155562
0.156053
0.15673499999999999
0.157169
0.157951
0.158636
0.15929200000000002
0.15989699999999998
0.160417
0.161026
0.161609
0.162388
0.163041
0.163773
0.164466
0.16511699999999999
0.16608399999999998
0.16680899999999999
0.16771399999999997
0.168519
0.169461
0.170293

Vgs: 3.0
-1.5888700000000003e-05
0.00967377
0.019723400000000002
0.030885
0.0430369
0.0554071
0.0678522
0.0801158
0.0920559
0.103567
0.114483
0.124728
0.134264
0.143036
0.15098999999999999
0.158065
0.164324
0.169676
0.174017
0.177568
0.180492
0.182592
0.184276
0.185689
0.18685100000000002
0.18804400000000002
0.188939
0.18985200000000002
0.19078199999999998
0.191437
0.19242599999999999
0.193122
0.193883
0.194644
0.19537100000000002
0.196085
0.196744
0.19738899999999998
0.197956
0.19858699999999999
0.199328
0.19993
0.200383
0.201092
0.201705
0.202238
0.20287
0.203487
0.20393899999999998
0.204546
0.204897
0.205608
0.206055
0.206616
0.207336
0.20777099999999998
0.208323
0.208913
0.20953200000000002
0.210041
0.210728
0.211333
0.211955
0.212573
0.213229
0.21407199999999998
0.214695
0.21543800000000002
0.216237
0.216922
0.217723
0.218578
0.219451
0.220277
0.221184
0.222212
0.223171
0.224173
0.225142
0.226323
0.227489

Vgs: 3.5
-1.5979500000000002e-05
0.0103068
0.0211674
0.0334003
0.0467785
0.0607377
0.0748403
0.0889637
0.103003
0.116561
0.129729
0.142329
0.154391
0.165771
0.17635
0.186322
0.195414
0.203612
0.211049
0.217505
0.223271
0.227755
0.231737
0.234803
0.23719200000000001
0.23914300000000002
0.24055800000000002
0.242112
0.243405
0.244548
0.24563100000000002
0.246522
0.24738100000000002
0.24854500000000002
0.249347
0.250229
0.25109
0.251897
0.252809
0.253438
0.254357
0.255061
0.255876
0.256593
0.257352
0.257925
0.258742
0.259281
0.259992
0.260705
0.26143
0.262214
0.262866
0.263525
0.264129
0.264814
0.265478
0.266068
0.266717
0.26738
0.26809
0.26885
0.26950999999999997
0.27025
0.27107
0.27183799999999997
0.272517
0.273466
0.27423200000000003
0.275169
0.27596800000000005
0.277084
0.27795000000000003
0.279075
0.280128
0.281211
0.28241099999999997
0.283513
0.284715
0.285999
0.287378

Vgs: 4.0
-1.6417200000000003e-05
0.010825900000000001
0.022389199999999998
0.0356194
0.050240900000000005
0.0656181
0.0813619
0.0972493
0.11304
0.12861
0.14382699999999998
0.15860200000000002
0.172786
0.186532
0.199628
0.21207800000000002
0.22375
0.234705
0.24499800000000002
0.254269
0.262745
0.270363
0.277201
0.282959
0.287881
0.291672
0.295038
0.29752100000000004
0.299489
0.301272
0.302734
0.304002
0.30521699999999996
0.306472
0.307537
0.30853800000000003
0.309499
0.310377
0.31123799999999996
0.312046
0.313008
0.313843
0.314606
0.315413
0.316271
0.317056
0.31768399999999997
0.318507
0.319309
0.320008
0.32074
0.321331
0.322045
0.322768
0.32357
0.324255
0.324734
0.32546
0.32620499999999997
0.32687200000000005
0.327578
0.328279
0.328939
0.329706
0.33050799999999997
0.331334
0.33213699999999996
0.333038
0.33388599999999996
0.334835
0.335799
0.336811
0.337772
0.338982
0.339924
0.341231
0.34237500000000004
0.343736
0.345015
0.346543
0.348062

Vgs: 4.5
-1.6672799999999997e-05
0.011234
0.0233754
0.0374807
0.053198600000000006
0.0698484
0.0870195
0.10448700000000001
0.121948
0.139226
0.156336
0.173062
0.189226
0.205109
0.22036
0.235007
0.249063
0.26256599999999997
0.275326
0.287287
0.298497
0.308938
0.318604
0.327331
0.335215
0.342299
0.34848399999999996
0.35366800000000004
0.35802700000000004
0.361751
0.36463100000000004
0.367181
0.369234
0.37125199999999997
0.372707
0.374149
0.375575
0.37673999999999996
0.378281
0.37976699999999997
0.380822
0.381816
0.38286499999999996
0.38404
0.384949
0.385941
0.386812
0.387742
0.388785
0.38957899999999995
0.390505
0.39145800000000003
0.392276
0.39323
0.3938
0.39460199999999995
0.395612
0.396483
0.397258
0.398091
0.398945
0.399714
0.400474
0.40128
0.402134
0.40295400000000003
0.403783
0.404605
0.405642
0.406526
0.40756800000000004
0.40845699999999996
0.409618
0.410742
0.411902
0.41319399999999995
0.414475
0.41589
0.41712200000000005
0.418641
0.42009700000000005

Vgs: 5.0
-1.72944e-05
0.0116401
0.024368200000000003
0.0393216
0.0561559
0.0740708
0.0926595
0.111583
0.13058
0.149462
0.16826
0.186746
0.20488099999999998
0.222607
0.239893
0.256698
0.272928
0.288653
0.303727
0.31832900000000003
0.33207400000000004
0.34502900000000003
0.357451
0.368858
0.379753
0.38967599999999997
0.39868800000000004
0.406899
0.414265
0.420695
0.426386
0.431076
0.43526699999999996
0.43836899999999995
0.440891
0.44332
0.445274
0.447094
0.448661
0.45010900000000004
0.45155500000000004
0.452978
0.45444799999999996
0.455805
0.456955
0.458147
0.45938100000000004
0.460689
0.461849
0.462834
0.464072
0.464985
0.4659
0.467134
0.468209
0.469071
0.470086
0.471095
0.471992
0.47297300000000003
0.47378
0.47475
0.475751
0.47656
0.477435
0.478332
0.47909999999999997
0.48013
0.481043
0.48196300000000003
0.48301499999999997
0.484041
0.485168
0.48626600000000003
0.487579
0.48894
0.490287
0.49168400000000007
0.49319
0.494683
0.496451

Vgs: 5.5
-1.74753e-05
0.0120309
0.0253064
0.0411173
0.0590521
0.07828180000000001
0.09827580000000001
0.11875999999999999
0.139425
0.16012700000000002
0.18071299999999998
0.201156
0.221295
0.241095
0.260629
0.279711
0.298475
0.316545
0.334154
0.351233
0.36774399999999996
0.38354
0.398837
0.413578
0.427619
0.440813
0.453164
0.464883
0.475872
0.48607700000000004
0.49534999999999996
0.504006
0.511907
0.519158
0.525286
0.530638
0.535053
0.538929
0.542502
0.545335
0.54749
0.549415
0.551449
0.553445
0.555611
0.557591
0.559459
0.5612809999999999
0.5630999999999999
0.564701
0.5661820000000001
0.56744
0.5686880000000001
0.570084
0.571338
0.572508
0.5736530000000001
0.574875
0.576101
0.577012
0.578017
0.5791919999999999
0.580082
0.581089
0.58212
0.583124
0.583979
0.584942
0.58595
0.5870120000000001
0.587973
0.5891149999999999
0.590013
0.591066
0.592391
0.593711
0.594964
0.5962120000000001
0.597625
0.599321
0.600874

Vgs: 6.0
-1.7905200000000003e-05
-5.03483e-05
0.026265999999999998
0.043023399999999996
0.062178699999999996
0.0827794
0.1043
0.1264
0.148814
0.17127900000000001
0.19370600000000002
0.216037
0.238151
0.259945
0.281496
0.302679
0.323505
0.34384200000000004
0.363746
0.38322
0.40213899999999997
0.420357
0.43826
0.45542
0.47206800000000004
0.488166
0.503486
0.518114
0.53188
0.5450929999999999
0.557509
0.5692159999999999
0.580242
0.590391
0.599709
0.608343
0.616112
0.623104
0.629306
0.634571
0.639039
0.64284
0.646061
0.648782
0.6512920000000001
0.6533300000000001
0.655473
0.657327
0.659039
0.6606789999999999
0.662088
0.663492
0.6650039999999999
0.6662490000000001
0.667701
1.05165
1.05884
1.0327
1.0628199999999999
1.05504
1.0608
1.07146
1.07189
1.0721100000000001
1.07235
1.07256
1.0727499999999999
1.07332
1.07372
1.0739400000000001
1.07434
1.07467
1.0749799999999998
1.07551
1.07592
1.07628
1.07647
1.0770899999999999
1.0773300000000001
1.0778
1.0782299999999998

Vgs: 6.5
-1.8356e-05
0.013614999999999999
0.0294275
0.049271
0.0725144
0.0979148
0.124668
0.152396
0.180705
0.209328
0.238122
0.26707899999999996
0.296014
0.324924
0.353636
0.38223199999999996
0.410656
0.438834
0.46669700000000003
0.49433699999999997
0.521681
0.5484249999999999
0.575089
0.6012689999999999
0.627202
0.652577
0.67765
0.702191
0.7263200000000001
0.7499709999999999
0.773203
0.7959510000000001
0.8181780000000001
0.839845
0.861051
0.8817579999999999
0.901847
0.921442
0.9403239999999999
0.958804
0.976567
0.9937900000000001
1.01171
1.02764
1.0429199999999998
1.0574899999999998
1.07155
1.08473
1.09712
1.10905
1.12025
1.1306
1.13999
1.14886
1.1568800000000001
1.16412
1.17065
1.17644
1.1814200000000001
1.18576
1.18964
1.19309
1.19586
1.1983899999999998
1.20041
1.20255
1.2044300000000001
1.20617
1.2074900000000002
1.2089699999999999
1.21054
1.21193
1.2133
1.21447
1.21563
1.21673
1.21798
1.21891
1.21991
1.2209
1.22186

Vgs: 7.0
-1.8810199999999998e-05
0.0136775
0.029624400000000002
0.0496801
0.0731497
0.09883009999999999
0.125916
0.15398199999999998
0.182634
0.21168399999999998
0.24097300000000002
0.27027799999999996
0.29964
0.328957
0.35826199999999997
0.38730600000000004
0.41619
0.4449
0.473324
0.5015
0.529367
0.5566800000000001
0.583985
0.6107009999999999
0.637304
0.663365
0.6890740000000001
0.714291
0.7390460000000001
0.763508
0.787294
0.810862
0.833815
0.856326
0.878298
0.899843
0.920755
0.941227
0.961026
0.9803769999999999
0.998948
1.01877
1.03627
1.05319
1.06962
1.08525
1.10031
1.11461
1.1282899999999998
1.1412499999999999
1.1536700000000002
1.16502
1.1758899999999999
1.18592
1.19526
1.20395
1.21177
1.2188800000000002
1.2248400000000002
1.2308
1.2357799999999999
1.23993
1.24371
1.2469700000000001
1.24987
1.25241
1.25454
1.25676
1.25858
1.2606600000000001
1.26227
1.26386
1.26559
1.2669000000000001
1.2682
1.26959
1.27096
1.27233
1.27333
1.27466
1.2757

Vgs: 7.5
-1.8916900000000002e-05
0.013793699999999999
0.029868
0.0501629
0.0739265
0.0999972
0.12747
0.155928
0.185086
0.214588
0.244308
0.27415300000000004
0.304094
0.333923
0.363745
0.393405
0.422889
0.452199
0.481253
0.5101030000000001
0.538632
0.566574
0.5945520000000001
0.6220439999999999
0.649285
0.6760470000000001
0.702525
0.7285189999999999
0.754082
0.7794
0.804138
0.828499
0.852311
0.8757
0.898674
0.921043
0.942916
0.964343
0.9851899999999999
1.0069899999999998
1.02681
1.04597
1.0646
1.08264
1.1001400000000001
1.11699
1.1333199999999999
1.14876
1.16377
1.17812
1.19162
1.2045000000000001
1.21678
1.22832
1.23908
1.24905
1.25853
1.2669300000000001
1.27461
1.28182
1.28818
1.2939
1.2988
1.30309
1.30682
1.31039
1.31335
1.31579
1.31819
1.32063
1.32261
1.32457
1.3263
1.32801
1.32966
1.3312
1.3325500000000001
1.33409
1.33548
1.33676
1.33816

Vgs: 8.0
-1.89824e-05
0.0138461
0.030065300000000003
0.0505989
0.0747049
0.10114400000000001
0.129057
0.15801
0.187587
0.21767299999999998
0.24789400000000003
0.27830900000000003
0.30877600000000005
0.339208
0.369598
0.39980899999999997
0.42994099999999996
0.459898
0.48959199999999997
0.519015
0.5482520000000001
0.576912
0.605587
0.633814
0.661834
0.689323
0.716602
0.743379
0.769833
0.795922
0.82154
0.846742
0.8714729999999999
0.895803
0.919585
0.942991
0.965878
0.9882599999999999
1.0116800000000001
1.03311
1.05392
1.0742900000000002
1.09402
1.1132099999999998
1.13189
1.14998
1.16731
1.18416
1.20056
1.21599
1.23093
1.2452299999999998
1.259
1.27185
1.28418
1.29575
1.3064
1.31656
1.32596
1.33469
1.34242
1.34936
1.3559100000000002
1.36183
1.3667
1.37122
1.37528
1.3787
1.3817199999999998
1.3846699999999998
1.3871499999999999
1.38924
1.39154
1.3936899999999999
1.39544
1.3972900000000001
1.39888
1.4005599999999998
1.4021000000000001
1.40364
1.40507
