Vgs range: 0,8,0.1
Vds range: 0,8,0.5

Vgs: 0.0
-3.28851e-06
-2.92473e-06
-2.94965e-06
-3.2636700000000002e-06
-3.2635899999999997e-06
-2.99932e-06
-3.23881e-06
-3.3630899999999998e-06
-3.02417e-06
-3.04907e-06
-3.53706e-06
-3.2044599999999997e-06
-3.19816e-06
-3.53708e-06
-3.5121800000000003e-06
-3.1733e-06
-3.4873700000000003e-06
-3.53707e-06
-3.24486e-06
-3.1235899999999998e-06
-3.61163e-06
-3.46246e-06
-3.22299e-06
-3.56188e-06
-3.48736e-06
-3.19815e-06
-3.2975800000000003e-06
-3.51222e-06
-3.53704e-06
-3.3224200000000003e-06
-3.43766e-06
-3.58678e-06
-3.3223900000000003e-06
-3.24786e-06
-3.53707e-06
-3.6364799999999997e-06
-3.2230000000000003e-06
-3.51222e-06
-3.58677e-06
-3.1981399999999998e-06
-3.32244e-06
-3.53707e-06
-3.36132e-06
-3.32243e-06
-3.56193e-06
-3.61162e-06
-3.1981399999999998e-06
-3.29152e-06
-3.51222e-06
-3.27271e-06
-3.32243e-06
-3.51221e-06
-3.66127e-06
-3.24786e-06
-3.73591e-06
-3.6861800000000003e-06
-3.34727e-06
-3.22299e-06
-3.2727199999999997e-06
-3.7607600000000002e-06
-3.6116e-06
-3.27271e-06
-3.63649e-06
-3.7856e-06
-3.3721e-06
-3.24788e-06
-3.63649e-06
-3.71102e-06
-3.2727e-06
-3.7607600000000002e-06
-3.6613400000000003e-06
-3.47278e-06
-3.34729e-06
-3.58677e-06
-3.63644e-06
-3.3224e-06
-3.6862e-06
-3.7359e-06
-3.44667e-06
-3.22302e-06
-3.6364799999999997e-06

Vgs: 0.5
0.000445666
0.000445971
0.000461784
0.000490381
0.000556926
0.000866512
0.00165465
0.00291727
0.00525463
0.00829526
0.012962000000000001
0.0166141
0.0208842
0.0250814
0.0288141
0.032510700000000003
0.035772000000000005
0.038679200000000004
0.0415171
0.0441226
0.046561399999999996
0.0488523
0.0510749
0.0530537
0.0549947
0.0568038
0.0586388
0.0603278
0.0619686
0.0634864
0.0650018
0.0664465
0.0678272
0.069186
0.07042369999999999
0.0717095
0.0728782
0.0740252
0.07517800000000001
0.0762979
0.07734769999999999
0.0783747
0.079395
0.0804028
0.08135419999999999
0.0822751
0.0831927
0.08412299999999999
0.0849347
0.0857991
0.0866084
0.0874388
0.08823120000000001
0.0883477
0.0883504
0.0883389
0.0883687
0.08836899999999999
0.08836899999999999
0.0883516
0.09093709999999999
0.09442679999999999
0.0951696
0.09579990000000001
0.09639299999999999
0.0969902
0.0975573
0.098121
0.0986737
0.0991997
0.0997737
0.100384
0.100797
0.101295
0.101798
0.10226900000000001
0.102744
0.10321499999999999
0.103655
0.104079
0.10451

Vgs: 1.0
0.000576073
0.000579346
0.000595931
0.0006293729999999999
0.0007279739999999999
0.00112612
0.00194526
0.00343657
0.00616443
0.010425199999999999
0.014362399999999999
0.0203126
0.027150900000000002
0.0346581
0.0427128
0.0513717
0.0598188
0.0679051
0.0756569
0.0826603
0.0895401
0.0959461
0.103132
0.107872
0.113361
0.11872100000000001
0.12368399999999999
0.12857
0.133214
0.137787
0.141986
0.14608000000000002
0.15004699999999999
0.15406099999999998
0.157605
0.161326
0.16471
0.168168
0.171409
0.174572
0.177756
0.180864
0.18370699999999998
0.186567
0.189363
0.192119
0.194748
0.197408
0.19995700000000002
0.202028
0.204877
0.2072
0.209585
0.211876
0.214038
0.216251
0.21842
0.220454
0.222501
0.224502
0.226467
0.22840100000000002
0.230281
0.232191
0.233961
0.235708
0.2374
0.239134
0.24079
0.242482
0.244077
0.24561500000000003
0.24708
0.248628
0.250162
0.251628
0.253036
0.254434
0.255841
0.257223
0.25849500000000003

Vgs: 1.5
0.000802901
0.000803765
0.000828975
0.000875197
0.0009938009999999999
0.00146853
0.00231644
0.00414644
0.007141140000000001
0.011693599999999998
0.015933299999999997
0.022303999999999997
0.0291111
0.0375305
0.046272600000000004
0.0562557
0.0665776
0.0779991
0.0893631
0.103206
0.112823
0.124471
0.135588
0.14605600000000002
0.15623800000000002
0.166008
0.175355
0.184322
0.192668
0.200922
0.208853
0.21636
0.223585
0.23067000000000001
0.237285
0.243887
0.250193
0.256394
0.26225800000000005
0.268062
0.27301400000000003
0.279298
0.28459
0.289835
0.29483
0.299796
0.304647
0.309402
0.313881
0.318403
0.322747
0.326918
0.33116
0.33525699999999997
0.339204
0.343156
0.347013
0.350762
0.354412
0.35812
0.361558
0.36508599999999997
0.368384
0.371723
0.37495999999999996
0.37824
0.381264
0.38434
0.387315
0.390283
0.393215
0.395998
0.398919
0.401497
0.404245
0.406899
0.409479
0.411964
0.414375
0.416928
0.41927400000000004

Vgs: 2.0
0.00112549
0.00112326
0.0011596900000000001
0.00121207
0.0013458300000000001
0.00182059
0.00290113
0.004861409999999999
0.00805826
0.013101100000000001
0.0171258
0.0240626
0.0314466
0.0399765
0.0491621
0.059306
0.07024520000000001
0.0817021
0.09415499999999999
0.109127
0.120351
0.134155
0.148402
0.162829
0.17756599999999997
0.192223
0.206394
0.219958
0.231244
0.245538
0.257922
0.26960100000000004
0.281192
0.29174300000000003
0.302117
0.31219800000000003
0.32200799999999996
0.33156
0.340577
0.349449
0.35813300000000003
0.366361
0.374535
0.38283
0.390432
0.39780499999999996
0.405041
0.412123
0.41906899999999997
0.425828
0.43244699999999997
0.438419
0.445233
0.45138
0.45740000000000003
0.463285
0.469027
0.474886
0.48021400000000003
0.485729
0.49104200000000003
0.49619499999999994
0.501439
0.506431
0.5112019999999999
0.516034
0.520653
0.5253220000000001
0.529805
0.534298
0.538602
0.542972
0.547186
0.551195
0.5552410000000001
0.55923
0.563016
0.566923
0.570651
0.5740460000000001
0.578029

Vgs: 2.5
0.00154758
0.00154306
0.00158832
0.00165497
0.00183164
0.00236328
0.0035199
0.00584614
0.00924523
0.014588400000000001
0.0193266
0.0261379
0.0335819
0.0424479
0.0517519
0.06234100000000001
0.0732434
0.0849191
0.0977741
0.113011
0.12439800000000001
0.138832
0.15357099999999999
0.168225
0.18443400000000001
0.20094700000000001
0.21748199999999998
0.234334
0.25116700000000003
0.26868600000000004
0.285598
0.301614
0.317092
0.332582
0.347526
0.361527
0.37541199999999997
0.388502
0.401609
0.414082
0.426154
0.437803
0.44937299999999997
0.460364
0.471419
0.48156899999999997
0.49183600000000005
0.5016470000000001
0.511144
0.520719
0.530172
0.538907
0.547583
0.55608
0.564576
0.572783
0.5805549999999999
0.588485
0.5961099999999999
0.60354
0.611004
0.618019
0.625226
0.631995
0.638875
0.644938
0.651952
0.6581859999999999
0.664348
0.670502
0.6764629999999999
0.682268
0.688045
0.6937939999999999
0.6991970000000001
0.704693
0.70994
0.715314
0.7203449999999999
0.72541
0.730497

Vgs: 3.0
0.0020798599999999998
0.00208336
0.0021433
0.00222193
0.00244644
0.00305598
0.0044150199999999995
0.0068379899999999995
0.00995086
0.0159417
0.0210374
0.027919199999999998
0.0354516
0.0445739
0.0539395
0.0645439
0.0757348
0.08759890000000001
0.102479
0.113361
0.125988
0.14191700000000002
0.157199
0.172664
0.188499
0.205595
0.222805
0.239822
0.25734
0.275831
0.294379
0.31310499999999997
0.332049
0.351522
0.36841100000000004
0.38868600000000003
0.406716
0.42464599999999997
0.441733
0.458314
0.474734
0.49023100000000003
0.50567
0.520547
0.534874
0.548708
0.562149
0.575394
0.588338
0.600716
0.6128079999999999
0.6246539999999999
0.636296
0.647302
0.658529
0.669351
0.6797
0.689959
0.700064
0.7098599999999999
0.7194389999999999
0.728799
0.7373730000000001
0.747107
0.755807
0.764538
0.773169
0.781298
0.789559
0.797358
0.805288
0.8128080000000001
0.820331
0.8277869999999999
0.834935
0.842074
0.8490369999999999
0.855841
0.862488
0.869036
0.875511

Vgs: 3.5
0.0027280200000000003
0.0027323
0.00280466
0.002904
0.00315497
0.0038192699999999996
0.00528891
0.00786466
0.0121549
0.015755699999999997
0.0221595
0.029368699999999998
0.037082500000000004
0.046240199999999995
0.055630200000000005
0.0663328
0.07772369999999999
0.0899769
0.104869
0.11591000000000001
0.130168
0.14488700000000002
0.160081
0.17558100000000001
0.19193
0.20909
0.22622699999999998
0.241406
0.262314
0.280404
0.299815
0.31889
0.338638
0.35901500000000003
0.378424
0.399339
0.41965600000000003
0.440538
0.461176
0.4818
0.5022530000000001
0.519557
0.541677
0.560909
0.579554
0.597159
0.61414
0.631488
0.647589
0.664065
0.679282
0.6944619999999999
0.7091470000000001
0.723481
0.737664
0.749668
0.7643949999999999
0.777977
0.790273
0.803052
0.815206
0.826913
0.838608
0.849953
0.86112
0.872193
0.8830389999999999
0.8934000000000001
0.903315
0.913637
0.923358
0.9332659999999999
0.942809
0.9517730000000001
0.960974
0.969847
0.9784450000000001
0.9872279999999999
0.995739
1.00676
1.0133500000000002

Vgs: 4.0
0.00343195
0.00343529
0.00352044
0.00363848
0.0039297099999999995
0.00465151
0.00622815
0.00894955
0.0133465
0.0176903
0.0236946
0.0306136
0.0387599
0.0477668
0.0579293
0.06845169999999999
0.07982719999999999
0.0905803
0.107264
0.118381
0.132709
0.14753
0.163196
0.178665
0.195287
0.212406
0.22969
0.247744
0.266104
0.28446899999999997
0.301687
0.323519
0.343478
0.363792
0.384161
0.405383
0.427143
0.448176
0.46950600000000003
0.49149800000000005
0.513825
0.536623
0.5584220000000001
0.580943
0.6031110000000001
0.624737
0.6458969999999999
0.667173
0.687836
0.707656
0.7270650000000001
0.745607
0.76447
0.767538
0.767659
0.767657
0.767731
0.7677470000000001
0.767755
0.7678029999999999
0.8240390000000001
0.907014
0.924775
0.938761
0.952672
0.9661780000000001
0.979193
0.992312
1.0085000000000002
1.01878
1.03074
1.04244
1.05464
1.06532
1.07676
1.08792
1.09829
1.10899
1.11926
1.12954
1.1397899999999999

Vgs: 4.5
0.004184500000000001
0.00419327
0.00428659
0.00443352
0.00473659
0.00555381
0.00725827
0.0099991
0.0145439
0.0188361
0.0250113
0.0322564
0.0402265
0.049555699999999994
0.0592812
0.0702475
0.08187860000000001
0.09397960000000001
0.10948200000000001
0.120617
0.135193
0.150012
0.165527
0.181411
0.198043
0.215452
0.232913
0.251032
0.254228
0.254252
0.254208
0.25425600000000004
0.25428799999999996
0.254252
0.316144
0.40842199999999995
0.431622
0.453507
0.47517099999999995
0.49767400000000006
0.520616
0.544093
0.56691
0.58987
0.6136130000000001
0.637129
0.660393
0.68422
0.706431
0.731187
0.754356
0.7768989999999999
0.799349
0.820918
0.842506
0.863267
0.884195
0.903362
0.922355
0.941771
0.959794
0.9781080000000001
0.9934239999999999
1.01676
1.03098
1.0466600000000001
1.06273
1.07825
1.0936299999999999
1.10896
1.12303
1.13729
1.15147
1.1651
1.1793
1.19136
1.20472
1.21746
1.22989
1.24233
1.25434

Vgs: 5.0
0.00500228
0.0050094300000000005
0.0051274
0.00528213
0.005591039999999999
0.00648654
0.00821245
0.0115502
0.0149539
0.0201151
0.0263133
0.033642
0.0417346
0.051080099999999996
0.061054800000000006
0.0721528
0.0838382
0.0959505
0.11152799999999999
0.12277800000000001
0.137482
0.151814
0.167924
0.183907
0.200848
0.217978
0.235769
0.25408400000000003
0.27230800000000005
0.291559
0.311054
0.331617
0.351233
0.37191399999999997
0.39280899999999996
0.41190600000000005
0.435857
0.458305
0.480132
0.50293
0.525896
0.5490780000000001
0.573362
0.596156
0.620182
0.644165
0.668457
0.6933010000000001
0.717248
0.742025
0.7670980000000001
0.791834
0.8170109999999999
0.8421649999999999
0.866441
0.890587
0.9142
0.9380970000000001
0.960859
0.9839409999999998
1.0108300000000001
1.0282799999999999
1.04932
1.07007
1.08994
1.10956
1.12827
1.14608
1.1662599999999999
1.18335
1.20085
1.2176699999999998
1.2346300000000001
1.25143
1.267
1.28291
1.29798
1.3133000000000001
1.32799
1.34253
1.3567099999999999

Vgs: 5.5
0.00586456
0.005875389999999999
0.00601042
0.00618191
0.00654863
0.00745221
0.00918194
0.012646999999999999
0.0162085
0.021415499999999997
0.0276676
0.0350698
0.0435093
0.0526973
0.06291139999999999
0.07413840000000001
0.0856273
0.09791549999999999
0.113579
0.12501
0.13954200000000003
0.15476800000000002
0.17035499999999998
0.18640299999999999
0.20317800000000003
0.221254
0.238685
0.256742
0.27514299999999997
0.294424
0.314153
0.33494599999999997
0.35527
0.37521899999999997
0.396376
0.418082
0.439935
0.460324
0.484525
0.5072059999999999
0.530557
0.553653
0.577973
0.601491
0.6255940000000001
0.650333
0.674339
0.7002039999999999
0.7243259999999999
0.7498020000000001
0.775157
0.800418
0.826375
0.852205
0.8781359999999999
0.903982
0.929755
0.9559669999999999
0.981661
1.0134
1.03335
1.0589600000000001
1.08374
1.1075300000000001
1.1312
1.15445
1.17667
1.19912
1.22033
1.2418900000000002
1.26229
1.28251
1.30222
1.32141
1.3402399999999999
1.35888
1.37699
1.39471
1.41217
1.42915
1.44613

Vgs: 6.0
0.0067518299999999995
0.00675854
0.00691033
0.0070907999999999995
0.00750716
0.00843431
0.0106435
0.013186199999999999
0.0173414
0.0226618
0.0290422
0.0366058
0.0449123
0.0546003
0.0645994
0.075767
0.0875422
0.10251
0.11383499999999999
0.12732800000000002
0.140976
0.157284
0.17333199999999999
0.189101
0.2062
0.22386699999999998
0.241477
0.25982099999999997
0.27852299999999997
0.29775599999999997
0.317787
0.33761199999999997
0.35801700000000003
0.379092
0.400701
0.42184900000000003
0.44368100000000005
0.466038
0.48835800000000007
0.510678
0.534834
0.558193
0.582165
0.606378
0.630795
0.655268
0.679947
0.705183
0.73038
0.756069
0.781693
0.8075410000000001
0.8335779999999999
0.860477
0.886327
0.9125099999999999
0.939492
0.966884
0.992659
1.0260099999999999
1.0491000000000001
1.07463
1.10175
1.1285100000000001
1.15492
1.18128
1.2041
1.2326
1.25745
1.28202
1.30623
1.32935
1.3526600000000002
1.37506
1.39748
1.4189
1.43994
1.4608100000000002
1.48062
1.5007899999999998
1.52056

Vgs: 6.5
0.00767059
0.00767921
0.00784616
0.00805183
0.008487970000000001
0.00946074
0.011745
0.0143862
0.0185607
0.024005699999999998
0.0305089
0.038207500000000005
0.0467005
0.0563559
0.06643669999999999
0.0777994
0.0897822
0.104783
0.116408
0.129794
0.14477199999999998
0.15996000000000002
0.175959
0.192111
0.208979
0.22671
0.24453099999999997
0.263206
0.28186
0.301025
0.320934
0.34107499999999996
0.361468
0.382296
0.404198
0.42539200000000005
0.447353
0.47011200000000003
0.49222000000000005
0.5156069999999999
0.538743
0.562172
0.586387
0.610842
0.635347
0.659944
0.685392
0.71032
0.7356539999999999
0.76166
0.78713
0.813024
0.840189
0.865549
0.89205
0.9193870000000001
0.9464710000000001
0.9739800000000001
1.0070299999999999
1.0298
1.0571000000000002
1.0845900000000002
1.11221
1.13978
1.1681199999999998
1.19571
1.22277
1.25068
1.27839
1.30558
1.33376
1.3590099999999998
1.3852300000000002
1.41123
1.43706
1.4625599999999999
1.48569
1.50993
1.53309
1.55634
1.57861

Vgs: 7.0
0.00862219
0.00863656
0.00881927
0.00903918
0.00949299
0.0107322
0.012407
0.0158972
0.019838099999999997
0.0253457
0.0322203
0.039737999999999996
0.0483691
0.058096
0.0684766
0.0803684
0.0919719
0.107179
0.11843899999999999
0.132411
0.147361
0.16292600000000002
0.178873
0.195276
0.21222100000000002
0.230071
0.248464
0.26658299999999996
0.285674
0.288894
0.28892700000000004
0.288939
0.288964
0.28895899999999997
0.288977
0.28895499999999996
0.355713
0.469085
0.496149
0.520118
0.542789
0.566605
0.590577
0.6148170000000001
0.639321
0.664106
0.6889240000000001
0.714522
0.740016
0.766328
0.7910900000000001
0.8182820000000001
0.844622
0.871392
0.8981370000000001
0.925321
0.952102
0.9799260000000001
1.01369
1.03657
1.06449
1.09181
1.12044
1.1479400000000002
1.1768
1.20528
1.2335099999999999
1.2617500000000001
1.28762
1.3188600000000001
1.34809
1.37534
1.40396
1.43196
1.46013
1.48769
1.5151299999999999
1.5421799999999999
1.5683500000000001
1.59514
1.62026

Vgs: 7.5
0.00960446
0.00961815
0.00981761
0.0101117
0.0105331
0.011580799999999999
0.0135973
0.0167888
0.0210952
0.0267085
0.0334679
0.0412529
0.0499946
0.0600055
0.0703304
0.0821541
0.0944029
0.109848
0.12126899999999999
0.13537600000000002
0.150872
0.16626
0.18248099999999998
0.198985
0.21670399999999998
0.23478400000000002
0.252379
0.270976
0.290467
0.309143
0.329351
0.34960800000000003
0.36998400000000004
0.39096
0.412207
0.434294
0.455998
0.478644
0.50126
0.52395
0.548285
0.571227
0.59558
0.619352
0.643897
0.668961
0.693734
0.71932
0.745184
0.7707010000000001
0.7968959999999999
0.8228070000000001
0.849663
0.876468
0.903358
0.930669
0.957608
0.985412
1.01956
1.0424900000000001
1.0703500000000001
1.09859
1.12682
1.15497
1.18431
1.2135399999999998
1.2409700000000001
1.2702499999999999
1.29883
1.32803
1.3571900000000001
1.38642
1.4155000000000002
1.44462
1.47378
1.5028000000000001
1.5315999999999999
1.56084
1.59014
1.61852
1.6463700000000001

Vgs: 8.0
0.0106017
0.010615600000000001
0.0108326
0.0110854
0.011582
0.012665
0.0146879
0.0178819
0.0224041
0.0281636
0.0350296
0.0429884
0.0520228
0.061962899999999994
0.0728236
0.0845779
0.0971235
0.11281999999999999
0.12458799999999999
0.138846
0.154255
0.170204
0.186808
0.20358099999999998
0.220964
0.239061
0.257412
0.276129
0.295006
0.314782
0.33487
0.355261
0.376208
0.397098
0.40089400000000003
0.400941
0.400968
0.400986
0.401003
0.401003
0.40101
0.49654
0.598893
0.62486
0.649508
0.674262
0.698879
0.725548
0.750048
0.776738
0.801146
0.827941
0.8547210000000001
0.88125
0.908654
0.935817
0.9631890000000001
0.990809
1.0249899999999998
1.0481
1.07641
1.1040699999999999
1.13309
1.15913
1.19058
1.21912
1.24831
1.27713
1.30605
1.33602
1.36509
1.39423
1.42421
1.4535399999999998
1.48332
1.51427
1.5424600000000002
1.57254
1.60191
1.6319800000000002
1.6614799999999998
