Vgs range: 0,8,0.5
Vds range: 0,8,0.1

Vgs: 0.0
-3.27269e-06
-2.45404e-06
-8.16349e-07
2.34094e-07
0.000372091
0.000428613
0.00045321200000000004
0.000471592
0.000492195
0.000521821
0.0005528730000000001
0.000587322
0.000627369
0.000673248
0.000719425
0.000771291
0.000824221
0.000885645
0.000946798
0.00101972
0.00109154
0.0011639500000000002
0.00124313
0.0013260099999999999
0.00141405
0.00150704
0.00159941
0.00170211
0.00181182
0.0019153499999999997
0.0020329000000000002
0.00215295
0.0022767499999999997
0.00240232
0.00252708
0.00266112
0.00279321
0.00292963
0.00306967
0.00321219
0.00335568
0.0035075899999999997
0.00365338
0.00380483
0.00395625
0.00411118
0.00426825
0.00442787
0.0045872099999999996
0.0047531399999999994
0.00492409
0.00509001
0.0052563
0.00541734
0.005590009999999999
0.00576067
0.00594155
0.00612
0.006285369999999999
0.00646272
0.00665032
0.00682326
0.0070049
0.0071879199999999996
0.007382929999999999
0.00756652
0.0077550200000000005
0.007931339999999999
0.008121729999999999
0.00832218
0.0085103
0.0086999
0.00889228
0.00908566
0.00928291
0.00947463
0.009671840000000001
0.00987002
0.0100736
0.0102715
0.0104709

Vgs: 0.5
-3.37209e-06
5.1778199999999995e-06
0.00038485
0.000593051
0.000771621
0.000859548
0.000896064
0.00094028
0.0009873220000000001
0.00104162
0.0010951399999999999
0.00115912
0.0012226
0.00129407
0.00136052
0.00155511
0.00152107
0.00160532
0.00169687
0.00179399
0.00189373
0.00199067
0.00210756
0.00235638
0.00248781
0.0024591599999999997
0.00272989
0.00272626
0.0028615999999999997
0.0030109599999999996
0.0031516
0.00329707
0.00345073
0.0036083900000000004
0.00376384
0.00392379
0.00408898
0.00425318
0.0044169
0.00458626
0.00476067
0.00493265
0.00510529
0.005281780000000001
0.00546078
0.00564074
0.00582154
0.00600634
0.0061906800000000005
0.00637756
0.00656579
0.006959590000000001
0.0069462
0.00713937
0.0073328
0.00752818
0.007725259999999999
0.00792209
0.008120639999999998
0.008321770000000001
0.00852318
0.00872648
0.00892948
0.009133780000000001
0.00933995
0.009547660000000001
0.00999073
0.00996292
0.0101799
0.0103933
0.0106047
0.010815700000000001
0.0110307
0.0112471
0.011462
0.0116791
0.0118965
0.0121175
0.0123365
0.012558099999999999
0.0127798

Vgs: 1.0
-1.22194e-05
0.00368609
0.00694197
0.00965447
0.011719700000000001
0.0130316
0.0137275
0.014252
0.0146913
0.0150745
0.0153403
0.0156716
0.0160082
0.0163587
0.0166028
0.0169324
0.017258700000000002
0.017634
0.0179197
0.018227999999999998
0.0185946
0.018916899999999997
0.0192179
0.0195504
0.0199188
0.0202613
0.0205422
0.020860899999999998
0.0212123
0.0214939
0.0217877
0.0220624
0.0223713
0.022847799999999998
0.0229273
0.0233044
0.0234643
0.0242001
0.0246193
0.024893699999999998
0.025272299999999998
0.025437699999999997
0.0252495
0.026072400000000003
0.026789
0.0270842
0.0272412
0.0271883
0.0272231
0.0267827
0.0273219
0.027599000000000002
0.0278488
0.028137
0.0284212
0.0287154
0.0289896
0.0292615
0.0295588
0.0298594
0.0301393
0.030428200000000002
0.030713699999999997
0.0310097
0.0313042
0.031603799999999994
0.0319075
0.0322008
0.0324893
0.032808899999999995
0.033126300000000004
0.033427899999999997
0.0337381
0.0340562
0.0343716
0.0346825
0.035006999999999996
0.035332800000000004
0.035669400000000004
0.0359943
0.036328700000000005

Vgs: 1.5
-1.40627e-05
0.00687375
0.013635999999999999
0.0204042
0.0269896
0.033108599999999995
0.038637200000000003
0.04341
0.0473448
0.0505488
0.052916700000000004
0.054515400000000006
0.0556133
0.0565024
0.057286500000000004
0.0578995
0.0585697
0.0592615
0.059882200000000003
0.0604825
0.061069399999999996
0.0617576
0.0622652
0.06283910000000001
0.0633975
0.0639188
0.06445909999999999
0.0649177
0.06537330000000001
0.0658377
0.0662368
0.0666651
0.0670976
0.0675007
0.0678771
0.0682921
0.06869639999999999
0.06905149999999999
0.0694462
0.0698091
0.0702211
0.0705598
0.0709602
0.0713596
0.0716763
0.07205629999999999
0.0724292
0.0728026
0.0731748
0.0735404
0.0739121
0.07430859999999999
0.0746588
0.0750328
0.0754296
0.0758055
0.07617260000000001
0.0765585
0.076946
0.0773364
0.0777352
0.07814890000000001
0.0785532
0.07897670000000001
0.0794002
0.0798203
0.0802603
0.0806968
0.0811345
0.0816061
0.0820654
0.0825425
0.0830142
0.0835179
0.08399939999999999
0.08450440000000001
0.0850276
0.08553279999999999
0.08607830000000001
0.08661419999999999
0.08716399999999999

Vgs: 2.0
-1.53669e-05
0.00874179
0.0176341
0.027120599999999998
0.037064799999999995
0.0470379
0.0567914
0.0661829
0.0750537
0.0833034
0.09070500000000001
0.0972788
0.103117
0.10794
0.11179900000000001
0.11493300000000001
0.117279
0.118893
0.12019200000000001
0.121323
0.122321
0.12322999999999999
0.12405200000000001
0.124935
0.12571500000000002
0.12637
0.127082
0.127764
0.128426
0.128995
0.12964
0.130195
0.130719
0.131272
0.131826
0.132396
0.132881
0.133402
0.13389900000000002
0.13443
0.134908
0.135384
0.135876
0.136384
0.13684100000000002
0.137311
0.13776000000000002
0.138252
0.138687
0.13917500000000002
0.139674
0.140129
0.140584
0.141073
0.14155099999999998
0.142032
0.142512
0.143015
0.143514
0.14401999999999998
0.144509
0.145042
0.14560399999999998
0.14615799999999998
0.146694
0.147284
0.14786700000000003
0.148493
0.149088
0.149749
0.15038
0.151057
0.151735
0.152456
0.15317999999999998
0.153922
0.15469
0.15546900000000002
0.156284
0.1571
0.15795499999999998

Vgs: 2.5
-1.58152e-05
0.009945730000000002
0.0203211
0.031866000000000005
0.044372100000000005
0.0573155
0.070349
0.08325930000000001
0.0959426
0.10817
0.11982899999999999
0.130917
0.141413
0.15105000000000002
0.159875
0.167891
0.175152
0.18135800000000002
0.18668800000000002
0.191097
0.19467900000000002
0.197364
0.199467
0.201116
0.202449
0.20358400000000001
0.204591
0.20564
0.206513
0.20732899999999999
0.208153
0.208965
0.209673
0.210457
0.211117
0.211862
0.21248099999999998
0.213168
0.213829
0.214476
0.21510100000000001
0.215692
0.218227
0.21689
0.21747
0.21804199999999999
0.218627
0.219197
0.219774
0.22033
0.220891
0.221442
0.221984
0.222537
0.223105
0.22366899999999998
0.224205
0.224798
0.225401
0.225981
0.226578
0.227207
0.22784
0.228463
0.230554
0.229831
0.23052
0.23126200000000002
0.232026
0.23283399999999999
0.233639
0.23447400000000002
0.235357
0.236245
0.237199
0.238166
0.23919300000000002
0.240236
0.241342
0.24246099999999998
0.243625

Vgs: 3.0
-1.6466099999999998e-05
0.010792
0.02231
0.0354798
0.050035199999999995
0.0653367
0.08101689999999999
0.0967681
0.11247900000000001
0.127905
0.14294500000000002
0.157531
0.171687
0.18524200000000002
0.198088
0.210336
0.221888
0.232642
0.242583
0.25176099999999996
0.260026
0.26736499999999996
0.273765
0.279262
0.283868
0.287463
0.290376
0.292668
0.29439899999999997
0.29592300000000005
0.297211
0.298479
0.299531
0.30063
0.30160400000000004
0.302599
0.303504
0.304367
0.30528299999999997
0.306109
0.306929
0.30771
0.308492
0.309282
0.30998400000000004
0.310726
0.31146599999999997
0.31219
0.312858
0.313506
0.31423999999999996
0.314865
0.315529
0.316196
0.316844
0.31751799999999997
0.31812399999999996
0.318801
0.319469
0.320127
0.320795
0.321465
0.322194
0.322903
0.323609
0.324364
0.325156
0.325959
0.326782
0.327635
0.32855900000000005
0.32949599999999996
0.330483
0.33150399999999997
0.332588
0.333716
0.334902
0.336142
0.337437
0.33878800000000003
0.340207

Vgs: 3.5
-1.66942e-05
0.011457700000000001
0.023889399999999998
0.0384296
0.0547355
0.0720309
0.0899142
0.10805
0.12628699999999998
0.144399
0.162296
0.17978
0.196966
0.213675
0.229867
0.24550199999999997
0.260634
0.275069
0.28884899999999997
0.301929
0.314349
0.32585600000000003
0.336723
0.346675
0.35579500000000003
0.364028
0.371361
0.377803
0.383258
0.38790800000000003
0.391675
0.3947
0.397092
0.39905700000000005
0.40073000000000003
0.402262
0.403599
0.404874
0.406086
0.407223
0.40829400000000005
0.409387
0.410352
0.411389
0.412331
0.413248
0.414144
0.415053
0.415893
0.416738
0.417542
0.418353
0.41912
0.419919
0.42068500000000003
0.42144699999999996
0.422178
0.422948
0.42367499999999997
0.424406
0.425147
0.42590500000000003
0.426653
0.427407
0.42820800000000003
0.42899000000000004
0.42979599999999996
0.430627
0.431511
0.432403
0.433326
0.43429
0.43531800000000004
0.43638200000000005
0.437496
0.438664
0.439905
0.441224
0.442595
0.44404699999999997
0.44559299999999996

Vgs: 4.0
-1.7578399999999998e-05
0.0119976
0.0252132
0.040929
0.0587132
0.07776240000000001
0.09751989999999999
0.117737
0.13813399999999998
0.15851099999999999
0.17876799999999998
0.198817
0.21854700000000002
0.23789
0.256904
0.27548900000000004
0.29352
0.311039
0.328051
0.344497
0.36026400000000003
0.37521899999999997
0.38978500000000005
0.403581
0.41655400000000004
0.42881199999999997
0.440336
0.45095999999999997
0.460764
0.46976100000000004
0.477903
0.485195
0.49154899999999996
0.49710499999999996
0.501749
0.505608
0.5087349999999999
0.511354
0.513497
0.515371
0.517025
0.518552
0.520017
0.5212870000000001
0.522605
0.52384
0.5249900000000001
0.526125
0.527219
0.528273
0.529268
0.530265
0.531218
0.532186
0.533135
0.5340170000000001
0.5349210000000001
0.535812
0.53664
0.537499
0.538313
0.539195
0.539963
0.540818
0.541652
0.5424829999999999
0.543311
0.544161
0.545043
0.545956
0.546871
0.547812
0.548787
0.5498019999999999
0.5508620000000001
0.55199
0.553183
0.554458
0.555773
0.5571929999999999
0.558696

Vgs: 4.5
-1.76231e-05
-6.095110000000001e-05
0.0263095
0.043026499999999995
0.0621499
0.0828115
0.104394
0.126553
0.148833
0.171327
0.19362700000000002
0.216059
0.237651
0.25994
0.280659
0.301532
0.322665
0.342908
0.362348
0.38177099999999997
0.40070999999999996
0.418625
0.436433
0.45330000000000004
0.469523
0.485078
0.500151
0.514361
0.5281790000000001
0.5409940000000001
0.5533950000000001
0.565414
0.575477
0.5849679999999999
0.59375
0.601938
0.608026
0.614398
0.619795
0.62418
0.6294160000000001
0.633826
0.636269
0.638555
0.640231
0.642833
0.642553
0.6447350000000001
0.6453519999999999
0.649083
0.648168
0.651289
0.6508809999999999
0.6517339999999999
0.652359
0.654371
0.656713
0.656968
0.658195
0.6582969999999999
0.65904
0.659932
0.661325
0.6622359999999999
0.662806
0.6638529999999999
0.664606
0.665501
0.666387
0.667349
0.668629
0.669859
0.670843
0.672405
0.67459
0.674844
0.677443
0.678221
0.679515
0.683257
0.682278

Vgs: 5.0
-1.80702e-05
0.0127984
0.0272447
0.044874199999999996
0.0651297
0.0870726
0.11006300000000001
0.133694
0.157747
0.18188300000000002
0.206071
0.23019699999999998
0.254149
0.277887
0.301467
0.324674
0.347549
0.370024
0.392128
0.413826
0.435028
0.455527
0.475852
0.49551200000000006
0.514671
0.5332089999999999
0.5511729999999999
0.568486
0.585158
0.601263
0.616673
0.631474
0.645493
0.6588320000000001
0.671445
0.683337
0.694423
0.704759
0.71429
0.722965
0.730853
0.737911
0.744105
0.749494
0.754141
0.758085
0.761375
0.764193
0.7668090000000001
0.768812
0.770748
0.772548
0.7742260000000001
0.7758590000000001
0.777376
0.778858
0.7804650000000001
0.781898
0.783602
0.785804
0.787192
0.786819
0.7898799999999999
0.791035
0.792749
0.792063
0.793688
0.794602
0.794557
0.795675
0.796952
0.7978879999999999
0.798133
0.799081
0.799977
0.801857
0.8030970000000001
0.804048
0.805739
0.8063509999999999
0.80742

Vgs: 5.5
-1.81688e-05
0.0131253
0.028107899999999998
0.0465913
0.0679061
0.09115190000000001
0.11554400000000001
0.140566
0.166049
0.192115
0.217772
0.243716
0.26947
0.294617
0.32081299999999996
0.34586
0.370195
0.394592
0.41971400000000003
0.44331200000000004
0.46626700000000004
0.489662
0.512382
0.535166
0.5563849999999999
0.577748
0.598323
0.6177980000000001
0.637292
0.656387
0.674894
0.693229
0.7102080000000001
0.72876
0.741825
0.759243
0.77254
0.788259
0.8002130000000001
0.8140139999999999
0.821387
0.83363
0.8430840000000001
0.856738
0.8620519999999999
0.871769
0.875705
0.8857440000000001
0.886172
0.896256
0.9006590000000001
0.903229
0.904199
0.9045979999999999
0.907564
0.907988
0.913182
0.916636
0.9154840000000001
0.917575
0.918875
0.924539
0.923608
0.9210750000000001
0.923501
0.9309189999999999
0.925177
0.93349
0.9336070000000001
0.932672
0.931691
0.938074
0.932551
0.930756
0.9333009999999999
0.935877
0.933458
0.938018
0.941991
0.9424140000000001
0.946234

Vgs: 6.0
-1.84057e-05
0.0133732
0.0287649
0.0479302
0.0702671
0.0944628
0.12000100000000001
0.146473
0.173439
0.200551
0.228208
0.255176
0.282785
0.31044900000000003
0.33699
0.36383200000000004
0.39083100000000004
0.416945
0.44336499999999995
0.469665
0.494847
0.519713
0.544308
0.5684779999999999
0.592562
0.615274
0.639109
0.660953
0.684716
0.704144
0.727773
0.74642
0.7663
0.784078
0.803796
0.821232
0.838545
0.855347
0.871792
0.886606
0.901818
0.915466
0.929604
0.9421670000000001
0.953938
0.9668100000000001
0.97715
0.9853970000000001
0.9971069999999999
1.00793
1.01512
1.02202
1.03173
1.03996
1.0383600000000002
1.04086
1.0438699999999999
1.04447
1.0468199999999999
1.05684
1.05635
1.055
1.0569799999999998
1.0577500000000002
1.06145
1.06124
1.06422
1.0650600000000001
1.06655
1.06635
1.06905
1.07037
1.07096
1.07235
1.07345
1.07464
1.07586
1.0770300000000002
1.0782
1.0793199999999998
1.08045

Vgs: 6.5
-1.8576899999999998e-05
0.0135945
0.0293724
0.0491705
0.0722655
0.0975265
0.124192
0.15177
0.179917
0.208463
0.237187
0.266001
0.2948
0.323567
0.35237
0.38081
0.409509
0.437454
0.465256
0.49317199999999994
0.5200670000000001
0.54657
0.5732740000000001
0.599506
0.625482
0.650216
0.6758
0.699484
0.724031
0.747438
0.769737
0.7929649999999999
0.816006
0.836631
0.855904
0.877327
0.898861
0.916953
0.936329
0.953021
0.97215
0.9890999999999999
1.0077099999999999
1.0230599999999999
1.03889
1.05273
1.06679
1.07985
1.09269
1.1042
1.11472
1.1256599999999999
1.13661
1.1449500000000001
1.15273
1.1608
1.16767
1.1736
1.1785700000000001
1.1827400000000001
1.18662
1.1912500000000001
1.1922
1.19584
1.1977
1.20093
1.20239
1.2051399999999999
1.2063
1.2069699999999999
1.20973
1.2126400000000002
1.2136099999999999
1.2138
1.21623
1.21737
1.21819
1.21987
1.22127
1.22275
1.2230100000000002

Vgs: 7.0
-1.86376e-05
0.0138131
0.0299505
0.0503582
0.07424460000000001
0.100434
0.128121
0.156802
0.18609
0.21573900000000001
0.245655
0.275787
0.30602199999999996
0.33605100000000004
0.366113
0.395606
0.42563300000000004
0.455293
0.484491
0.513726
0.542379
0.570752
0.599066
0.62682
0.654296
0.681537
0.708308
0.7349169999999999
0.760663
0.786164
0.8113079999999999
0.835612
0.859988
0.8840220000000001
0.9074359999999999
0.930006
0.952142
0.9743160000000001
0.9953609999999999
1.01817
1.03834
1.0580699999999998
1.07712
1.09548
1.1139800000000002
1.13134
1.14823
1.16459
1.1801599999999999
1.19504
1.2091
1.22272
1.2357500000000001
1.2476500000000001
1.25958
1.2701
1.28024
1.28952
1.29805
1.30575
1.31324
1.31936
1.32533
1.3301800000000001
1.33463
1.33867
1.34281
1.3454700000000002
1.34894
1.35096
1.35432
1.35605
1.35808
1.36015
1.36188
1.36399
1.36603
1.36496
1.36654
1.36824
1.3695700000000002

Vgs: 7.5
-1.8917200000000002e-05
-8.30519e-05
0.0304111
0.0513218
0.075904
0.102938
0.131535
0.161201
0.19159900000000002
0.22240500000000002
0.253463
0.28469500000000003
0.316046
0.347393
0.378657
0.409846
0.441008
0.471922
0.502613
0.533134
0.563415
0.593232
0.622978
0.652381
0.681564
0.710246
0.738687
0.766779
0.794482
0.821841
0.848716
0.8753409999999999
0.901465
0.927172
0.9524590000000001
0.977398
1.00404
1.02724
1.05076
1.07383
1.09629
1.11833
1.13985
1.16076
1.18123
1.2011299999999998
1.22056
1.2396099999999999
1.25756
1.27522
1.29273
1.30867
1.32453
1.33963
1.35417
1.36798
1.38116
1.3937599999999999
1.4056
1.41674
1.4272099999999999
1.43693
1.44593
1.45427
1.46184
1.46875
1.4748999999999999
1.48044
1.4853399999999999
1.48969
1.49351
1.49693
1.50008
1.50282
1.50538
1.5077800000000001
1.50997
1.51209
1.5141099999999998
1.51603
1.51783

Vgs: 8.0
-1.90999e-05
-5.84803e-05
0.0308545
0.0522336
0.0774757
0.10523300000000001
0.13466
0.165205
0.196492
0.228263
0.260422
0.29271199999999997
0.32515099999999997
0.357542
0.390082
0.422464
0.45474600000000004
0.486915
0.518938
0.550755
0.5823379999999999
0.613437
0.644668
0.675418
0.70601
0.736248
0.766241
0.795796
0.825083
0.8541249999999999
0.882699
0.911006
0.938836
0.9663980000000001
0.993399
1.02165
1.04795
1.07384
1.09934
1.12439
1.14883
1.17297
1.1966100000000002
1.2197
1.2424
1.2645
1.28622
1.30736
1.3279800000000002
1.34801
1.36751
1.38653
1.40496
1.4227400000000001
1.44005
1.45664
1.4726299999999999
1.48806
1.50289
1.51708
1.53052
1.5434299999999999
1.55556
1.56708
1.57785
1.5880200000000002
1.5974400000000002
1.6061400000000001
1.6142
1.62155
1.62818
1.63419
1.63959
1.6444
1.64862
1.6524599999999998
1.65588
1.65893
1.6617
1.66432
1.66675
