Vgs range: 0,8,0.5
Vds range: 0,8,0.1

Vgs: 0.0
-3.28861e-06
-1.87649e-06
-7.07978e-07
3.2528599999999997e-07
0.000384019
0.00044463500000000003
0.000466514
0.000487373
0.000511075
0.0005395980000000001
0.0005711819999999999
0.000607234
0.0006462499999999999
0.000692481
0.000740998
0.0007921240000000001
0.000848832
0.0009155729999999999
0.000973068
0.00104224
0.0011173
0.00118709
0.00127196
0.00135387
0.00144535
0.00153863
0.0016306600000000001
0.0017357599999999998
0.00184126
0.00195528
0.00206916
0.00219017
0.0023139
0.00244101
0.00257207
0.0027056
0.00284393
0.0029796799999999997
0.00312196
0.0032660199999999997
0.00341037
0.0035598300000000004
0.00371081
0.0038644599999999997
0.00401887
0.00417651
0.00433582
0.00449361
0.004658450000000001
0.004821659999999999
0.00498855
0.00515567
0.00532327
0.00549391
0.0056658
0.0058407
0.00601574
0.00619375
0.00637002
0.00654834
0.00673048
0.00691396
0.00709674
0.007279079999999999
0.0074652699999999995
0.007652730000000001
0.0078394
0.00802919
0.00821999
0.00841073
0.00860348
0.00879646
0.00898893
0.0091831
0.009379779999999999
0.0095765
0.009774930000000001
0.00997325
0.0101767
0.010377
0.010577399999999999

Vgs: 0.5
-3.28871e-06
4.29215e-06
0.000381073
0.0006069
0.000783404
0.000870733
0.000912458
0.000957043
0.000999352
0.00105477
0.0011115300000000001
0.0011745
0.00124017
0.0013125600000000002
0.0013863200000000001
0.0014592399999999999
0.0015456
0.00163757
0.00172499
0.00181587
0.0019242999999999999
0.00202913
0.00213331
0.00224882
0.00237136
0.00250176
0.00262277
0.00276073
0.00290563
0.0030459899999999997
0.00319073
0.003346
0.00349948
0.0036576100000000004
0.00381585
0.00397854
0.004145609999999999
0.00431203
0.00447969
0.00465081
0.00482197
0.00499894
0.00517619
0.0053545
0.00553529
0.0057151599999999995
0.00590112
0.00608594
0.00627335
0.00646161
0.00664999
0.006845919999999999
0.007036939999999999
0.007231550000000001
0.00742665
0.00762472
0.0078203
0.00802287
0.00822202
0.00842435
0.008627270000000001
0.00883021
0.00903754
0.009244
0.009451039999999999
0.00965861
0.009868219999999999
0.010086
0.0102972
0.0105089
0.010722599999999999
0.0109376
0.0111517
0.0113685
0.0115875
0.0118036
0.012024199999999999
0.0122445
0.012466000000000001
0.012686399999999999
0.0129117

Vgs: 1.0
-1.01806e-05
0.00366748
0.00690722
0.009632410000000001
0.011635699999999999
0.012908099999999999
0.013768500000000001
0.0142497
0.0146427
0.015023499999999999
0.0154054
0.0157339
0.0160276
0.0163621
0.0167026
0.0169761
0.0173011
0.0176835
0.0179854
0.018278600000000002
0.0186143
0.0189578
0.0193207
0.0196234
0.0199503
0.0203363
0.0206468
0.0209619
0.021304100000000003
0.0216147
0.0219004
0.0221832
0.0224874
0.0227586
0.0230494
0.0233288
0.0235919
0.023893400000000002
0.0241473
0.0244246
0.024693299999999998
0.0249854
0.0252489
0.0255161
0.025811
0.0260532
0.0263404
0.026613599999999998
0.026895600000000002
0.027160300000000002
0.0274344
0.0277084
0.0279987
0.028267
0.0285331
0.0288176
0.0291096
0.029393299999999997
0.029664
0.0299609
0.0302469
0.030528399999999997
0.030829099999999998
0.031118399999999997
0.0314099
0.0317049
0.0320072
0.0323033
0.0326064
0.0329142
0.033220299999999994
0.0335304
0.033839
0.034162200000000004
0.0344712
0.0347971
0.035117
0.0354464
0.035770199999999995
0.0361
0.0364357

Vgs: 1.5
-1.26184e-05
0.00687617
0.0136103
0.0203657
0.0269504
0.033058000000000004
0.0385181
0.043297100000000005
0.0473221
0.050475
0.052756700000000004
0.0543894
0.0556294
0.056449
0.0572055
0.057853499999999995
0.0585804
0.0592494
0.0598227
0.0604601
0.061116800000000006
0.061773999999999996
0.0622876
0.0628509
0.0635027
0.063984
0.06445540000000001
0.0649679
0.0654583
0.0658544
0.0663167
0.0667586
0.0671901
0.0675324
0.06799000000000001
0.06840940000000001
0.0688127
0.0691943
0.0695702
0.0699625
0.0703527
0.07071380000000001
0.0710842
0.0714726
0.0718238
0.0721924
0.0725784
0.07293480000000001
0.07331689999999999
0.073667
0.0740682
0.0744238
0.0747916
0.0751666
0.075548
0.0759054
0.0763027
0.076697
0.0770921
0.0774814
0.0778885
0.0782866
0.0786894
0.0791222
0.0795174
0.07996829999999999
0.080386
0.08083
0.0812774
0.0817404
0.0822056
0.08267079999999999
0.08314830000000001
0.08363659999999999
0.0841371
0.0846372
0.0851412
0.0856625
0.0862
0.0867347
0.0872784

Vgs: 2.0
-1.3703100000000001e-05
0.00870903
0.017575
0.0270668
0.037002
0.0469451
0.056724000000000004
0.0661844
0.07501530000000001
0.0832058
0.0906646
0.09730810000000001
0.10307999999999999
0.10792
0.11192999999999999
0.115016
0.11723399999999999
0.119008
0.12035499999999999
0.121446
0.122429
0.12336399999999999
0.124322
0.125056
0.125868
0.12665300000000002
0.127296
0.127928
0.12861
0.129193
0.12978
0.13036899999999998
0.130941
0.13148
0.132044
0.132579
0.133058
0.133613
0.134102
0.13464099999999998
0.135114
0.13563599999999998
0.136102
0.13659100000000002
0.137047
0.13753100000000001
0.138019
0.138464
0.13894800000000002
0.139387
0.139845
0.140301
0.140774
0.14125
0.141716
0.14221
0.142674
0.143201
0.143678
0.144194
0.144704
0.145229
0.145742
0.14629899999999998
0.146873
0.147457
0.148037
0.148646
0.14927300000000002
0.149903
0.150559
0.15122
0.151917
0.152616
0.153341
0.154093
0.15485600000000002
0.155647
0.156446
0.15727
0.15811699999999998

Vgs: 2.5
-1.4290099999999999e-05
0.00993623
0.0202949
0.0318154
0.0443196
0.0572377
0.0702337
0.0831693
0.095863
0.108099
0.119796
0.130861
0.141326
0.15096700000000002
0.15982
0.167972
0.17519
0.181456
0.186786
0.19132400000000002
0.19484600000000002
0.197563
0.19966499999999998
0.201402
0.202688
0.203848
0.204943
0.205918
0.20679499999999998
0.207684
0.208524
0.209285
0.210098
0.210782
0.211547
0.212249
0.212915
0.213581
0.214255
0.21491300000000002
0.215479
0.21607500000000002
0.21670399999999998
0.217316
0.217884
0.21848599999999999
0.219047
0.219613
0.2202
0.220749
0.221292
0.221842
0.222422
0.222978
0.223495
0.224053
0.224634
0.2252
0.22578
0.226361
0.226967
0.22757300000000003
0.2282
0.228843
0.229497
0.230183
0.230886
0.23162899999999997
0.232374
0.233157
0.23396499999999998
0.234812
0.23567
0.23657499999999998
0.237514
0.238487
0.239502
0.240554
0.241632
0.242766
0.243936

Vgs: 3.0
-1.48916e-05
0.010778600000000001
0.0222732
0.035413900000000005
0.0499646
0.0652329
0.0808792
0.0966602
0.112284
0.12771000000000002
0.14282
0.15743100000000002
0.17146
0.18504
0.198029
0.210261
0.22173500000000002
0.232533
0.242525
0.25173300000000004
0.26006199999999996
0.267398
0.27394399999999997
0.279459
0.28408
0.287844
0.290721
0.29299699999999995
0.29481199999999996
0.296342
0.29762700000000003
0.298844
0.299982
0.301091
0.302088
0.303004
0.30395599999999995
0.30487899999999996
0.305743
0.306575
0.30737000000000003
0.30822700000000003
0.308972
0.30974
0.310492
0.311215
0.311935
0.312635
0.313326
0.314013
0.314716
0.31538
0.316023
0.316714
0.317334
0.31803099999999995
0.318687
0.31933599999999995
0.31999500000000003
0.320645
0.321313
0.321989
0.3227
0.323409
0.324129
0.32489599999999996
0.325662
0.326464
0.32728599999999997
0.328156
0.32905199999999996
0.33001400000000003
0.33099300000000004
0.332015
0.33310700000000004
0.334225
0.335404
0.336635
0.337929
0.339282
0.340708

Vgs: 3.5
-1.52604e-05
0.0114247
0.0238417
0.0383087
0.0545079
0.07169840000000001
0.0895092
0.10762000000000001
0.125748
0.143792
0.16162100000000001
0.17910399999999999
0.196159
0.21284599999999998
0.229092
0.24473700000000004
0.259768
0.274242
0.288112
0.30127000000000004
0.313684
0.32524600000000004
0.336259
0.34622800000000004
0.355468
0.363846
0.371297
0.377788
0.38339199999999996
0.388189
0.392022
0.395188
0.39767600000000003
0.39973800000000004
0.401415
0.402928
0.404297
0.40560999999999997
0.40678200000000003
0.407921
0.409053
0.41009
0.411123
0.412105
0.41306600000000004
0.41394400000000003
0.414871
0.415738
0.41658199999999995
0.417427
0.418236
0.419042
0.41985999999999996
0.420632
0.421392
0.422151
0.42290999999999995
0.423654
0.42440799999999995
0.425128
0.425873
0.426626
0.427367
0.428128
0.428896
0.42966899999999997
0.430483
0.431317
0.43218199999999996
0.433059
0.43397800000000003
0.43495300000000003
0.435967
0.43701599999999996
0.438135
0.43932
0.440532
0.441828
0.44320200000000004
0.44465
0.446181

Vgs: 4.0
-1.55957e-05
0.0119625
0.0251049
0.0407437
0.0584307
0.07733580000000001
0.0970379
0.117119
0.137394
0.157685
0.177848
0.197807
0.217469
0.236786
0.255747
0.27426
0.292286
0.30980599999999997
0.326818
0.34326700000000004
0.35902599999999996
0.374098
0.38865900000000003
0.402434
0.41553500000000004
0.427899
0.439476
0.45022
0.460185
0.46927800000000003
0.477605
0.48496100000000003
0.49153800000000003
0.497197
0.501968
0.505983
0.50924
0.51197
0.514171
0.5161169999999999
0.517824
0.519383
0.520842
0.5221629999999999
0.5235339999999999
0.524728
0.525898
0.527033
0.528163
0.5291939999999999
0.5302250000000001
0.531241
0.532219
0.533149
0.534081
0.534991
0.535887
0.53677
0.537607
0.5384909999999999
0.539316
0.540177
0.540975
0.54183
0.5426540000000001
0.543471
0.5443250000000001
0.545184
0.546022
0.5469010000000001
0.5478230000000001
0.5487559999999999
0.549734
0.5507230000000001
0.5518190000000001
0.552933
0.554121
0.555353
0.556682
0.558061
0.559539

Vgs: 4.5
-1.61135e-05
-5.28177e-05
0.0261839
0.0428071
0.0617921
0.0822719
0.103595
0.125466
0.147647
0.169913
0.19213999999999998
0.214229
0.236117
0.257762
0.27910100000000004
0.300031
0.320625
0.340811
0.360481
0.379641
0.39831000000000005
0.416348
0.433937
0.450873
0.46721
0.48291
0.49797899999999995
0.512296
0.525917
0.538875
0.5510069999999999
0.562422
0.573129
0.582941
0.5919439999999999
0.600127
0.607475
0.61396
0.619605
0.624473
0.6285820000000001
0.631984
0.634755
0.637175
0.639273
0.641148
0.64281
0.644411
0.6459480000000001
0.647336
0.648679
0.650014
0.651268
0.652474
0.653623
0.654746
0.6558510000000001
0.656894
0.657995
0.659018
0.6599750000000001
0.6609619999999999
0.661925
0.662921
0.663825
0.664779
0.665675
0.666628
0.667527
0.668424
0.669377
0.670302
0.671252
0.6722549999999999
0.673293
0.674329
0.675429
0.676569
0.67778
0.679053
0.680403

Vgs: 5.0
-1.63076e-05
0.012762299999999999
0.0271299
0.044669
0.0647939
0.08658439999999999
0.109407
0.13287800000000002
0.15673499999999999
0.180781
0.204833
0.228829
0.252644
0.276329
0.299747
0.322859
0.34562299999999996
0.368095
0.39016799999999996
0.411771
0.43292200000000003
0.45349300000000003
0.473762
0.49342099999999994
0.512576
0.5311629999999999
0.5491510000000001
0.56654
0.583252
0.59951
0.6149410000000001
0.629838
0.643968
0.657486
0.670234
0.6822459999999999
0.6935
0.7039979999999999
0.713689
0.722586
0.73066
0.737897
0.744288
0.749915
0.754771
0.75887
0.762321
0.765285
0.7678379999999999
0.7700619999999999
0.772087
0.773919
0.7756339999999999
0.77726
0.778775
0.7802399999999999
0.781682
0.782986
0.784321
0.78552
0.786754
0.787962
0.7891130000000001
0.79023
0.7913290000000001
0.7924289999999999
0.793456
0.7944939999999999
0.795516
0.796527
0.797535
0.798547
0.799568
0.800554
0.8015159999999999
0.802578
0.803619
0.804668
0.8057690000000001
0.806904
0.808087

Vgs: 5.5
-1.64118e-05
0.0130524
0.0279111
0.046242200000000004
0.0674068
0.0903846
0.11455699999999999
0.139462
0.164837
0.190409
0.216111
0.241803
0.267363
0.29286999999999996
0.318137
0.343155
0.367862
0.392297
0.416449
0.44021099999999996
0.46357499999999996
0.486324
0.508929
0.530892
0.552506
0.573572
0.5941460000000001
0.614164
0.633588
0.652651
0.6709510000000001
0.688773
0.705924
0.7225239999999999
0.7384310000000001
0.753744
0.76835
0.7823399999999999
0.795591
0.8081079999999999
0.819919
0.831016
0.841325
0.850804
0.859606
0.867503
0.874648
0.880981
0.886602
0.891388
0.8955029999999999
0.899081
0.902139
0.904787
0.907123
0.9093009999999999
0.911255
0.913091
0.914857
0.916492
0.918069
0.919585
0.9210079999999999
0.9224180000000001
0.923797
0.925095
0.926376
0.927587
0.928805
0.9299510000000001
0.931106
0.932252
0.9333539999999999
0.934462
0.93551
0.93662
0.937685
0.938769
0.939845
0.940916
0.942059

Vgs: 6.0
-1.64767e-05
0.0133085
0.0286046
0.0476226
0.06975160000000001
0.0938655
0.11920499999999999
0.14540899999999998
0.17218
0.199192
0.226343
0.253608
0.280792
0.307867
0.33480899999999997
0.361586
0.388106
0.41437
0.440354
0.466014
0.49136
0.5160629999999999
0.540721
0.564885
0.5886319999999999
0.611929
0.634767
0.657102
0.678943
0.7003820000000001
0.721201
0.741595
0.761388
0.780711
0.799385
0.817524
0.835052
0.852051
0.868344
0.8840439999999999
0.899108
0.913476
0.927107
0.940076
0.952437
0.963989
0.974805
0.9849220000000001
0.9941590000000001
1.0043
1.01211
1.01914
1.02538
1.03089
1.03571
1.03984
1.0433700000000001
1.04651
1.04928
1.0517400000000001
1.05396
1.05606
1.05799
1.05987
1.06155
1.0632000000000001
1.0648199999999999
1.06637
1.06785
1.06922
1.07061
1.07196
1.07331
1.0746099999999998
1.07587
1.07704
1.07819
1.0793899999999998
1.08055
1.0816700000000001
1.08283

Vgs: 6.5
-1.70718e-05
0.0135631
0.0292484
0.0489209
0.0718663
0.0969626
0.12343799999999999
0.150789
0.178747
0.207095
0.235613
0.26419699999999996
0.292867
0.321434
0.349911
0.37824199999999997
0.40638
0.434284
0.461934
0.48934
0.516394
0.542945
0.5694269999999999
0.5953879999999999
0.62112
0.64636
0.671257
0.695644
0.7196769999999999
0.74328
0.766328
0.789005
0.8111550000000001
0.832866
0.8539650000000001
0.874657
0.894777
0.914382
0.933364
0.9518709999999999
0.969695
0.986991
1.0051400000000001
1.02113
1.03657
1.0513199999999998
1.06546
1.0788600000000002
1.0916299999999999
1.10366
1.11505
1.1256300000000001
1.13549
1.1445699999999999
1.15294
1.1605299999999998
1.16733
1.17347
1.1789299999999998
1.18368
1.18778
1.1914
1.19453
1.19735
1.1999300000000002
1.2022899999999999
1.20444
1.20648
1.2084000000000001
1.21026
1.2119399999999998
1.21363
1.21523
1.21678
1.2183199999999998
1.2197600000000002
1.22119
1.22255
1.2238399999999998
1.22514
1.22641

Vgs: 7.0
-1.73826e-05
0.0137748
0.0298249
0.0500952
0.0738188
0.0997841
0.127251
0.155696
0.184752
0.214283
0.244055
0.27392500000000003
0.303824
0.33370099999999997
0.363585
0.393276
0.42283400000000004
0.452204
0.481426
0.510377
0.538977
0.5671470000000001
0.595305
0.623006
0.6504800000000001
0.677488
0.704182
0.730472
0.756302
0.781908
0.80696
0.8316830000000001
0.855861
0.879689
0.903003
0.925924
0.9482339999999999
0.970171
0.9915320000000001
1.01396
1.03428
1.05416
1.0734
1.0921399999999999
1.1103
1.12782
1.14482
1.16115
1.17691
1.19196
1.2064000000000001
1.22018
1.23336
1.2457799999999999
1.2575399999999999
1.26858
1.2789
1.2884699999999998
1.29737
1.30554
1.3129199999999999
1.3195999999999999
1.3256
1.3309199999999999
1.33559
1.3396899999999998
1.34333
1.34657
1.34946
1.35206
1.3545
1.3567200000000001
1.3588
1.36076
1.36269
1.36448
1.36625
1.36787
1.3695199999999998
1.3711000000000002
1.37261

Vgs: 7.5
-1.74714e-05
-9.45475e-05
0.030289200000000002
0.051058
0.07547
0.1023
0.13066999999999998
0.16011399999999998
0.19022399999999998
0.22082300000000002
0.251672
0.282684
0.313783
0.344922
0.37603400000000003
0.407004
0.437894
0.468661
0.499227
0.5295340000000001
0.5596620000000001
0.589277
0.618943
0.64817
0.67728
0.705878
0.734268
0.762207
0.7898099999999999
0.817133
0.843976
0.870536
0.896617
0.9223840000000001
0.947631
0.972564
0.996977
1.0225099999999998
1.0460099999999999
1.06912
1.09168
1.1138000000000001
1.1354
1.15642
1.17705
1.19703
1.21661
1.23553
1.2538799999999999
1.2716800000000001
1.28899
1.3055
1.3215
1.33691
1.35173
1.36578
1.3792399999999998
1.39201
1.40414
1.41564
1.4263299999999999
1.4364899999999998
1.44576
1.45441
1.46233
1.4695699999999998
1.4761
1.48194
1.48709
1.49174
1.49584
1.49944
1.5027199999999998
1.5056399999999999
1.50832
1.51083
1.5131400000000002
1.51532
1.51739
1.5193100000000002
1.52114

Vgs: 8.0
-1.74177e-05
-4.48479e-05
0.030747599999999996
0.0519786
0.0770415
0.10456800000000001
0.133767
0.164079
0.195166
0.22673
0.258548
0.29065599999999997
0.322826
0.35507
0.387269
0.419492
0.45158299999999996
0.483525
0.515305
0.546945
0.5783739999999999
0.6092810000000001
0.64034
0.670935
0.7013670000000001
0.7314799999999999
0.76134
0.790822
0.819987
0.848891
0.877393
0.905582
0.933378
0.960879
0.9879330000000001
1.01622
1.04244
1.06838
1.0938
1.11887
1.14345
1.1676
1.1911999999999998
1.21438
1.23718
1.25936
1.28112
1.3023900000000002
1.3231899999999999
1.3434300000000001
1.36312
1.38221
1.40087
1.41888
1.43635
1.4531500000000002
1.46943
1.48511
1.50007
1.51452
1.5283499999999999
1.54148
1.55395
1.5657699999999999
1.57686
1.5873
1.5970900000000001
1.60619
1.61454
1.6222400000000001
1.62919
1.63557
1.6412799999999999
1.6463999999999999
1.65091
1.6550099999999999
1.65865
1.66189
1.6648699999999999
1.66758
1.67008
