Vgs range: 0,8,0.5
Vds range: 0,8,0.1

Vgs: 0.0
-3.56196e-06
-2.25375e-06
-7.87012e-07
2.3926299999999996e-07
0.00037228699999999995
0.000431023
0.000454827
0.00047462299999999997
0.000498214
0.0005258740000000001
0.000557567
0.0005929290000000001
0.000632661
0.0006786849999999999
0.000724569
0.000775807
0.00083361
0.000892281
0.000953594
0.00102553
0.00109553
0.00116627
0.00124708
0.0013330599999999998
0.0014188199999999999
0.0015122
0.00160803
0.00170927
0.00181236
0.0019236500000000003
0.00204177
0.00216225
0.00228041
0.0024097
0.00253854
0.00266899
0.00280255
0.00294142
0.00308348
0.00322499
0.0033687699999999997
0.00351665
0.00366525
0.0038168399999999997
0.0039738199999999994
0.004127909999999999
0.004283970000000001
0.00444382
0.00460503
0.00477012
0.00493643
0.00510324
0.00527104
0.0054415999999999996
0.00561408
0.0057880399999999995
0.00596075
0.0061366400000000005
0.00631263
0.00649117
0.0066722000000000005
0.0068518500000000005
0.00703611
0.00721756
0.00740617
0.00758913
0.0077772200000000005
0.007964009999999999
0.00815267
0.00834322
0.008534420000000001
0.00872773
0.00892038
0.00911531
0.00931055
0.00950761
0.009704609999999999
0.00990191
0.010105999999999999
0.0103053
0.0105055

Vgs: 0.5
-3.3225199999999997e-06
3.96912e-06
0.00037304899999999997
0.0005977090000000001
0.000776465
0.0008609599999999999
0.000899172
0.0009436910000000001
0.000993661
0.00103969
0.00109451
0.00116073
0.00122577
0.00129431
0.0013640100000000001
0.0014446300000000001
0.00152678
0.0016124499999999999
0.0017033600000000001
0.00179959
0.0018955999999999999
0.00199738
0.0021106600000000003
0.00222673
0.0023423999999999997
0.00246045
0.00259938
0.00273307
0.002868
0.0030099199999999997
0.00315935
0.00331238
0.00346213
0.00361745
0.00377942
0.003940679999999999
0.00410118
0.00426714
0.00443397
0.0046038
0.00477415
0.004951700000000001
0.005125210000000001
0.0053032
0.00548289
0.00566473
0.00584639
0.00603049
0.00621692
0.00640383
0.00659405
0.00678554
0.00697657
0.0071711200000000004
0.007365699999999999
0.00756087
0.007757199999999999
0.007956930000000001
0.00815641
0.0083573
0.008558449999999999
0.00876161
0.00896629
0.00917302
0.00938111
0.00958895
0.00979765
0.0100134
0.0102243
0.010437499999999999
0.0106511
0.0108632
0.0110788
0.011295699999999999
0.0115125
0.0117311
0.0119512
0.0121718
0.0123896
0.012611200000000001
0.0128322

Vgs: 1.0
-1.1687400000000001e-05
0.0036855300000000002
0.006927780000000001
0.00965141
0.0117285
0.0130196
0.0137611
0.0143217
0.014723799999999999
0.0150465
0.0153914
0.015732399999999997
0.0160402
0.0163424
0.016639499999999998
0.0170345
0.0173474
0.017609200000000002
0.0179496
0.0183023
0.018639700000000002
0.0189331
0.0192686
0.0196433
0.0199698
0.020285
0.0206312
0.020996300000000002
0.0212787
0.0215801
0.0218848
0.022184600000000002
0.022461599999999998
0.022744499999999997
0.02302
0.023283500000000002
0.0235612
0.0238447
0.0241051
0.0243814
0.024659
0.024922
0.0252047
0.0254606
0.0257336
0.0260116
0.0262863
0.0265453
0.0268276
0.027095599999999997
0.027381000000000003
0.027644099999999998
0.0279248
0.028192500000000002
0.0284756
0.0287714
0.0290247
0.029332
0.029587600000000002
0.0298778
0.0301655
0.030469
0.030746700000000002
0.0310431
0.0313426
0.031631799999999995
0.0319306
0.032224300000000004
0.0325282
0.0328383
0.033137
0.0334505
0.033760200000000004
0.0340763
0.034385599999999995
0.034714
0.0350357
0.035358799999999996
0.0356835
0.0360089
0.0363467

Vgs: 1.5
-1.33219e-05
0.006865909999999999
0.0136043
0.020354399999999998
0.026948
0.0330779
0.038525300000000005
0.0432694
0.0472782
0.0504652
0.0527407
0.054356
0.0555204
0.0563768
0.057101700000000005
0.057770499999999995
0.058468000000000006
0.059144100000000005
0.0597537
0.0603706
0.0610053
0.0616137
0.0621896
0.0627225
0.0633171
0.06383219999999999
0.0643332
0.064831
0.0653183
0.06572919999999999
0.066151
0.0665964
0.0670224
0.0673951
0.0677978
0.06823839999999999
0.06860490000000001
0.0690161
0.0693728
0.0697934
0.0701403
0.07051740000000001
0.0709085
0.07127689999999999
0.071646
0.0720294
0.0723684
0.072772
0.073103
0.0734934
0.07389169999999999
0.0742705
0.0746303
0.0749993
0.0753835
0.07576469999999999
0.0761564
0.0765267
0.07693209999999999
0.0773292
0.0777139
0.0781385
0.07853249999999999
0.07895920000000001
0.0793532
0.0797997
0.0802374
0.0806727
0.0811218
0.081578
0.0820476
0.0825086
0.0829851
0.08347260000000001
0.0839705
0.0844689
0.0849869
0.0855065
0.0860375
0.0865753
0.0871252

Vgs: 2.0
-1.49512e-05
0.008733580000000001
0.0176042
0.027104700000000002
0.0370576
0.0470045
0.0567409
0.0661512
0.07507499999999999
0.0832178
0.0906293
0.0972571
0.10302700000000001
0.107852
0.11179599999999999
0.114892
0.117188
0.11881900000000001
0.120217
0.121319
0.12222799999999999
0.12317499999999999
0.124065
0.12489
0.125744
0.126419
0.127132
0.127715
0.128353
0.12901100000000001
0.129577
0.130156
0.130653
0.131269
0.13177299999999997
0.132343
0.132819
0.133359
0.133828
0.13433299999999998
0.13484000000000002
0.135307
0.13577399999999998
0.13626600000000003
0.136736
0.137192
0.137673
0.138157
0.138606
0.139051
0.139521
0.140045
0.140476
0.14094800000000002
0.141408
0.141914
0.142387
0.14288399999999998
0.143353
0.14386800000000002
0.144392
0.144931
0.145453
0.146003
0.146548
0.147126
0.14772200000000002
0.14831999999999998
0.148956
0.14959199999999997
0.150251
0.150913
0.151579
0.152309
0.153041
0.153787
0.154557
0.155328
0.15614599999999998
0.15697
0.157826

Vgs: 2.5
-1.43651e-05
0.00992465
0.0202764
0.0318065
0.044271099999999994
0.0571526
0.0702031
0.0831341
0.09573759999999999
0.107974
0.11966299999999999
0.130664
0.141046
0.15079199999999998
0.159672
0.167648
0.174842
0.181198
0.18652
0.19095099999999998
0.194479
0.197218
0.19924
0.200899
0.20225700000000002
0.20341599999999999
0.204516
0.20533500000000002
0.206365
0.20719400000000002
0.208026
0.20877800000000002
0.20956
0.21031
0.210998
0.211731
0.212415
0.21304599999999999
0.213727
0.214353
0.214973
0.21562
0.21620499999999998
0.216809
0.217379
0.217944
0.21854700000000002
0.219111
0.219669
0.220195
0.220798
0.22133799999999998
0.221911
0.222432
0.222999
0.22357400000000002
0.224126
0.224698
0.225273
0.225869
0.226443
0.22706700000000002
0.227698
0.228319
0.228986
0.22967100000000001
0.230389
0.23112
0.231877
0.232653
0.233472
0.234318
0.23518899999999998
0.23608900000000002
0.237017
0.238004
0.23901599999999998
0.24007799999999999
0.241165
0.242287
0.243468

Vgs: 3.0
-1.46088e-05
0.010776599999999999
0.022283400000000002
0.0354195
0.0499377
0.0651958
0.0808668
0.0965913
0.11221
0.127687
0.14269700000000002
0.157271
0.171353
0.184911
0.197813
0.209974
0.221537
0.232316
0.242265
0.251363
0.259656
0.267024
0.273436
0.278901
0.283559
0.28719900000000004
0.290094
0.292337
0.29410800000000004
0.295577
0.296918
0.29814
0.299268
0.300349
0.301307
0.30233099999999996
0.303249
0.304106
0.305018
0.30583699999999997
0.306657
0.30743699999999996
0.30824599999999996
0.30900099999999997
0.309728
0.31046300000000004
0.31120600000000004
0.311888
0.31259400000000004
0.313252
0.313937
0.314635
0.315257
0.315929
0.316555
0.317231
0.31786899999999996
0.318548
0.31919000000000003
0.319854
0.320528
0.321219
0.32193
0.322633
0.32336000000000004
0.32410300000000003
0.324888
0.325696
0.32652499999999995
0.327414
0.328308
0.329245
0.33025
0.33129299999999995
0.332381
0.333511
0.33469
0.33594199999999996
0.337251
0.338605
0.340028

Vgs: 3.5
-1.4715e-05
0.0114419
0.023875200000000003
0.0383731
0.054626
0.0718923
0.0897425
0.107867
0.126051
0.14416900000000002
0.16195900000000002
0.179477
0.19664500000000001
0.213327
0.22945800000000002
0.24511900000000003
0.260281
0.27471
0.288489
0.301644
0.314035
0.325581
0.33645
0.346422
0.355538
0.363788
0.37111700000000003
0.3776
0.383086
0.387773
0.391513
0.39457400000000004
0.39698100000000003
0.398969
0.40066599999999997
0.402179
0.40353
0.404799
0.40600800000000004
0.407154
0.40822800000000004
0.409277
0.41032599999999997
0.411265
0.412202
0.413124
0.41403700000000004
0.414904
0.415713
0.416595
0.41739099999999996
0.418198
0.418997
0.419756
0.420543
0.421265
0.422029
0.42277
0.423517
0.424255
0.42497999999999997
0.425735
0.42647399999999996
0.427213
0.428006
0.428803
0.429585
0.43043299999999995
0.431278
0.432162
0.433108
0.434071
0.435091
0.43617599999999995
0.437284
0.438456
0.43970499999999996
0.441015
0.44240399999999996
0.443872
0.445425

Vgs: 4.0
-1.57283e-05
0.011972
0.0251513
0.040819499999999995
0.058544700000000005
0.077546
0.0972803
0.11744
0.137829
0.15813200000000002
0.178354
0.198386
0.21811
0.237422
0.25640500000000005
0.274885
0.293002
0.31049400000000005
0.32748700000000003
0.343919
0.35966
0.37469
0.389108
0.402931
0.41596
0.428172
0.43971499999999997
0.450324
0.460212
0.469263
0.477418
0.484723
0.491094
0.49666200000000005
0.5013529999999999
0.50522
0.5083909999999999
0.510938
0.513185
0.515055
0.516739
0.518297
0.519705
0.521072
0.522309
0.523598
0.524758
0.525867
0.52699
0.528035
0.529081
0.530053
0.5310469999999999
0.5320280000000001
0.5329360000000001
0.533862
0.534759
0.535622
0.5364680000000001
0.537321
0.53818
0.5390199999999999
0.5398379999999999
0.540657
0.5414789999999999
0.5423049999999999
0.5431290000000001
0.544025
0.5448700000000001
0.545777
0.546685
0.5476409999999999
0.548642
0.549649
0.550707
0.5518460000000001
0.553048
0.554308
0.555633
0.5570529999999999
0.55855

Vgs: 4.5
-1.5894500000000002e-05
-6.09541e-05
0.0262791
0.0429717
0.062027599999999995
0.08255660000000001
0.104005
0.125949
0.148207
0.17056
0.19287500000000002
0.21501499999999998
0.236976
0.258665
0.280028
0.30098199999999997
0.321648
0.341831
0.361518
0.380681
0.399411
0.417376
0.43496
0.45191
0.468227
0.483804
0.49882
0.513104
0.526622
0.5394869999999999
0.551507
0.562855
0.573385
0.583123
0.591965
0.600095
0.607254
0.613644
0.619158
0.623862
0.627759
0.631015
0.633792
0.636066
0.638109
0.63994
0.641656
0.643229
0.644671
0.646107
0.6474420000000001
0.648742
0.649948
0.651156
0.6523190000000001
0.653468
0.65453
0.65561
0.656673
0.657661
0.6586540000000001
0.6596380000000001
0.660582
0.6615380000000001
0.6624680000000001
0.6634129999999999
0.6643089999999999
0.665219
0.666138
0.667065
0.667994
0.668918
0.669917
0.6708839999999999
0.671922
0.6729769999999999
0.674092
0.6752670000000001
0.6764800000000001
0.677766
0.679131

Vgs: 5.0
-1.6213000000000002e-05
0.0127904
0.0271922
0.0447851
0.0650105
0.0868798
0.109799
0.133394
0.157338
0.181452
0.205583
0.22973500000000002
0.25363
0.27733199999999997
0.30080500000000004
0.324046
0.34691000000000005
0.369339
0.391482
0.413092
0.434311
0.454789
0.47509
0.494711
0.5138929999999999
0.532405
0.550393
0.5676910000000001
0.5844440000000001
0.6005710000000001
0.615967
0.630769
0.644826
0.658223
0.670797
0.682737
0.693842
0.704222
0.71374
0.7224860000000001
0.730437
0.7375259999999999
0.743797
0.749227
0.753931
0.757912
0.761239
0.764085
0.766559
0.768737
0.770676
0.7724989999999999
0.774223
0.775833
0.7773370000000001
0.778774
0.780161
0.781491
0.7827860000000001
0.7840199999999999
0.785248
0.7864439999999999
0.7875519999999999
0.7886920000000001
0.789785
0.790852
0.791899
0.792944
0.793978
0.794951
0.7959799999999999
0.796952
0.797972
0.798949
0.7999660000000001
0.8009809999999999
0.802052
0.803129
0.8042229999999999
0.805355
0.806559

Vgs: 5.5
-1.61711e-05
0.0130854
0.027997
0.046381200000000004
0.06766080000000001
0.0907688
0.115023
0.140041
0.16553600000000002
0.191205
0.21700499999999998
0.242828
0.268536
0.29404399999999997
0.31939700000000004
0.344557
0.369421
0.393853
0.418051
0.441886
0.46529200000000004
0.48801999999999995
0.5106550000000001
0.532659
0.554255
0.575285
0.595904
0.615888
0.635319
0.6542520000000001
0.67254
0.690301
0.707409
0.723926
0.739736
0.7549710000000001
0.769469
0.783338
0.796449
0.808886
0.820542
0.831461
0.841574
0.850959
0.8595229999999999
0.8672639999999999
0.874244
0.8804190000000001
0.885804
0.890439
0.894439
0.897827
0.900794
0.903345
0.9056500000000001
0.9077500000000001
0.9096590000000001
0.91152
0.9132279999999999
0.914854
0.916393
0.9179039999999999
0.9193199999999999
0.9207240000000001
0.9220339999999999
0.923349
0.9245990000000001
0.9258390000000001
0.927045
0.928198
0.929363
0.9304880000000001
0.931584
0.932697
0.933785
0.93486
0.93594
0.937027
0.93812
0.939201
0.9403210000000001

Vgs: 6.0
-1.65829e-05
0.013360799999999999
0.0287338
0.0478545
0.07005739999999999
0.09427930000000001
0.119769
0.146075
0.172977
0.200121
0.227381
0.254706
0.28205800000000003
0.309262
0.336293
0.363132
0.38983300000000004
0.416157
0.44223199999999996
0.467976
0.493347
0.518193
0.5427960000000001
0.567039
0.5908000000000001
0.614096
0.636952
0.659322
0.681149
0.70253
0.7233670000000001
0.743761
0.763481
0.7827449999999999
0.801355
0.819513
0.836904
0.853805
0.870027
0.885629
0.900505
0.914779
0.928346
0.941153
0.953334
0.964738
0.9754339999999999
0.9853010000000001
0.994441
1.00429
1.01187
1.0187300000000001
1.02481
1.03008
1.03471
1.0386600000000001
1.0421600000000002
1.04516
1.0478
1.05023
1.05244
1.05447
1.05635
1.05818
1.05988
1.06153
1.06308
1.06458
1.06606
1.0674899999999998
1.06884
1.07017
1.07148
1.0727600000000002
1.07399
1.07518
1.0764
1.0775400000000002
1.0787200000000001
1.07985
1.081

Vgs: 6.5
-1.69065e-05
0.0135995
0.0293476
0.0490905
0.0721528
0.09736689999999999
0.123948
0.151482
0.17955200000000002
0.207993
0.236634
0.26541899999999996
0.29411699999999996
0.322753
0.351401
0.37981499999999996
0.408006
0.43602799999999997
0.4638
0.491242
0.518395
0.544998
0.5714980000000001
0.5975410000000001
0.623286
0.6485529999999999
0.673507
0.697917
0.721898
0.745522
0.768596
0.791253
0.81333
0.835009
0.856108
0.876753
0.8967579999999999
0.916354
0.93525
0.9536209999999999
0.971423
0.9886199999999999
1.00668
1.0226
1.03794
1.05257
1.0666
1.07986
1.09245
1.1043100000000001
1.11549
1.12592
1.1355600000000001
1.1444400000000001
1.15259
1.1600300000000001
1.16665
1.1726
1.17782
1.18234
1.18635
1.1898099999999998
1.19289
1.1956600000000002
1.19812
1.20041
1.20256
1.20454
1.20644
1.20824
1.20997
1.2116200000000001
1.2131699999999999
1.21471
1.21618
1.21762
1.21905
1.22042
1.22174
1.22303
1.22431

Vgs: 7.0
-1.68255e-05
0.013807
0.029920699999999998
0.050256999999999996
0.07410499999999999
0.100219
0.12783
0.156395
0.18566000000000002
0.215316
0.245138
0.275192
0.30528299999999997
0.335328
0.36525
0.395083
0.424846
0.454308
0.483572
0.5126179999999999
0.541393
0.5695859999999999
0.597808
0.62559
0.653111
0.680189
0.7069580000000001
0.7332420000000001
0.759173
0.7847489999999999
0.809802
0.834532
0.8587309999999999
0.882574
0.905841
0.9287759999999999
0.951054
0.972958
0.994292
1.01669
1.0369599999999999
1.05679
1.07592
1.09455
1.11263
1.13009
1.14696
1.16315
1.17881
1.19371
1.20804
1.2216099999999999
1.23461
1.24684
1.25837
1.2691899999999998
1.27928
1.2887300000000002
1.2973299999999999
1.30529
1.31247
1.31894
1.3246799999999999
1.3298100000000002
1.33424
1.33825
1.34172
1.34483
1.34766
1.3502500000000002
1.3526
1.3548099999999998
1.35685
1.35881
1.36067
1.36243
1.36418
1.36579
1.36739
1.36889
1.37042

Vgs: 7.5
-1.72095e-05
-8.59178e-05
0.0303816
0.051251200000000004
0.07580479999999999
0.102752
0.131269
0.160853
0.19113999999999998
0.221862
0.252909
0.28409
0.315316
0.34659300000000004
0.377857
0.408999
0.43998699999999996
0.470916
0.5015850000000001
0.5320630000000001
0.56228
0.5920219999999999
0.621749
0.651084
0.68014
0.708886
0.73733
0.765351
0.793029
0.8204370000000001
0.847393
0.873986
0.900068
0.925878
0.951113
0.976069
1.00193
1.0259500000000001
1.0494700000000001
1.07252
1.09508
1.11721
1.1387299999999998
1.15976
1.18027
1.20017
1.21962
1.23848
1.25676
1.2744
1.2915100000000002
1.30802
1.32391
1.33905
1.3537
1.36765
1.3808900000000002
1.39351
1.40548
1.41675
1.4272200000000002
1.4370699999999998
1.44618
1.4546
1.46226
1.46922
1.4754900000000002
1.48114
1.48613
1.4905599999999999
1.4945
1.498
1.50113
1.50395
1.50655
1.5090100000000002
1.5112400000000001
1.51334
1.51539
1.5172899999999998
1.51914

Vgs: 8.0
-1.76843e-05
-3.54566e-05
0.0308162
0.0521778
0.07735750000000001
0.105058
0.13441
0.164873
0.196114
0.227878
0.25990399999999997
0.292125
0.32453400000000004
0.356973
0.389331
0.421618
0.453934
0.48602999999999996
0.517958
0.5497409999999999
0.5812970000000001
0.612319
0.643441
0.674184
0.704792
0.734928
0.764924
0.794525
0.823773
0.8527539999999999
0.881278
0.909602
0.937472
0.9650340000000001
0.99207
1.02034
1.04657
1.0725500000000001
1.09796
1.12305
1.1475700000000002
1.17171
1.19536
1.21851
1.24122
1.2633699999999999
1.28518
1.3063
1.3269499999999999
1.34696
1.36667
1.38568
1.40414
1.4219899999999999
1.43932
1.4560300000000002
1.4721199999999999
1.4876500000000001
1.50248
1.51675
1.5302600000000002
1.54323
1.55552
1.5670899999999999
1.57801
1.58826
1.59775
1.6065800000000001
1.6147399999999998
1.62219
1.62897
1.6350399999999998
1.64049
1.64541
1.64975
1.65364
1.65713
1.66029
1.66315
1.6657899999999999
1.6682000000000001
