Vgs range: 0,8,0.1
Vds range: 0,8,0.5

Vgs: 0.0
-3.26147e-06
-3.27268e-06
-3.51217e-06
-3.4873e-06
-3.29751e-06
-3.31933e-06
-3.53701e-06
-3.2484799999999998e-06
-3.27265e-06
-3.6613e-06
-3.61158e-06
-3.49634e-06
-3.4218e-06
-3.7855499999999997e-06
-3.90981e-06
-3.49633e-06
-3.8104199999999997e-06
-3.860119999999999e-06
-3.60986e-06
-3.52122e-06
-3.83527e-06
-3.88497e-06
-3.57091e-06
-3.54606e-06
-3.9098400000000005e-06
-3.8849e-06
-3.5212e-06
-3.88499e-06
-3.88497e-06
-3.6454699999999997e-06
-3.52123e-06
-3.909830000000001e-06
-3.52733e-06
-3.62062e-06
-3.88498e-06
-4.00923e-06
-3.52121e-06
-3.86013e-06
-3.88497e-06
-3.6703200000000004e-06
-3.57092e-06
-3.9843999999999995e-06
-3.884929999999999e-06
-3.6206e-06
-3.6459e-06
-3.98439e-06
-3.63643e-06
-3.52122e-06
-3.9098400000000005e-06
-3.9595200000000005e-06
-3.54605e-06
-3.83527e-06
-3.86013e-06
-3.6809200000000003e-06
-3.6703200000000004e-06
-3.88498e-06
-3.90981e-06
-3.6454699999999997e-06
-3.88499e-06
-3.90981e-06
-3.5957500000000003e-06
-3.72005e-06
-3.86013e-06
-3.934640000000001e-06
-3.6206e-06
-3.95955e-06
-3.88497e-06
-3.5957500000000003e-06
-3.59583e-06
-3.95955e-06
-3.5845599999999997e-06
-3.5957800000000002e-06
-4.0341e-06
-3.95953e-06
-3.59576e-06
-4.03411e-06
-4.00924e-06
-3.6549699999999998e-06
-3.62062e-06
-3.9843999999999995e-06
-3.90982e-06

Vgs: 0.5
0.000438361
0.000437569
0.000450014
0.000459806
0.0005016010000000001
0.000617731
0.000979028
0.0020136
0.0033514300000000003
0.00617395
0.00884842
0.011563799999999999
0.0136693
0.016869799999999997
0.0199293
0.023371100000000002
0.0265499
0.030164200000000002
0.0358831
0.0379217
0.042149900000000004
0.0455964
0.0478756
0.049831
0.052339500000000004
0.0540185
0.0566243
0.058471499999999996
0.0595842
0.061014000000000006
0.06409569999999999
0.06488820000000001
0.0657165
0.06657779999999999
0.067542
0.0695098
0.0717065
0.0724932
0.0732516
0.0743741
0.0762189
0.077859
0.0784871
0.0792515
0.0801025
0.0822156
0.0828266
0.0832956
0.0837747
0.0843902
0.0850686
0.08638269999999999
0.08751289999999999
0.0884501
0.0892756
0.0902855
0.0908219
0.0914399
0.0919181
0.0924828
0.0930876
0.0950064
0.09545000000000001
0.095719
0.0960362
0.0963933
0.0967619
0.0972501
0.0984334
0.0990779
0.0994249
0.0998466
0.100904
0.101114
0.101542
0.102072
0.102482
0.10293000000000001
0.10399900000000001
0.104243
0.104484

Vgs: 1.0
0.0005672300000000001
0.0005685579999999999
0.0005783279999999999
0.0006124269999999999
0.0006570920000000001
0.000830364
0.0014352400000000002
0.00219602
0.00398471
0.006334
0.013079799999999999
0.0157832
0.019652100000000002
0.0258628
0.033420899999999996
0.0450848
0.05085
0.058050000000000004
0.06553919999999999
0.0738514
0.0812255
0.0894386
0.096212
0.104072
0.109837
0.114614
0.118495
0.12264399999999999
0.126852
0.133405
0.138282
0.142967
0.146618
0.15052300000000002
0.154686
0.159195
0.162325
0.168185
0.169275
0.171773
0.174093
0.178467
0.18190099999999998
0.18490299999999998
0.188059
0.19032000000000002
0.192743
0.195911
0.198165
0.20088899999999998
0.205274
0.206229
0.208388
0.210719
0.212747
0.21488400000000002
0.217739
0.219251
0.22150699999999998
0.223167
0.225122
0.22728399999999999
0.229392
0.231567
0.234256
0.236437
0.23699699999999999
0.23824299999999998
0.23997800000000002
0.242059
0.24376899999999999
0.24512699999999998
0.24713300000000002
0.248923
0.250249
0.251797
0.253058
0.254247
0.255849
0.257521
0.258551

Vgs: 1.5
0.000795077
0.000797167
0.000852742
0.000854809
0.0009128459999999999
0.0013859
0.00187861
0.0031027399999999997
0.00647595
0.00929304
0.0137229
0.0216851
0.025362700000000002
0.0315146
0.0411923
0.0467645
0.057778300000000005
0.0702026
0.08092410000000001
0.10234700000000001
0.10513099999999999
0.113537
0.137102
0.14207999999999998
0.147844
0.158027
0.166214
0.174675
0.184893
0.194605
0.20300400000000002
0.210502
0.21821000000000002
0.226289
0.23469199999999998
0.239927
0.24595
0.252708
0.261281
0.265007
0.26921300000000004
0.273972
0.280808
0.287527
0.291165
0.296721
0.303821
0.30819
0.31210299999999996
0.316141
0.31986200000000004
0.324594
0.330245
0.333534
0.33712800000000004
0.340852
0.345008
0.349369
0.353123
0.35683600000000004
0.36028299999999996
0.36604
0.367047
0.37170299999999995
0.37429500000000004
0.377345
0.38022300000000003
0.383894
0.386527
0.389861
0.39249100000000003
0.398156
0.399464
0.40265500000000004
0.405327
0.406912
0.408856
0.413289
0.41593
0.417478
0.421173

Vgs: 2.0
0.0011239800000000001
0.00112066
0.00114545
0.00120078
0.00128867
0.00213777
0.00302066
0.0050853999999999995
0.00718935
0.009521509999999999
0.0193877
0.0198
0.032502500000000004
0.0360302
0.0416532
0.057136599999999996
0.0610997
0.07031480000000001
0.0821691
0.103188
0.109678
0.12433100000000001
0.13902399999999998
0.162632
0.167959
0.182422
0.197797
0.219076
0.224905
0.236809
0.255836
0.268401
0.280947
0.28555600000000003
0.292929
0.31165000000000004
0.319198
0.32742699999999997
0.338234
0.34400000000000003
0.353623
0.36147700000000005
0.368977
0.376706
0.386158
0.393345
0.400567
0.409708
0.41578699999999996
0.421965
0.433466
0.433633
0.440662
0.44832500000000003
0.45331899999999997
0.459416
0.467349
0.474761
0.47714300000000004
0.486434
0.488343
0.496824
0.500122
0.506442
0.5122720000000001
0.517983
0.519839
0.523672
0.5277949999999999
0.533053
0.539359
0.54457
0.546357
0.549962
0.554502
0.560987
0.5627730000000001
0.56597
0.569988
0.573762
0.577656

Vgs: 2.5
0.00153466
0.00153247
0.00156011
0.00158131
0.00164803
0.0021443
0.00279856
0.0043180300000000005
0.007287490000000001
0.0121414
0.015179100000000001
0.020993
0.0275432
0.0346179
0.0428792
0.0516528
0.06263
0.0745855
0.08938399999999999
0.103952
0.111126
0.122285
0.13706300000000002
0.152892
0.166936
0.184567
0.199842
0.214419
0.233651
0.252156
0.268038
0.281935
0.299326
0.31750300000000004
0.33148500000000003
0.343322
0.360528
0.375055
0.388895
0.398559
0.413153
0.42582299999999995
0.435875
0.44860700000000003
0.45905
0.46852299999999997
0.47749
0.487009
0.49712400000000007
0.506077
0.519541
0.52964
0.536641
0.551978
0.557272
0.564222
0.5723320000000001
0.578574
0.584964
0.593078
0.60174
0.609174
0.616439
0.6229169999999999
0.63199
0.638108
0.647431
0.653397
0.659345
0.665957
0.671172
0.675697
0.68052
0.6853560000000001
0.691083
0.696515
0.7024130000000001
0.707793
0.712835
0.718049
0.723217

Vgs: 3.0
0.00206194
0.00206383
0.00209404
0.00216238
0.0023372299999999996
0.00263998
0.00325708
0.00486443
0.00784989
0.0123241
0.0157253
0.020915
0.0267949
0.0358547
0.0458497
0.055022
0.06594269999999999
0.0770656
0.0867321
0.09871619999999999
0.11804200000000001
0.129209
0.141517
0.15725599999999998
0.173978
0.188298
0.212678
0.227165
0.242398
0.259554
0.28061600000000003
0.297373
0.33366100000000004
0.340783
0.350885
0.365793
0.385712
0.407636
0.42264100000000004
0.441625
0.460254
0.473808
0.491065
0.509396
0.524718
0.5362560000000001
0.5508219999999999
0.5660850000000001
0.5771580000000001
0.593434
0.606594
0.615397
0.627364
0.6390159999999999
0.651151
0.661908
0.6711389999999999
0.682376
0.691326
0.701695
0.712639
0.720893
0.732231
0.7413190000000001
0.749855
0.7582679999999999
0.767378
0.775451
0.7834610000000001
0.792366
0.802302
0.8090849999999999
0.817544
0.82378
0.835655
0.837704
0.850208
0.853505
0.859005
0.866066
0.8722270000000001

Vgs: 3.5
0.00269715
0.00271102
0.00273604
0.00284429
0.0030822899999999997
0.00338567
0.00542636
0.00766238
0.00870684
0.0172579
0.0162414
0.0227938
0.0290609
0.0373252
0.051157299999999996
0.0602823
0.06677140000000001
0.0790261
0.09409000000000001
0.11219599999999999
0.118101
0.128995
0.145427
0.162161
0.17682599999999998
0.198128
0.211054
0.231624
0.26048
0.272017
0.28099199999999996
0.30155200000000004
0.32131
0.345326
0.36202
0.381951
0.405302
0.42670600000000003
0.439518
0.473346
0.490966
0.502756
0.522661
0.5448459999999999
0.575074
0.5768610000000001
0.601348
0.615939
0.6348010000000001
0.654246
0.666354
0.691787
0.696611
0.713015
0.735709
0.741622
0.759255
0.765806
0.777744
0.792808
0.804504
0.818315
0.828507
0.839821
0.8522230000000001
0.865803
0.874738
0.885706
0.89655
0.90767
0.916199
0.9258219999999999
0.937756
0.951318
0.957279
0.965294
0.9730840000000001
0.9825470000000001
0.993406
1.00254
1.00689

Vgs: 4.0
0.0033963599999999997
0.00339696
0.00347869
0.00353732
0.00379249
0.00423602
0.00511322
0.00763073
0.011271600000000001
0.013292700000000001
0.0182889
0.0249875
0.0297687
0.0405214
0.0462874
0.0598009
0.07676430000000001
0.081137
0.0934852
0.108735
0.113065
0.131062
0.146081
0.163876
0.181365
0.199414
0.212143
0.22956
0.24967499999999998
0.26276099999999997
0.28316600000000003
0.305855
0.32843500000000003
0.34223400000000004
0.362377
0.38337899999999997
0.405329
0.42659
0.443424
0.467391
0.489601
0.515426
0.5339010000000001
0.556114
0.582337
0.600024
0.617153
0.644608
0.666504
0.688622
0.707683
0.7275060000000001
0.7469669999999999
0.7634160000000001
0.780456
0.79691
0.817235
0.836817
0.854471
0.867247
0.885259
0.896827
0.9123640000000001
0.927145
0.950175
0.9564699999999999
0.969167
0.9901989999999999
0.9961
1.01102
1.0198900000000002
1.03188
1.04999
1.0585499999999999
1.06634
1.0900599999999998
1.09249
1.10958
1.11169
1.12159
1.1312200000000001

Vgs: 4.5
0.004143999999999999
0.0041443899999999995
0.00421594
0.00434246
0.00454511
0.004884390000000001
0.00630838
0.0086146
0.0113273
0.0154223
0.020774499999999998
0.026485599999999998
0.036167200000000004
0.042722500000000004
0.0511737
0.062052199999999995
0.0705971
0.0834278
0.09570150000000001
0.12357000000000001
0.120103
0.137493
0.15035800000000002
0.169866
0.18332
0.202544
0.215293
0.238892
0.254092
0.276024
0.288749
0.309606
0.321775
0.345004
0.365338
0.39607899999999996
0.404592
0.429775
0.448183
0.482577
0.510485
0.538438
0.5618609999999999
0.560527
0.603433
0.609699
0.633773
0.66502
0.683473
0.7020350000000001
0.724591
0.755532
0.7719429999999999
0.7969919999999999
0.824327
0.843204
0.8624569999999999
0.895927
0.901041
0.9222809999999999
0.944727
0.9592459999999999
0.97465
0.9942580000000001
1.01999
1.0319800000000001
1.04787
1.0632199999999998
1.08876
1.09074
1.11173
1.123
1.1440700000000001
1.15894
1.1677199999999999
1.18105
1.19364
1.20814
1.2200900000000001
1.23061
1.24221

Vgs: 5.0
0.0049456
0.00494447
0.00503012
0.00517724
0.005542470000000001
0.00628523
0.00832894
0.00933623
0.0136031
0.0154273
0.0257685
0.0268352
0.032543
0.0417749
0.0526256
0.0638276
0.0820187
0.0827831
0.101877
0.10925
0.126844
0.147637
0.150195
0.166192
0.18821300000000002
0.20301799999999998
0.219027
0.241988
0.255063
0.27449799999999996
0.300367
0.32815099999999997
0.32897699999999996
0.355404
0.389921
0.38793
0.414839
0.436091
0.463451
0.476572
0.5063799999999999
0.532159
0.55331
0.579802
0.607003
0.632239
0.646991
0.6693279999999999
0.698961
0.723345
0.751922
0.779249
0.812423
0.8201309999999999
0.838415
0.878684
0.8975609999999999
0.919629
0.940153
0.9617169999999999
0.987209
1.0188599999999999
1.03697
1.04948
1.06897
1.08903
1.1128
1.1264
1.1431
1.16608
1.18588
1.2074
1.21872
1.2479399999999998
1.25296
1.2734400000000001
1.28237
1.29692
1.3151300000000001
1.32596
1.3425799999999999

Vgs: 5.5
0.00581866
0.00581615
0.00588818
0.006058340000000001
0.00625755
0.00692523
0.008820030000000001
0.010873299999999999
0.0131966
0.0171059
0.0230876
0.0330332
0.0398473
0.045064
0.0544327
0.0640745
0.0760831
0.0903709
0.0987619
0.117203
0.129549
0.14452900000000002
0.15976200000000002
0.175597
0.189209
0.205344
0.22037099999999998
0.240474
0.260318
0.27997
0.298205
0.316467
0.336703
0.35982499999999995
0.383405
0.404583
0.426033
0.451824
0.470472
0.489552
0.50698
0.533513
0.557423
0.59014
0.615782
0.637075
0.659222
0.68528
0.708597
0.729745
0.7532949999999999
0.777403
0.805694
0.827898
0.846675
0.8718480000000001
0.899559
0.9239269999999999
0.9558359999999999
0.987328
1.02424
1.0399
1.06084
1.0840400000000001
1.1066500000000001
1.12761
1.1509
1.17183
1.19819
1.22383
1.2466000000000002
1.26243
1.27897
1.29697
1.31493
1.33744
1.35836
1.3755
1.3926800000000001
1.4157499999999998
1.43546

Vgs: 6.0
0.00667568
0.0066776199999999996
0.00672457
0.00676345
0.0068156
0.00690229
0.00710009
0.00761849
0.009663199999999999
0.0149592
0.0188549
0.025015899999999997
0.031461499999999996
0.0407547
0.049542800000000005
0.0581821
0.0673589
0.0798859
0.09570630000000001
0.119363
0.127398
0.13702699999999998
0.14631
0.160273
0.174583
0.191081
0.209708
0.22650099999999998
0.243729
0.26294300000000004
0.280443
0.29969799999999996
0.320026
0.34217600000000004
0.36497
0.38721300000000003
0.40252
0.41967699999999997
0.44188099999999997
0.469346
0.49054800000000004
0.513175
0.537687
0.562963
0.587021
0.611991
0.636462
0.665161
0.68878
0.715063
0.7440119999999999
0.768774
0.797508
0.821089
0.8434649999999999
0.863129
0.8856890000000001
0.911107
0.941103
0.9757709999999999
1.0172899999999998
1.03472
1.05718
1.06918
1.07744
1.08037
1.08119
1.08175
1.08233
1.0826500000000001
1.13
1.21889
1.29178
1.34899
1.37156
1.39343
1.4124999999999999
1.4323599999999999
1.4497
1.46664
1.48416

Vgs: 6.5
0.00759215
0.0075953
0.007655079999999999
0.007715209999999999
0.007827259999999999
0.008020910000000001
0.00852343
0.00923594
0.0113745
0.014425499999999999
0.0184627
0.0241568
0.0303891
0.038494
0.0497424
0.06132839999999999
0.0730678
0.08524100000000001
0.0962725
0.11405799999999999
0.1275
0.14335699999999998
0.1563
0.171401
0.188776
0.202659
0.219386
0.23836
0.257766
0.281894
0.30223799999999995
0.317545
0.334362
0.34941099999999997
0.366279
0.384299
0.408626
0.43292899999999995
0.458588
0.48021400000000003
0.5079009999999999
0.532273
0.556795
0.5776969999999999
0.5981299999999999
0.623146
0.650463
0.674532
0.70074
0.727798
0.754834
0.779503
0.8028860000000001
0.8313510000000001
0.854708
0.87827
0.905419
0.931683
0.9576600000000001
0.984193
1.02617
1.047
1.07439
1.10226
1.1304500000000002
1.15721
1.18247
1.20675
1.2329
1.25994
1.28739
1.31064
1.3385
1.36361
1.39136
1.4192600000000002
1.44678
1.47125
1.49253
1.51442
1.53742

Vgs: 7.0
0.00852143
0.00852294
0.00858275
0.00865613
0.008765420000000001
0.0089414
0.00965691
0.0112344
0.0129355
0.0160439
0.0198049
0.0245655
0.031130899999999996
0.0388189
0.0475138
0.058351299999999995
0.0704539
0.08133249999999999
0.0947083
0.114992
0.123588
0.139118
0.152421
0.169246
0.18330700000000003
0.197852
0.214842
0.236325
0.25567199999999995
0.275684
0.29360200000000003
0.31401
0.332895
0.35401900000000003
0.37555200000000005
0.398443
0.418389
0.438201
0.459464
0.479456
0.501058
0.5230220000000001
0.5479820000000001
0.5754440000000001
0.60035
0.624534
0.6498689999999999
0.67297
0.695594
0.722982
0.747134
0.774796
0.802345
0.828033
0.856925
0.891022
0.916249
0.942725
0.970479
1.01366
1.03003
1.0557400000000001
1.08324
1.10884
1.1382700000000001
1.1670800000000001
1.19073
1.2183899999999999
1.24596
1.27369
1.29832
1.32774
1.3601699999999999
1.38901
1.42355
1.4483899999999998
1.47036
1.4938200000000001
1.52251
1.5525
1.57873

Vgs: 7.5
0.009520490000000001
0.00951265
0.00961274
0.009844700000000001
0.0102824
0.0109511
0.0124452
0.0145813
0.0172534
0.0228611
0.0271039
0.0329083
0.0398028
0.0499256
0.0609741
0.0716751
0.08251520000000001
0.0945934
0.11118199999999999
0.119602
0.132487
0.151008
0.16667900000000002
0.179657
0.19155999999999998
0.2066
0.229538
0.25549999999999995
0.27198700000000003
0.292209
0.31275
0.32949999999999996
0.34619300000000003
0.373058
0.390941
0.411385
0.43742800000000004
0.45704
0.472936
0.49409
0.514589
0.5367689999999999
0.562302
0.585537
0.604562
0.626034
0.6504
0.6792509999999999
0.70118
0.7273200000000001
0.752972
0.777522
0.803037
0.826331
0.848467
0.8769929999999999
0.904173
0.938762
0.9700890000000001
0.995236
1.02691
1.05013
1.07504
1.10129
1.13448
1.16542
1.19033
1.2225700000000002
1.2532400000000001
1.28144
1.30663
1.33038
1.35816
1.38501
1.4149399999999999
1.44759
1.4771299999999998
1.50693
1.53569
1.5623099999999999
1.58714

Vgs: 8.0
0.0105321
0.010536499999999999
0.0106617
0.0109586
0.0113319
0.0119497
0.0137044
0.0159307
0.018705299999999998
0.0239416
0.0301489
0.0365417
0.0438063
0.054457099999999994
0.0638425
0.0728819
0.0842514
0.097595
0.113774
0.12326000000000001
0.139903
0.152781
0.167437
0.188614
0.202208
0.21423699999999998
0.227917
0.243737
0.262748
0.286705
0.308527
0.32376699999999997
0.345527
0.373701
0.39409900000000003
0.414657
0.439421
0.460426
0.480494
0.505432
0.5241939999999999
0.548449
0.569934
0.601635
0.620965
0.633659
0.6338710000000001
0.634038
0.634246
0.6340480000000001
0.634862
0.680542
0.753579
0.82336
0.850948
0.877522
0.899828
0.9536479999999999
0.973763
0.99894
1.0330700000000002
1.0534999999999999
1.07365
1.09434
1.13685
1.18059
1.20167
1.22643
1.2513800000000002
1.2744
1.3249799999999998
1.34913
1.37979
1.40275
1.4247100000000001
1.4594600000000002
1.50179
1.52348
1.56172
1.59179
1.6138299999999999
