Vgs range: 0,8,0.1
Vds range: 0,8,0.5

Vgs: 0.0
-3.23877e-06
-2.9993000000000002e-06
-2.89989e-06
-3.21392e-06
-3.21344e-06
-2.99929e-06
-3.36305e-06
-3.31334e-06
-3.0986900000000002e-06
-3.0987e-06
-3.46246e-06
-3.41269e-06
-3.17327e-06
-3.46246e-06
-3.4873e-06
-3.17326e-06
-3.38749e-06
-3.51217e-06
-3.13052e-06
-3.17328e-06
-3.61158e-06
-3.56184e-06
-3.37209e-06
-3.53703e-06
-3.4873199999999998e-06
-3.14839e-06
-3.1981399999999998e-06
-3.56188e-06
-3.5121399999999996e-06
-3.32237e-06
-3.61159e-06
-3.51217e-06
-3.2478e-06
-3.24784e-06
-3.58673e-06
-3.58669e-06
-3.3223900000000003e-06
-3.6861500000000003e-06
-3.56186e-06
-3.29752e-06
-3.44671e-06
-3.61159e-06
-3.28312e-06
-3.3223900000000003e-06
-3.7358600000000003e-06
-3.66122e-06
-3.29752e-06
-3.53703e-06
-3.56186e-06
-3.27267e-06
-3.63641e-06
-3.58672e-06
-3.38432e-06
-3.27269e-06
-3.711e-06
-3.61155e-06
-3.37209e-06
-3.6861500000000003e-06
-3.56188e-06
-3.2478e-06
-3.19813e-06
-3.6612899999999997e-06
-3.73582e-06
-3.4217800000000003e-06
-3.58673e-06
-3.63643e-06
-3.34721e-06
-3.3721500000000004e-06
-3.68614e-06
-3.42565e-06
-3.34725e-06
-3.6861500000000003e-06
-3.63643e-06
-3.2975299999999997e-06
-3.34728e-06
-3.7358399999999997e-06
-3.4164100000000003e-06
-3.39695e-06
-3.61159e-06
-3.61158e-06
-3.27267e-06

Vgs: 0.5
0.00044686600000000003
0.000449823
0.000463997
0.0004885649999999999
0.000566112
0.000823244
0.0016378100000000002
0.0027577
0.00512833
0.00869633
0.0129197
0.0165047
0.0207863
0.0250645
0.0289465
0.032426699999999996
0.035694800000000006
0.0388108
0.041469900000000004
0.0440699
0.046545300000000005
0.0488404
0.0510114
0.0530549
0.0534081
0.0534343
0.053444900000000004
0.053421699999999996
0.0534355
0.053422199999999996
0.053418799999999995
0.0592823
0.0675149
0.0691002
0.07037059999999999
0.0716369
0.0728459
0.074068
0.0751355
0.07626680000000001
0.07732670000000001
0.07835059999999999
0.07937949999999999
0.0803611
0.08129410000000001
0.0814734
0.0815128
0.08150339999999999
0.0814965
0.0815027
0.0815272
0.0845371
0.0881062
0.08893720000000001
0.0897048
0.0904321
0.091123
0.0918442
0.0925378
0.0932216
0.0938558
0.09449189999999999
0.0951191
0.09571930000000001
0.0963596
0.0968704
0.09753909999999999
0.0980823
0.0985851
0.09915360000000001
0.099702
0.100312
0.100738
0.10123700000000001
0.10171999999999999
0.102197
0.10269099999999999
0.10313599999999999
0.103563
0.104024
0.104455

Vgs: 1.0
0.000573116
0.000575557
0.00059644
0.0006268910000000001
0.000730477
0.00112234
0.0018386000000000001
0.0035604599999999997
0.00613594
0.0104645
0.014573299999999999
0.0203502
0.0268969
0.0346927
0.0428442
0.0515699
0.0597359
0.06772360000000001
0.07566250000000001
0.0826403
0.0894917
0.0962454
0.10319199999999999
0.10795099999999999
0.11344
0.118823
0.123034
0.12863300000000003
0.133206
0.137741
0.141993
0.14607699999999998
0.150139
0.15387199999999998
0.157595
0.161313
0.164764
0.16817300000000002
0.17135899999999998
0.174569
0.17773299999999997
0.180757
0.183671
0.186539
0.18970099999999998
0.192073
0.19469
0.19735
0.19986299999999999
0.20238499999999998
0.204748
0.207149
0.209489
0.211703
0.21398599999999998
0.216119
0.21823599999999999
0.22032200000000002
0.222334
0.22442600000000001
0.226381
0.228216
0.230156
0.231959
0.23378200000000002
0.23552800000000002
0.237242
0.238989
0.240627
0.242278
0.243887
0.245441
0.24673099999999998
0.24852700000000003
0.250055
0.25144099999999997
0.252839
0.254237
0.25564400000000004
0.257006
0.25831299999999996

Vgs: 1.5
0.000798428
0.000804969
0.0008263620000000001
0.000868879
0.00101682
0.00134971
0.00239617
0.0041367
0.0069803
0.011741699999999999
0.0160425
0.0222985
0.029295500000000002
0.037459200000000005
0.0461852
0.056192900000000004
0.0669971
0.0776075
0.08947519999999999
0.103329
0.113015
0.12465299999999999
0.135571
0.146099
0.156203
0.16604
0.17544500000000002
0.18490600000000001
0.192581
0.20074
0.208659
0.21623599999999998
0.223496
0.230433
0.237182
0.243871
0.250183
0.25626400000000005
0.262222
0.268087
0.273828
0.27908499999999997
0.284512
0.28967499999999996
0.29060400000000003
0.290628
0.290651
0.29068099999999997
0.290653
0.290731
0.290768
0.31107
0.33083199999999996
0.33499799999999996
0.33899599999999996
0.342994
0.346833
0.350416
0.354157
0.357751
0.361197
0.36463
0.368091
0.371412
0.37464200000000003
0.37780199999999997
0.380907
0.384073
0.38698600000000005
0.38987
0.3928
0.395616
0.398412
0.40112699999999996
0.403468
0.40645600000000004
0.408966
0.41151099999999996
0.414016
0.41648
0.41883699999999996

Vgs: 2.0
0.00112718
0.00112727
0.00116653
0.00121456
0.00135096
0.00182626
0.0029602
0.0048528600000000005
0.00806188
0.0130381
0.0175568
0.0242331
0.0314807
0.0398232
0.0489687
0.059237899999999996
0.0701972
0.0814446
0.0940947
0.108939
0.108955
0.10903299999999999
0.109038
0.10893800000000001
0.109014
0.109005
0.108999
0.154305
0.229774
0.24522999999999998
0.25771499999999997
0.269435
0.28074699999999997
0.29141300000000003
0.30187200000000003
0.31216
0.321744
0.331538
0.340312
0.349149
0.358021
0.365956
0.374397
0.382303
0.389904
0.397424
0.40472400000000003
0.411835
0.418721
0.42556700000000003
0.432234
0.438539
0.444891
0.451084
0.45714699999999997
0.462994
0.468635
0.47452099999999997
0.480142
0.485357
0.49065299999999995
0.495868
0.501169
0.505946
0.510389
0.5156689999999999
0.5203099999999999
0.524976
0.529445
0.533942
0.538251
0.542425
0.546674
0.5508149999999999
0.554825
0.558673
0.5626439999999999
0.566486
0.570055
0.573808
0.5773090000000001

Vgs: 2.5
0.00155206
0.00155138
0.00160154
0.0016583099999999999
0.00183826
0.00239626
0.00359862
0.005794430000000001
0.00920917
0.0145042
0.019323899999999998
0.0260114
0.0335212
0.0423343
0.0515796
0.0621735
0.0734887
0.0848701
0.0971954
0.112942
0.124373
0.138886
0.15360300000000002
0.169226
0.18453
0.20086099999999998
0.217376
0.23425200000000002
0.251591
0.268069
0.28502099999999997
0.3012
0.31725200000000003
0.33245600000000003
0.34697100000000003
0.361453
0.375322
0.388625
0.40141699999999997
0.41396299999999997
0.426194
0.437772
0.449348
0.460402
0.47110199999999997
0.47300800000000004
0.473074
0.47310199999999997
0.473168
0.473174
0.47315399999999996
0.506072
0.547081
0.555966
0.564753
0.572771
0.580607
0.588476
0.5959300000000001
0.6036750000000001
0.6109209999999999
0.618105
0.625117
0.631982
0.638757
0.6452819999999999
0.651695
0.658177
0.664423
0.67049
0.676481
0.6822710000000001
0.688268
0.693682
0.6991999999999999
0.704676
0.709907
0.715372
0.720322
0.72533
0.730332

Vgs: 3.0
0.00208105
0.0020863599999999998
0.00214661
0.00221907
0.00244094
0.00308798
0.0044066
0.00684533
0.0110765
0.0150749
0.0208749
0.0279088
0.035416800000000005
0.0444486
0.0539508
0.06455949999999999
0.0757737
0.087568
0.102603
0.11347499999999999
0.127786
0.142656
0.157345
0.172547
0.188772
0.191755
0.191709
0.19176800000000002
0.191807
0.191807
0.191809
0.19175799999999998
0.24726700000000001
0.347066
0.369828
0.388901
0.406918
0.424747
0.44198099999999996
0.45878800000000003
0.474906
0.490319
0.505946
0.521035
0.534825
0.548926
0.5620459999999999
0.575519
0.5881190000000001
0.600893
0.612858
0.624645
0.636201
0.647458
0.6585420000000001
0.669208
0.6799580000000001
0.689957
0.6998730000000001
0.7099380000000001
0.719148
0.7287370000000001
0.737968
0.747003
0.755796
0.764467
0.77281
0.7814500000000001
0.789284
0.797288
0.805164
0.812596
0.820453
0.82759
0.834765
0.841966
0.8487
0.85565
0.862216
0.868846
0.875293

Vgs: 3.5
0.00272285
0.00272716
0.00279809
0.00289632
0.0031641100000000004
0.0038216199999999995
0.005314630000000001
0.007891210000000001
0.012181099999999999
0.0163319
0.0223095
0.029215
0.0371564
0.0465027
0.0559222
0.0664772
0.07773100000000001
0.0899808
0.104928
0.11610999999999999
0.130301
0.144818
0.160065
0.175671
0.191958
0.20919
0.226416
0.24391300000000002
0.261919
0.265365
0.265425
0.26539100000000004
0.265416
0.26538700000000004
0.2654
0.26538799999999996
0.329573
0.43627200000000005
0.46092099999999997
0.48156000000000004
0.502574
0.521984
0.541803
0.5606180000000001
0.579322
0.596865
0.614673
0.63125
0.647425
0.664129
0.678463
0.694316
0.709108
0.723328
0.7374999999999999
0.7511300000000001
0.764297
0.7775380000000001
0.7901950000000001
0.802702
0.8149430000000001
0.826688
0.8384090000000001
0.850068
0.861078
0.871946
0.882476
0.893374
0.9032870000000001
0.9132629999999999
0.923129
0.9329390000000001
0.942304
0.9517049999999999
0.960694
0.969716
0.978428
0.9869729999999999
0.995274
1.0066000000000002
1.01325

Vgs: 4.0
0.00343783
0.00344365
0.00353046
0.0036428999999999997
0.00393304
0.00467959
0.00624648
0.00883084
0.0133307
0.0175023
0.0246769
0.0306808
0.0387129
0.047706
0.0575609
0.0684626
0.0789017
0.0919561
0.107126
0.11840700000000001
0.13280599999999998
0.147977
0.16328299999999998
0.17849900000000002
0.194976
0.21225000000000002
0.229796
0.247666
0.26580499999999996
0.28477800000000003
0.30389499999999997
0.323476
0.343772
0.363475
0.384303
0.405243
0.426624
0.44791600000000004
0.469449
0.49136899999999994
0.51397
0.535625
0.558268
0.579228
0.602683
0.624516
0.6458590000000001
0.66752
0.687381
0.70739
0.72675
0.745617
0.764124
0.781947
0.799611
0.8166329999999999
0.83336
0.849303
0.86495
0.880819
0.8956310000000001
0.91042
0.9247730000000001
0.938944
0.952581
0.966096
0.9780520000000001
0.9924919999999999
1.00843
1.0185899999999999
1.03091
1.04232
1.05414
1.06554
1.07666
1.08771
1.09859
1.10905
1.11912
1.12615
1.1393099999999998

Vgs: 4.5
0.0041988
0.00420418
0.00430667
0.00444283
0.00475139
0.00555732
0.00719235
0.0099031
0.0145149
0.018837
0.024939
0.0321696
0.0402531
0.0495514
0.0593961
0.0702918
0.0818153
0.0940825
0.109404
0.121207
0.13292600000000002
0.150091
0.165519
0.181658
0.198213
0.215624
0.233188
0.252093
0.271017
0.289114
0.308054
0.32957400000000003
0.348051
0.36828099999999997
0.389062
0.410428
0.43167
0.45362199999999997
0.475414
0.49983700000000003
0.520742
0.543233
0.5666249999999999
0.590073
0.613433
0.637003
0.6623519999999999
0.6843119999999999
0.707716
0.731337
0.75451
0.776993
0.7994490000000001
0.821172
0.842573
0.864132
0.88207
0.903508
0.9224100000000001
0.9414210000000001
0.9598770000000001
0.977494
0.995322
1.0168300000000001
1.03052
1.04671
1.0627099999999998
1.07829
1.09339
1.10859
1.12317
1.13749
1.15157
1.16521
1.17896
1.19184
1.20486
1.21753
1.2297799999999999
1.24214
1.25406

Vgs: 5.0
0.00500251
0.00501307
0.0051319799999999995
0.00528412
0.00562245
0.00648102
0.00819879
0.011566199999999999
0.014956
0.0201245
0.0263315
0.0336843
0.041804100000000004
0.0511283
0.0610691
0.07202549999999999
0.0832132
0.0959854
0.11157299999999999
0.122783
0.13630599999999998
0.152477
0.168007
0.18394
0.200694
0.218096
0.23579699999999998
0.253921
0.272317
0.29144000000000003
0.311377
0.331063
0.351425
0.371766
0.39145800000000003
0.414272
0.43588299999999996
0.458239
0.48018099999999997
0.502691
0.5258660000000001
0.549007
0.5725
0.59625
0.620173
0.644736
0.668348
0.693162
0.7175079999999999
0.7425179999999999
0.7671870000000001
0.791896
0.8168799999999999
0.841674
0.866278
0.890697
0.9144570000000001
0.93567
0.960756
0.983421
1.01082
1.02823
1.04912
1.06956
1.0896199999999998
1.10921
1.1286
1.147
1.16493
1.18298
1.20046
1.21753
1.2341900000000001
1.25033
1.26661
1.28107
1.29742
1.3128300000000002
1.32738
1.34219
1.35608

Vgs: 5.5
0.00586297
0.0058724599999999995
0.006008540000000001
0.00618182
0.00656002
0.00743929
0.009230780000000001
0.012674
0.016134299999999997
0.0214178
0.0276583
0.0352067
0.04335629999999999
0.0526673
0.06307489999999999
0.0738462
0.08568210000000001
0.0980928
0.11360300000000001
0.12495200000000001
0.139882
0.15474
0.170462
0.186551
0.203048
0.220683
0.238477
0.256724
0.275195
0.294474
0.314185
0.334196
0.354569
0.37527099999999997
0.39633399999999996
0.418164
0.439758
0.462037
0.483764
0.507014
0.5306179999999999
0.553589
0.577419
0.601479
0.6257619999999999
0.6499299999999999
0.674786
0.699462
0.724046
0.7497050000000001
0.775049
0.800169
0.826253
0.8518249999999999
0.879061
0.903907
0.929477
0.955769
0.981396
1.0132400000000001
1.0340200000000002
1.05974
1.08333
1.1073700000000002
1.13112
1.15424
1.17634
1.19879
1.22046
1.24215
1.26224
1.28188
1.30216
1.32097
1.34007
1.35879
1.37633
1.39446
1.41133
1.42851
1.44524

Vgs: 6.0
0.00676228
0.0067697
0.00692351
0.00711073
0.00751028
0.00843461
0.010648000000000001
0.0131542
0.0173268
0.0226413
0.0292655
0.036756199999999996
0.0449481
0.054558600000000006
0.0644519
0.07576759999999999
0.0876005
0.0897172
0.0896969
0.089707
0.0897078
0.0897225
0.0897099
0.0896878
0.20524799999999999
0.223957
0.241437
0.25990399999999997
0.279078
0.29820800000000003
0.317719
0.337476
0.35795899999999997
0.379789
0.400053
0.421758
0.44379199999999996
0.465219
0.4885
0.511292
0.53559
0.5579959999999999
0.582159
0.606139
0.6305609999999999
0.655531
0.679625
0.705387
0.730078
0.7561650000000001
0.7831910000000001
0.807028
0.8339540000000001
0.8594660000000001
0.88648
0.912763
0.9389230000000001
0.967096
0.992902
1.02603
1.0489600000000001
1.07474
1.10183
1.12832
1.15516
1.18157
1.20704
1.2328000000000001
1.2578699999999998
1.2824900000000001
1.3065399999999998
1.33004
1.3531000000000002
1.37535
1.39805
1.41961
1.4405
1.46147
1.48153
1.50166
1.5214

Vgs: 6.5
0.00767902
0.00768913
0.00785624
0.008062
0.0084869
0.00947627
0.0117468
0.0144281
0.018578499999999998
0.023974000000000002
0.0306126
0.0380965
0.0466313
0.0562313
0.0665114
0.07777790000000001
0.08977310000000001
0.104769
0.115876
0.130073
0.14455199999999999
0.16008799999999998
0.175843
0.192055
0.209281
0.226598
0.244588
0.262951
0.281602
0.301207
0.32084300000000004
0.34173899999999996
0.362463
0.38274400000000003
0.403975
0.425437
0.44778100000000004
0.469873
0.49240999999999996
0.5154270000000001
0.538837
0.562071
0.586423
0.610627
0.635284
0.6598729999999999
0.6844979999999999
0.7108140000000001
0.7360939999999999
0.7613989999999999
0.787138
0.812386
0.8399049999999999
0.865779
0.893218
0.9196160000000001
0.946639
0.973717
1.00723
1.03106
1.0572599999999999
1.0845200000000002
1.1123299999999998
1.14083
1.1674
1.19563
1.22319
1.2511
1.27823
1.3062
1.33342
1.35948
1.3860000000000001
1.41204
1.43737
1.46237
1.48649
1.51088
1.5339399999999999
1.55739
1.57991

Vgs: 7.0
0.00862752
0.00863797
0.00882227
0.00905601
0.00950444
0.0107459
0.0124267
0.0155305
0.0198435
0.025426999999999998
0.0319606
0.0397208
0.0483034
0.0580771
0.0683467
0.07995719999999999
0.0921949
0.107224
0.11858099999999999
0.132491
0.147411
0.16311799999999999
0.17890199999999998
0.195165
0.212339
0.23013499999999998
0.24831499999999998
0.266762
0.28548799999999996
0.30463
0.325069
0.34343999999999997
0.366117
0.38615
0.407449
0.42972099999999996
0.451374
0.473864
0.49653
0.5194909999999999
0.542813
0.56728
0.590693
0.6156360000000001
0.63941
0.664313
0.689299
0.714734
0.7408210000000001
0.766523
0.792027
0.817984
0.845121
0.871182
0.898251
0.925333
0.952218
0.9800749999999999
1.01377
1.03695
1.0643099999999999
1.09207
1.12031
1.1482
1.17781
1.20519
1.2331899999999998
1.2583099999999998
1.2901799999999999
1.31989
1.34855
1.37559
1.40469
1.43241
1.4610400000000001
1.48826
1.51575
1.54274
1.5692300000000001
1.59578
1.62153

Vgs: 7.5
0.00960415
0.009614880000000001
0.00982072
0.0101156
0.0105312
0.011591599999999999
0.013585400000000001
0.0166852
0.0211381
0.026705
0.0334489
0.0413327
0.0500469
0.059814900000000004
0.0704531
0.0821694
0.09438629999999999
0.109848
0.12124
0.13569799999999999
0.150565
0.166302
0.182453
0.199149
0.21624000000000002
0.23431
0.25285
0.27093799999999996
0.28967899999999996
0.309143
0.329215
0.348554
0.37059000000000003
0.39087500000000003
0.41236799999999996
0.43411
0.456105
0.479369
0.50119
0.523968
0.547829
0.570953
0.596095
0.620297
0.644118
0.668839
0.6935300000000001
0.719117
0.744579
0.770732
0.796835
0.822798
0.849691
0.876166
0.899713
0.930658
0.9577169999999999
0.9854569999999999
1.0196
1.04263
1.0705
1.09823
1.12681
1.15554
1.18385
1.21254
1.24146
1.27129
1.2995400000000001
1.32832
1.3574
1.3860400000000002
1.414
1.44569
1.4738399999999998
1.50362
1.53214
1.56124
1.59073
1.6184800000000001
1.64696

Vgs: 8.0
0.0106133
0.010624399999999999
0.0108445
0.011094799999999998
0.011593899999999999
0.0126797
0.0146766
0.017907
0.0224788
0.0283201
0.0350081
0.0429658
0.0518586
0.0619742
0.0726734
0.0845547
0.0970745
0.112805
0.124438
0.138817
0.15424300000000002
0.17019800000000002
0.186606
0.189578
0.189618
0.189624
0.18964
0.189634
0.189648
0.24779
0.333388
0.355215
0.37619800000000003
0.397044
0.418246
0.440205
0.46244999999999997
0.48458300000000004
0.50711
0.530142
0.553394
0.576962
0.600872
0.62214
0.649611
0.674914
0.699217
0.7247669999999999
0.749977
0.776099
0.802332
0.827974
0.854787
0.881486
0.9088269999999999
0.936012
0.962912
0.9911620000000001
1.02519
1.04819
1.07623
1.10512
1.13316
1.16138
1.1908299999999998
1.2192800000000001
1.24858
1.27754
1.3062799999999999
1.3359999999999999
1.3653199999999999
1.39462
1.42465
1.4537499999999999
1.48363
1.5095
1.54327
1.57331
1.60242
1.63284
1.66208
