Vgs range: 0,8,0.5
Vds range: 0,8,0.1

Vgs: 0.0
-3.2230300000000003e-06
-2.35322e-06
-8.35008e-07
1.9097e-07
0.000360547
0.000413825
0.000438275
0.000456211
0.00047976500000000005
0.0005084989999999999
0.0005384890000000001
0.0005761830000000001
0.00061409
0.000656344
0.000703093
0.000753374
0.0008075440000000001
0.000865244
0.0009296980000000001
0.000993604
0.00106343
0.0011410200000000002
0.0012144500000000002
0.00130111
0.00138644
0.00147542
0.00156905
0.00167394
0.00177579
0.00188457
0.00199548
0.0021127999999999997
0.0022328200000000004
0.0023572999999999997
0.00248658
0.00261763
0.00274793
0.00288568
0.0030248
0.00316388
0.00330823
0.00345139
0.0035993699999999997
0.00374786
0.0038976099999999997
0.00405222
0.00420632
0.00436399
0.00452506
0.00468394
0.00484785
0.0050122199999999995
0.005177360000000001
0.00534511
0.00551574
0.00568616
0.00585615
0.00602972
0.00620373
0.0063795100000000006
0.0065549200000000005
0.0067348899999999995
0.00691429
0.00709632
0.00727787
0.00746303
0.007645879999999999
0.00783385
0.00802073
0.00820978
0.00839845
0.00858866
0.00877849
0.008968869999999999
0.009163880000000001
0.009356860000000002
0.009552459999999999
0.00974814
0.00994507
0.0101474
0.010348300000000001

Vgs: 0.5
-3.71108e-06
-2.15426e-06
-3.75666e-07
9.489579999999999e-07
0.00044760000000000004
0.0005196720000000001
0.000552537
0.000587226
0.00062923
0.000675464
0.0007263580000000001
0.000768082
0.000821499
0.0008793949999999999
0.000947008
0.00101501
0.00111233
0.00118443
0.00123944
0.00135584
0.00142079
0.00154385
0.00161817
0.00173091
0.00183711
0.0019193099999999998
0.00202738
0.00208987
0.0022662800000000003
0.00233381
0.00247164
0.0026500200000000003
0.00281816
0.0029581300000000002
0.00308141
0.00325429
0.00337496
0.00349343
0.0035967
0.00372977
0.0039083600000000005
0.00408254
0.00426018
0.00443217
0.00461545
0.00485218
0.00502468
0.0051775400000000004
0.0053535100000000006
0.00545267
0.00538837
0.00557512
0.0057704900000000005
0.00597489
0.00616366
0.0063471099999999996
0.00655177
0.00679555
0.00706104
0.00728981
0.00751949
0.007765210000000001
0.007945269999999999
0.00800588
0.00823108
0.00847523
0.008680209999999999
0.008908979999999999
0.00911728
0.00933149
0.00953933
0.00975935
0.009982979999999999
0.010199
0.010409499999999999
0.0106233
0.010827400000000001
0.011054099999999999
0.0112685
0.011470900000000001
0.011702800000000001

Vgs: 1.0
-1.21604e-05
0.00240701
0.004413380000000001
0.00596791
0.00698787
0.00770437
0.00862593
0.00911205
0.009363429999999999
0.0096563
0.009811690000000001
0.009419410000000001
0.012783300000000001
0.012339900000000001
0.0140058
0.0129069
0.0150815
0.0142599
0.0162464
0.0166637
0.0148306
0.0154073
0.0159084
0.0161656
0.0164261
0.016303500000000002
0.0195451
0.018889299999999998
0.020442199999999997
0.017702100000000002
0.0203208
0.0192847
0.0212194
0.020114399999999998
0.020144099999999998
0.0202611
0.0205356
0.0208301
0.0210011
0.021198500000000002
0.0206622
0.0209967
0.0211132
0.021371900000000003
0.020801999999999998
0.020912800000000002
0.021319400000000002
0.0217543
0.0218965
0.020510900000000002
0.0198716
0.020329100000000003
0.0208209
0.021254600000000002
0.0218608
0.0221236
0.022177299999999997
0.022535200000000002
0.021828900000000002
0.021951400000000003
0.0222369
0.022546
0.0216031
0.0216755
0.0224076
0.0239994
0.0239366
0.0247409
0.0239893
0.031985900000000005
0.0299242
0.0313053
0.029615500000000003
0.0262507
0.0278127
0.027623500000000002
0.027336799999999998
0.0271882
0.0268537
0.0265805
0.026457599999999998

Vgs: 1.5
-1.37848e-05
0.00664576
0.0129992
0.018765999999999998
0.024022
0.030330199999999998
0.037142299999999996
0.0397198
0.0445935
0.0465497
0.0496222
0.0490974
0.049620399999999995
0.0485741
0.055166
0.048964400000000005
0.0470965
0.0465787
0.0491203
0.0510362
0.0501666
0.051217700000000005
0.0498319
0.0472795
0.0489519
0.051128200000000006
0.0509381
0.0506931
0.0582322
0.0573023
0.0520611
0.0532885
0.054592999999999996
0.0571734
0.0555688
0.05668189999999999
0.0578952
0.0610131
0.0639766
0.0611418
0.0592955
0.06977720000000001
0.060453099999999996
0.0688953
0.0674608
0.0707517
0.0657959
0.0680657
0.0678841
0.0707557
0.0689651
0.069729
0.0716526
0.07073170000000001
0.0738243
0.06860590000000001
0.0692493
0.0696579
0.0700345
0.0703523
0.07068500000000001
0.07008039999999999
0.0709402
0.0717307
0.0728148
0.0732198
0.073849
0.0743509
0.07463639999999999
0.0747642
0.0738287
0.0666587
0.0679283
0.0686287
0.0710227
0.0739996
0.0758595
0.0768746
0.07765810000000001
0.0779123
0.078336

Vgs: 2.0
-1.51448e-05
0.00825187
0.0165545
0.025286799999999998
0.0342994
0.0431758
0.0516817
0.059763199999999995
0.0672132
0.073948
0.0796783
0.0846854
0.08888259999999999
0.09204520000000001
0.0944894
0.0962472
0.09778959999999999
0.0993482
0.10006200000000001
0.10108
0.101975
0.102795
0.10334499999999999
0.10416099999999999
0.104806
0.105297
0.105877
0.106353
0.106945
0.107495
0.107902
0.10847499999999999
0.10898000000000001
0.10942400000000001
0.109915
0.110386
0.110685
0.111185
0.11162000000000001
0.11199100000000001
0.112395
0.11286900000000001
0.113317
0.113789
0.114156
0.114487
0.11495
0.115271
0.115676
0.11608399999999999
0.116576
0.116898
0.117396
0.117808
0.11818400000000001
0.118569
0.118934
0.119412
0.11990100000000001
0.120259
0.12080099999999999
0.12121900000000001
0.12170399999999999
0.12212200000000001
0.122686
0.123218
0.123577
0.12407699999999999
0.12454499999999999
0.12517999999999999
0.12565800000000002
0.126258
0.12751400000000002
0.135438
0.135977
0.136486
0.136979
0.137616
0.13828300000000002
0.13906300000000002
0.139951

Vgs: 2.5
-1.58308e-05
0.00929335
0.0189142
0.0294811
0.0407733
0.052508
0.06448179999999999
0.0762839
0.087576
0.098443
0.10893800000000001
0.11861000000000001
0.127591
0.135782
0.143081
0.14951799999999998
0.15519899999999998
0.159749
0.163526
0.167713
0.17210599999999998
0.173896
0.17551
0.176808
0.177958
0.17888199999999999
0.179824
0.18072100000000002
0.18139
0.18214
0.182801
0.183489
0.184146
0.184811
0.185364
0.18590600000000002
0.186483
0.187094
0.187525
0.188142
0.18864
0.18934600000000001
0.18979000000000001
0.190115
0.190751
0.191292
0.1918
0.192304
0.192793
0.19328499999999998
0.19370300000000001
0.194182
0.194848
0.195223
0.195576
0.19614099999999998
0.196726
0.197317
0.197818
0.19811
0.19872499999999998
0.199268
0.1999
0.20040300000000003
0.200965
0.201729
0.202239
0.202881
0.20363099999999998
0.204331
0.205037
0.205833
0.206515
0.207417
0.208136
0.209195
0.21002099999999999
0.210925
0.211862
0.23937399999999998
0.22704

Vgs: 3.0
-1.6598999999999998e-05
0.010534799999999999
0.0217052
0.0343742
0.0482762
0.0625621
0.07727809999999999
0.0920811
0.106687
0.121049
0.134833
0.148206
0.16106900000000002
0.173291
0.184849
0.195618
0.205654
0.21482900000000002
0.223206
0.23108199999999998
0.238287
0.24434499999999998
0.24948800000000002
0.253939
0.25730000000000003
0.260038
0.262043
0.26498700000000003
0.264069
0.268308
0.26622
0.26774
0.270509
0.27163699999999996
0.272699
0.274662
0.27548900000000004
0.277996
0.27921100000000004
0.280232
0.280968
0.28170799999999996
0.282623
0.283287
0.28396299999999997
0.284633
0.28542599999999996
0.286085
0.288304
0.289301
0.291276
0.292599
0.29347599999999996
0.29421800000000004
0.295199
0.296087
0.296857
0.297584
0.298144
0.298773
0.29953199999999996
0.300191
0.300865
0.30152599999999996
0.30215800000000004
0.303033
0.30376200000000003
0.30439900000000003
0.30521299999999996
0.308564
0.34331
0.35333899999999996
0.359668
0.359578
0.35985500000000004
0.360459
0.361357
0.362328
0.36330599999999996
0.364471
0.365562

Vgs: 3.5
-1.6852399999999998e-05
0.011290900000000001
0.0234305
0.0375902
0.053340900000000004
0.06998879999999999
0.0871627
0.104615
0.122035
0.14395
0.167465
0.185593
0.203353
0.220699
0.23764200000000002
0.253984
0.269758
0.284973
0.299629
0.313475
0.32667999999999997
0.338963
0.350673
0.361473
0.371522
0.380608
0.38897699999999996
0.39630600000000005
0.40272399999999997
0.408215
0.412977
0.416703
0.41970100000000005
0.422142
0.424149
0.425632
0.427052
0.428273
0.42967500000000003
0.430681
0.431631
0.432631
0.433568
0.43449899999999997
0.43533200000000005
0.436038
0.436832
0.437659
0.438381
0.439184
0.439817
0.44057599999999997
0.441141
0.441984
0.442477
0.443112
0.44377
0.444338
0.444998
0.445606
0.44617399999999996
0.446916
0.447546
0.448222
0.448817
0.44952000000000003
0.45031299999999996
0.450823
0.45154299999999997
0.452292
0.453249
0.453961
0.454788
0.45580099999999996
0.45677199999999996
0.45780099999999996
0.458915
0.47065799999999997
0.480266
0.48134000000000005
0.482582

Vgs: 4.0
-1.7566700000000002e-05
0.0118923
0.024953
0.0404487
0.0579804
0.07674550000000001
0.0961993
0.11606499999999999
0.136102
0.15608899999999998
0.179751
0.20230599999999999
0.22239899999999999
0.22956300000000002
0.24756700000000004
0.26524200000000003
0.282377
0.29895
0.31494500000000003
0.33034399999999997
0.34499599999999997
0.358898
0.372211
0.384803
0.42246599999999995
0.44589100000000004
0.427501
0.42685100000000004
0.435643
0.44347499999999995
0.450493
0.455838
0.462518
0.5268430000000001
0.528281
0.475251
0.48178400000000005
0.49961799999999995
0.495076
0.49675800000000003
0.49844799999999995
0.5002500000000001
0.501602
0.502752
0.503953
0.5050239999999999
0.49955
0.500879
0.5023099999999999
0.503471
0.555795
0.552763
0.510046
0.5127200000000001
0.514899
0.51873
0.523524
0.524767
0.527544
0.534905
0.5567449999999999
0.556926
0.554424
0.555141
0.5555490000000001
0.555115
0.554777
0.553532
0.565659
0.565851
0.56648
0.5664370000000001
0.567443
0.568234
0.5696129999999999
0.570562
0.571593
0.572218
0.573021
0.574114
0.575558

Vgs: 4.5
-1.77434e-05
-5.70779e-05
0.0263713
0.0431777
0.0624448
0.0831737
0.10478
0.126962
0.149488
0.171993
0.194619
0.217019
0.239311
0.26127300000000003
0.28285499999999997
0.30413
0.324922
0.345203
0.365274
0.384924
0.404764
0.42284700000000003
0.440604
0.457724
0.474378
0.49092899999999995
0.5062880000000001
0.520804
0.534744
0.547882
0.560153
0.571835
0.5828260000000001
0.592752
0.601981
0.6104529999999999
0.618019
0.624505
0.6304219999999999
0.635287
0.6393390000000001
0.642848
0.645938
0.648456
0.6505270000000001
0.6523530000000001
0.653948
0.655541
0.656852
0.658134
0.659525
0.66071
0.661931
0.663141
0.6642370000000001
0.665297
0.6662009999999999
0.667274
0.668058
0.668996
0.670044
0.6708540000000001
0.671686
0.672523
0.673473
0.674165
0.674898
0.675852
0.6765859999999999
0.67731
0.6781670000000001
0.678971
0.679749
0.680667
0.681751
0.682485
0.6834210000000001
0.684488
0.685852
0.6873250000000001
0.688735

Vgs: 5.0
-1.80432e-05
0.012663800000000001
0.0269195
0.0442809
0.06419190000000001
0.0857193
0.108217
0.131366
0.154844
0.17848699999999998
0.20216
0.22568
0.24911999999999998
0.27235600000000004
0.295251
0.317863
0.340136
0.36216299999999996
0.383608
0.40468
0.425197
0.445064
0.464606
0.483458
0.501864
0.5196569999999999
0.5369539999999999
0.553469
0.5693389999999999
0.58468
0.599339
0.613285
0.626451
0.6389440000000001
0.650571
0.661378
0.6715030000000001
0.680859
0.689338
0.696923
0.7037770000000001
0.709696
0.714932
0.71938
0.723196
0.7262689999999999
0.729068
0.731477
0.733575
0.735448
0.737273
0.738853
0.74043
0.7419209999999999
0.743163
0.744696
0.7457870000000001
0.747284
0.7485900000000001
0.749981
0.75141
0.752773
0.7544989999999999
0.755654
0.756796
0.758189
0.759356
0.760513
0.761651
0.762508
0.763612
0.764397
0.7655850000000001
0.766705
0.767975
0.7691520000000001
0.770382
0.772226
0.773821
0.7753690000000001
0.7771539999999999

Vgs: 5.5
-1.81985e-05
0.012933
0.027571699999999998
0.045528
0.0662334
0.08868809999999999
0.112267
0.136516
0.161134
0.185999
0.210973
0.235854
0.260594
0.285221
0.309562
0.33367
0.357444
0.380903
0.40398700000000004
0.426647
0.44886200000000004
0.470506
0.49176899999999996
0.512563
0.5328820000000001
0.5526599999999999
0.5718070000000001
0.590491
0.608429
0.6259180000000001
0.642694
0.658863
0.6743330000000001
0.689169
0.7032940000000001
0.7167859999999999
0.729465
0.741579
0.7528269999999999
0.763278
0.7728999999999999
0.781694
0.789787
0.797026
0.803515
0.809033
0.814016
0.818183
0.82168
0.8248949999999999
0.827509
0.829937
0.831941
0.833953
0.8355739999999999
0.8373929999999999
0.839111
0.840626
0.84206
0.843534
0.844989
0.846387
0.847877
0.8491679999999999
0.850391
0.851378
0.852732
0.853753
0.854908
0.85587
0.8570770000000001
0.857984
0.858881
0.860194
0.86109
0.86248
0.863537
0.864788
0.865798
0.8668359999999999
0.868198

Vgs: 6.0
-1.84292e-05
0.0131723
0.028242299999999998
0.0468756
0.0685067
0.0920605
0.116853
0.142458
0.168641
0.195051
0.22154400000000002
0.24820400000000004
0.274713
0.301169
0.32745
0.353526
0.379325
0.40485899999999997
0.43005899999999997
0.454851
0.479312
0.503006
0.5266780000000001
0.549876
0.5726490000000001
0.594856
0.616742
0.637985
0.6587770000000001
0.6790280000000001
0.698791
0.718172
0.736626
0.754639
0.7721
0.789085
0.8050499999999999
0.820573
0.8352620000000001
0.84932
0.862471
0.8750939999999999
0.886997
0.897913
0.908342
0.917731
0.926636
0.934349
0.9415359999999999
0.94784
0.9534440000000001
0.958126
0.962374
0.965974
0.9689450000000001
0.97175
0.9740369999999999
0.976052
0.9780080000000001
0.979969
0.981694
0.9833400000000001
0.984681
0.986177
0.9876220000000001
0.988973
0.9902719999999999
0.991415
0.992588
0.993785
0.9948890000000001
0.9959089999999999
0.9970870000000001
0.998135
0.999101
1.0015399999999999
1.00261
1.00372
1.00449
1.00554
1.00663

Vgs: 6.5
-1.86109e-05
0.0134191
0.028867999999999998
0.0481394
0.0705399
0.0949956
0.120796
0.14745399999999997
0.174785
0.202553
0.23041899999999998
0.25855300000000003
0.286508
0.315024
0.34288599999999997
0.370689
0.398449
0.425671
0.452596
0.479483
0.508537
0.534745
0.56081
0.586613
0.611852
0.636515
0.661392
0.685017
0.7081890000000001
0.7309089999999999
0.753227
0.7749849999999999
0.796458
0.8185640000000001
0.840882
0.8625520000000001
0.882121
0.9011359999999999
0.919481
0.937156
0.9543349999999999
0.970989
0.9869239999999999
1.00352
1.01809
1.0320500000000001
1.0457
1.05869
1.07064
1.0815
1.09182
1.10149
1.11015
1.11809
1.1252199999999999
1.13152
1.13704
1.14202
1.1463400000000001
1.15011
1.1532300000000002
1.15601
1.15849
1.161
1.16307
1.16515
1.1667800000000002
1.16845
1.1700199999999998
1.1716199999999999
1.17313
1.1744100000000002
1.17566
1.17695
1.17814
1.17938
1.18059
1.18163
1.1828100000000001
1.1838
1.1851800000000001

Vgs: 7.0
-1.88163e-05
0.0136751
0.0295362
0.0494949
0.0728065
0.09830219999999999
0.125224
0.153087
0.181581
0.210395
0.23943799999999998
0.268637
0.29778600000000005
0.326853
0.355878
0.384753
0.413416
0.441855
0.470097
0.498015
0.5256660000000001
0.552697
0.5798
0.6062879999999999
0.632588
0.658329
0.6838080000000001
0.708757
0.733329
0.757482
0.781005
0.804202
0.826913
0.849141
0.870802
0.892022
0.9126470000000001
0.932789
0.952293
0.971377
0.989754
1.00901
1.02629
1.04291
1.05901
1.0742099999999999
1.08903
1.10309
1.1164
1.1290099999999998
1.14097
1.1521700000000001
1.1625800000000002
1.1723599999999998
1.18129
1.18962
1.19695
1.2039
1.20974
1.21502
1.2196399999999998
1.22367
1.22763
1.23081
1.23373
1.23634
1.23864
1.2409299999999999
1.24289
1.2449
1.2467400000000002
1.24848
1.25021
1.2516800000000001
1.2534399999999999
1.25493
1.2562
1.25753
1.2588199999999998
1.26017
1.2615

Vgs: 7.5
-1.89235e-05
0.0137846
0.029895300000000003
0.0502497
0.0741309
0.100283
0.127916
0.156585
0.185893
0.21558
0.245545
0.275616
0.305794
0.33588599999999996
0.366004
0.39599999999999996
0.42583
0.45538
0.484829
0.514053
0.542933
0.571277
0.599611
0.627603
0.655266
0.682458
0.709378
0.735927
0.7620119999999999
0.78827
0.813772
0.839046
0.8635649999999999
0.888393
0.912089
0.935438
0.958152
0.980669
1.00385
1.02522
1.04583
1.0661399999999999
1.08572
1.10471
1.1232799999999998
1.1412
1.15862
1.1752399999999998
1.19147
1.2071
1.22191
1.2361099999999998
1.24962
1.26236
1.2745300000000002
1.28617
1.29678
1.30774
1.31712
1.32565
1.33333
1.34043
1.3468099999999998
1.3525099999999999
1.35751
1.36188
1.3659
1.36926
1.3725
1.3751600000000002
1.37786
1.3804100000000001
1.3826699999999998
1.38489
1.3869799999999999
1.3889099999999999
1.3908200000000002
1.3925999999999998
1.39412
1.39554
1.3973499999999999

Vgs: 8.0
-1.9209200000000002e-05
-6.64255e-05
0.030564800000000003
0.0516391
0.0764486
0.10367
0.132541
0.16249
0.19317
0.22431099999999998
0.255743
0.287319
0.31900199999999995
0.350761
0.382463
0.41403
0.445519
0.476914
0.50807
0.5390440000000001
0.5697770000000001
0.599998
0.630217
0.660096
0.689739
0.718996
0.747976
0.776518
0.804751
0.832674
0.860143
0.887314
0.914007
0.940393
0.966326
0.991929
1.0184199999999999
1.04315
1.06732
1.09111
1.1143399999999999
1.13722
1.1595
1.18121
1.20248
1.22313
1.2432999999999998
1.26298
1.28201
1.30046
1.3184099999999999
1.33566
1.3524500000000002
1.36852
1.3840700000000001
1.39889
1.41322
1.4266999999999999
1.43968
1.45194
1.4635799999999999
1.4743600000000001
1.48451
1.49398
1.50271
1.51076
1.51818
1.5248499999999998
1.53092
1.5362399999999998
1.5411
1.5453299999999999
1.54889
1.5524099999999998
1.55525
1.55813
1.56069
1.563
1.56522
1.5673499999999998
1.56924
