Vgs range: 0,8,0.1
Vds range: 0,8,0.5

Vgs: 0.0
-0.000227213
-0.00022661
-0.000231399
-0.00022600999999999999
-0.000230929
-0.00023234
-0.000234085
-0.00024411799999999998
-0.000256742
-0.000277827
-0.0003029
-0.000338382
-0.000380517
-0.000431667
-0.000506125
-0.000601612
-0.000715204
-0.000865167
-0.00113992
-0.00135773
-0.00167651
-0.00205001
-0.0024532200000000003
-0.00290402
-0.00367199
-0.00432728
-0.0049772
-0.00599334
-0.0072179900000000005
-0.00952772
-0.009463290000000001
-0.0127615
-0.0135312
-0.0137947
-0.015668
-0.0176929
-0.019478199999999998
-0.021421799999999998
-0.024311199999999998
-0.0261414
-0.028325799999999998
-0.031545199999999995
-0.0343052
-0.0371233
-0.041057699999999996
-0.0453883
-0.0489755
-0.0537169
-0.0558882
-0.0607505
-0.0639263
-0.0683966
-0.0730894
-0.0757855
-0.0797789
-0.0850349
-0.0879237
-0.09183619999999999
-0.096809
-0.102247
-0.10521799999999999
-0.110449
-0.115591
-0.121255
-0.126546
-0.130249
-0.13347399999999998
-0.138672
-0.144225
-0.148354
-0.154811
-0.157913
-0.16581500000000002
-0.170096
-0.174773
-0.181609
-0.18751299999999999
-0.193926
-0.199615
-0.203574
-0.210416

Vgs: 0.5
0.000616387
0.000606168
0.000575066
0.000583285
0.000673567
0.0012944
0.00267873
0.00585826
0.0120407
0.0182662
0.027313200000000003
0.0379325
0.0490549
0.0604877
0.0719015
0.08353150000000001
0.0949705
0.107742
0.116487
0.126782
0.137045
0.147156
0.156914
0.16659
0.175964
0.185092
0.193123
0.20311400000000002
0.21156
0.220111
0.228629
0.236732
0.244536
0.25241199999999997
0.259724
0.26700999999999997
0.274048
0.280808
0.28686100000000003
0.292565
0.297802
0.301888
0.305996
0.309209
0.312573
0.31481
0.316077
0.31671299999999997
0.317296
0.318634
0.319293
0.318834
0.319523
0.319071
0.318751
0.31585599999999997
0.314683
0.31457
0.313732
0.311677
0.310799
0.30894
0.304839
0.301445
0.298453
0.296752
0.297273
0.294444
0.289108
0.286549
0.28300800000000004
0.28212000000000004
0.278756
0.27310700000000004
0.269256
0.265602
0.26243099999999997
0.260407
0.254549
0.247205
0.244333

Vgs: 1.0
0.00785887
0.007748389999999999
0.00334151
0.00201278
0.0014763299999999999
0.00178733
0.00329855
0.00650406
0.0128621
0.0190438
0.0283812
0.0399575
0.0532309
0.0690388
0.086411
0.109731
0.126711
0.147845
0.170183
0.19170299999999998
0.213884
0.234534
0.255075
0.275168
0.294993
0.31482
0.33382399999999995
0.35294
0.371487
0.389115
0.407315
0.425458
0.439378
0.45830000000000004
0.474849
0.49150699999999997
0.507045
0.522797
0.537739
0.5524990000000001
0.56735
0.580961
0.593797
0.605866
0.6160939999999999
0.6254449999999999
0.634264
0.641794
0.650198
0.65625
0.662513
0.667165
0.6718040000000001
0.6782360000000001
0.683186
0.685674
0.688904
0.690133
0.691854
0.695125
0.699625
0.7039289999999999
0.704146
0.704464
0.705351
0.703791
0.703898
0.710652
0.710923
0.706447
0.705445
0.7052080000000001
0.705286
0.704018
0.7043699999999999
0.702608
0.710414
0.705392
0.698742
0.6976140000000001
0.6951039999999999

Vgs: 1.5
0.030615299999999998
0.0306162
0.0272405
0.0198371
0.0153493
0.011965400000000001
0.010156199999999999
0.0106779
0.0140944
0.0205585
0.029756599999999998
0.0412876
0.054875
0.0709287
0.08830110000000001
0.112007
0.129773
0.152563
0.17802900000000002
0.20460899999999999
0.233232
0.26306799999999997
0.293653
0.324006
0.35464300000000004
0.38595300000000005
0.415792
0.445438
0.474249
0.5028940000000001
0.530928
0.5586070000000001
0.586139
0.612865
0.637842
0.66508
0.6899109999999999
0.7145670000000001
0.735882
0.763367
0.786301
0.809008
0.831523
0.853602
0.87501
0.8958250000000001
0.915606
0.9353309999999999
0.953178
0.968805
0.9829579999999999
0.9964270000000001
1.01313
1.02221
1.03308
1.04144
1.05221
1.06008
1.06646
1.0717700000000001
1.07818
1.08555
1.0912000000000002
1.09873
1.1052499999999998
1.1133300000000002
1.1199599999999998
1.12203
1.12561
1.12921
1.1370099999999999
1.1363
1.1403800000000002
1.1431099999999998
1.14819
1.1487699999999998
1.15097
1.14938
1.15097
1.1582700000000001
1.15631

Vgs: 2.0
0.0665727
0.066588
0.0667412
0.06117689999999999
0.0565716
0.0530661
0.0502327
0.0479971
0.0469639
0.0471081
0.0491682
0.054002699999999994
0.062431600000000004
0.0749295
0.0908882
0.11411199999999999
0.131834
0.154885
0.1805
0.208152
0.236637
0.26761599999999997
0.29967900000000003
0.332874
0.36791900000000005
0.405896
0.44270000000000004
0.482284
0.5203509999999999
0.558914
0.59975
0.6367820000000001
0.6743250000000001
0.711444
0.747492
0.783907
0.819327
0.854226
0.8878010000000001
0.921756
0.955405
0.9882020000000001
1.0277699999999999
1.05326
1.08417
1.11487
1.14543
1.1749399999999999
1.20345
1.23186
1.25931
1.28523
1.31215
1.3364900000000002
1.3597100000000002
1.37683
1.39805
1.41614
1.4285999999999999
1.44059
1.4544899999999998
1.46754
1.47846
1.49116
1.49913
1.5066599999999999
1.51085
1.52489
1.52807
1.5382099999999999
1.54781
1.5590899999999999
1.56737
1.5718100000000002
1.57183
1.58292
1.58742
1.59945
1.6033499999999998
1.61151
1.61737

Vgs: 2.5
0.133349
0.13348200000000002
0.13322599999999998
0.13314600000000001
0.12868
0.126356
0.12410500000000001
0.12247199999999998
0.121446
0.120698
0.120795
0.121717
0.123538
0.126799
0.131651
0.139263
0.150834
0.152927
0.152967
0.152944
0.152963
0.15296600000000002
0.15295799999999998
0.15290299999999998
0.251408
0.406379
0.44851
0.488166
0.52974
0.572842
0.61773
0.663892
0.7088920000000001
0.755135
0.802662
0.851206
0.894279
0.9407979999999999
0.9782379999999999
1.03831
1.07299
1.11538
1.15301
1.19987
1.24065
1.2805099999999998
1.3201
1.35925
1.3969
1.43578
1.47228
1.50877
1.54544
1.5807200000000001
1.6152499999999999
1.6487100000000001
1.6815
1.71381
1.7424000000000002
1.77046
1.79572
1.82036
1.84066
1.8576199999999998
1.8774499999999998
1.89247
1.9024599999999998
1.91567
1.93266
1.94537
1.9562199999999998
1.97065
1.98481
1.9942499999999999
2.00448
2.01536
2.02594
2.0374299999999996
2.04562
2.0516699999999997
2.05782

Vgs: 3.0
0.235758
0.236033
0.235665
0.235662
0.235407
0.232706
0.231596
0.23078300000000002
0.230301
0.230051
0.230428
0.23099899999999998
0.23227299999999998
0.23424799999999998
0.236519
0.239712
0.243782
0.24901399999999999
0.256184
0.265503
0.27769900000000003
0.294441
0.316734
0.344433
0.371881
0.413952
0.45190600000000003
0.49261699999999997
0.535502
0.579069
0.623004
0.668952
0.717807
0.7654219999999999
0.817814
0.86761
0.920331
0.976084
1.03959
1.08442
1.13608
1.18855
1.2422
1.29433
1.34548
1.39519
1.44423
1.4936
1.54132
1.58949
1.6368699999999998
1.68246
1.7357900000000002
1.7714
1.8162099999999999
1.8586
1.90041
1.94189
1.9817699999999998
2.0236099999999997
2.06128
2.09869
2.1358200000000003
2.17156
2.20479
2.23477
2.26048
2.2827300000000004
2.3044599999999997
2.32788
2.3468999999999998
2.36673
2.38108
2.3971999999999998
2.41179
2.4279599999999997
2.44611
2.46172
2.4724
2.48027
2.4897299999999998

Vgs: 3.5
0.370923
0.370883
0.371094
0.371071
0.370923
0.370564
0.37000500000000003
0.370001
0.37018799999999996
0.37051500000000004
0.371165
0.372268
0.373655
0.375702
0.377698
0.380317
0.383472
0.387166
0.39186
0.396687
0.402744
0.410179
0.418587
0.428884
0.44210099999999997
0.45912299999999995
0.48120599999999997
0.509
0.543259
0.583149
0.628414
0.674984
0.721941
0.771102
0.821915
0.875282
0.927884
0.9827029999999999
1.05069
1.09747
1.15653
1.21506
1.27568
1.33679
1.39618
1.4565
1.51536
1.57588
1.63496
1.69149
1.7478
1.80419
1.8589399999999998
1.91286
1.96745
2.0212899999999996
2.07251
2.1245700000000003
2.17453
2.22478
2.27358
2.3212200000000003
2.33006
2.3302
2.33033
2.3301200000000004
2.33014
2.33117
2.4741199999999997
2.65224
2.68784
2.71812
2.7448
2.77
2.79494
2.81824
2.83961
2.8592999999999997
2.87672
2.89296
2.91209

Vgs: 4.0
0.538401
0.5388949999999999
0.538875
0.538998
0.538745
0.53846
0.539173
0.539828
0.5405460000000001
0.541417
0.542862
0.5446070000000001
0.5467029999999999
0.5485369999999999
0.550779
0.554061
0.557118
0.560942
0.564868
0.5691809999999999
0.57422
0.579621
0.585475
0.592096
0.599639
0.608378
0.618059
0.629941
0.643242
0.6596380000000001
0.680327
0.704515
0.741212
0.78156
0.828589
0.8809290000000001
0.934513
0.9898140000000001
1.05727
1.1043100000000001
1.16241
1.22452
1.28565
1.34893
1.41091
1.47567
1.53995
1.60724
1.6735
1.74163
1.8078400000000001
1.87316
1.93926
2.0028200000000003
2.06666
2.1314699999999998
2.1917299999999997
2.25355
2.3134
2.37574
2.43413
2.49198
2.54729
2.60303
2.65875
2.71287
2.76492
2.81698
2.86647
2.9166600000000003
2.96559
3.01103
3.05492
3.09981
3.1397600000000003
3.1765600000000003
3.21041
3.23874
3.26457
3.28844
3.31481

Vgs: 4.5
0.735764
0.7358039999999999
0.735665
0.7358990000000001
0.73593
0.736273
0.736175
0.737862
0.739596
0.741198
0.743321
0.7462350000000001
0.748146
0.751278
0.7543489999999999
0.757518
0.7608320000000001
0.764323
0.768466
0.7724799999999999
0.7771469999999999
0.782447
0.7878930000000001
0.793385
0.79986
0.806784
0.8144549999999999
0.822769
0.831798
0.8416899999999999
0.852794
0.865455
0.879551
0.895936
0.916747
0.9404710000000001
0.971278
1.0202799999999999
1.059
1.11135
1.17115
1.1809500000000002
1.18108
1.18112
1.18116
1.18117
1.18117
1.18122
1.38536
1.7358799999999999
1.82772
1.89839
1.9701300000000002
2.0432699999999997
2.1159
2.1885199999999996
2.25882
2.33114
2.40016
2.47223
2.54033
2.60743
2.67287
2.73951
2.80475
2.86805
2.9303
2.99284
3.05389
3.11288
3.17251
3.23009
3.28648
3.33936
3.3945
3.44746
3.4953100000000004
3.54472
3.58884
3.63199
3.66946

Vgs: 5.0
0.962843
0.96294
0.9626899999999999
0.962428
0.962933
0.9621649999999999
0.962982
0.963145
0.966708
0.9685250000000001
0.971054
0.9745240000000001
0.9771090000000001
0.9800589999999999
0.9837349999999999
0.986747
0.9909859999999999
0.995033
0.999385
1.00614
1.01008
1.01537
1.0207300000000001
1.02627
1.03238
1.0386600000000001
1.0458500000000002
1.0530400000000002
1.0608
1.06882
1.07788
1.08768
1.09805
1.10904
1.12076
1.13498
1.14912
1.1664100000000002
1.18548
1.2084400000000002
1.23641
1.27081
1.3153299999999999
1.36872
1.4272
1.4903600000000001
1.55871
1.6250900000000001
1.69395
1.76561
1.83522
1.9079
1.98079
2.05442
2.1311
2.20757
2.2858
2.36288
2.43911
2.51878
2.59527
2.6713
2.7494099999999997
2.82387
2.8985
2.97365
3.04691
3.1168799999999997
3.17623
3.25747
3.32593
3.3918500000000003
3.45898
3.52303
3.58818
3.65148
3.71355
3.7729999999999997
3.83089
3.88894
3.94412

Vgs: 5.5
1.22002
1.21981
1.22025
1.2200900000000001
1.21955
1.21947
1.2197
1.21977
1.22054
1.2254399999999999
1.2281900000000001
1.2311100000000001
1.23392
1.23763
1.2415399999999999
1.2461499999999999
1.25014
1.2541799999999999
1.25923
1.26426
1.26928
1.27478
1.2802200000000001
1.28579
1.29156
1.29834
1.30537
1.31197
1.3188600000000001
1.32693
1.33492
1.34331
1.3522
1.36172
1.37144
1.38197
1.39354
1.40565
1.4185599999999998
1.43258
1.44805
1.4649
1.48146
1.5069000000000001
1.53264
1.56395
1.60242
1.65275
1.70947
1.7744600000000001
1.8434899999999999
1.9144299999999999
1.98693
2.06506
2.1399600000000003
2.21928
2.2938
2.3735000000000004
2.45202
2.53296
2.61489
2.6974199999999997
2.77903
2.86585
2.9487300000000003
3.03025
3.11067
3.19259
3.27252
3.35186
3.4303
3.5062499999999996
3.58342
3.65752
3.73186
3.80416
3.87543
3.9457
4.01432
4.08212
4.14879

Vgs: 6.0
1.5036100000000001
1.50354
1.50338
1.5029299999999999
1.50318
1.50397
1.504
1.5035
1.5032800000000002
1.50464
1.51268
1.5154
1.5181699999999998
1.52232
1.5274699999999999
1.53133
1.5357299999999998
1.54111
1.54601
1.55038
1.55572
1.55981
1.56616
1.57154
1.57808
1.5843
1.59059
1.5974400000000002
1.60442
1.61235
1.61988
1.62774
1.63615
1.64521
1.6545100000000001
1.6633
1.6719
1.68364
1.69527
1.70707
1.71943
1.73229
1.74629
1.76112
1.7772599999999998
1.79458
1.8136400000000001
1.8358999999999999
1.8598899999999998
1.8897199999999998
1.9236900000000001
1.9660099999999998
2.02036
2.08201
2.15464
2.2266
2.30255
2.38242
2.46181
2.54409
2.6279
2.70898
2.79447
2.87723
2.9639
3.0505799999999996
3.13764
3.22156
3.30773
3.3968100000000003
3.47971
3.56801
3.65592
3.73887
3.82227
3.90457
3.9847600000000005
4.069719999999999
4.14373
4.22166
4.29857

Vgs: 6.5
1.80834
1.8085499999999999
1.80682
1.80827
1.8082099999999999
1.80809
1.80764
1.80758
1.80711
1.80745
1.8116700000000001
1.8182800000000001
1.82197
1.82716
1.83181
1.8365600000000002
1.84202
1.84602
1.8515000000000001
1.85644
1.86337
1.86924
1.87433
1.88042
1.88652
1.89273
1.90064
1.90693
1.91403
1.92197
1.92921
1.93736
1.94604
1.9541799999999998
1.96305
1.9727299999999999
1.9822
1.9917799999999999
2.00163
2.0120400000000003
2.0242799999999996
2.03632
2.0471
2.06089
2.07327
2.08741
2.1020499999999998
2.11771
2.1340299999999996
2.15286
2.1718800000000003
2.1923899999999996
2.21614
2.24329
2.27516
2.31206
2.35811
2.4167199999999998
2.4823399999999998
2.55697
2.63606
2.7184700000000004
2.8016
2.88735
2.9734499999999997
3.0619699999999996
3.14706
3.2352700000000003
3.32381
3.4130100000000003
3.50432
3.59401
3.68343
3.7748600000000003
3.86536
3.95829
4.04528
4.13424
4.22494
4.31062
4.397189999999999

Vgs: 7.0
2.13962
2.14051
2.13853
2.1382800000000004
2.13868
2.13744
2.13876
2.13715
2.13587
2.1340500000000002
2.13284
2.13903
2.14466
2.14962
2.15469
2.15957
2.16642
2.17145
2.1768
2.18256
2.1870700000000003
2.19396
2.20111
2.20828
2.2138
2.2212400000000003
2.22763
2.235
2.2416799999999997
2.24908
2.25864
2.26642
2.2748
2.28213
2.29221
2.30211
2.3107
2.3212699999999997
2.33096
2.34055
2.3504099999999997
2.36033
2.3726200000000004
2.3836
2.39644
2.4091
2.4215500000000003
2.43522
2.4491500000000004
2.46557
2.48135
2.49677
2.51519
2.53253
2.55327
2.5755
2.59715
2.62343
2.65243
2.68708
2.727
2.77663
2.84043
2.9083799999999997
2.98728
3.07122
3.15697
3.24527
3.33529
3.42772
3.5140700000000002
3.6065799999999997
3.697
3.78913
3.88498
3.9791799999999995
4.069470000000001
4.165979999999999
4.26164
4.35278
4.44409

Vgs: 7.5
2.4921100000000003
2.4932399999999997
2.49386
2.4942599999999997
2.49503
2.49356
2.49217
2.49274
2.4931300000000003
2.4924600000000003
2.49423
2.49445
2.50061
2.50636
2.51369
2.51971
2.52574
2.53134
2.53885
2.5436199999999998
2.54887
2.55632
2.56265
2.56851
2.57586
2.58355
2.5916699999999997
2.59772
2.6051699999999998
2.61247
2.62064
2.62778
2.6369100000000003
2.64493
2.65269
2.6612099999999996
2.67046
2.6805399999999997
2.69024
2.6993400000000003
2.7097
2.72092
2.73179
2.7427900000000003
2.75375
2.76553
2.77671
2.7899000000000003
2.80277
2.81684
2.82924
2.84323
2.85767
2.87272
2.88733
2.9059
2.92307
2.94128
2.96108
2.9817799999999997
3.00521
3.0292499999999998
3.05742
3.0866000000000002
3.12227
3.16496
3.21757
3.28159
3.35517
3.4392099999999997
3.52683
3.61591
3.71074
3.80228
3.8951
3.98954
4.08251
4.17832
4.26477
4.36977
4.46861

Vgs: 8.0
2.85274
2.85418
2.8544400000000003
2.8550400000000002
2.85434
2.85179
2.84871
2.8492499999999996
2.84975
2.84982
2.85026
2.8504799999999997
2.85293
2.8645799999999997
2.86931
2.87536
2.88127
2.88897
2.89643
2.9035200000000003
2.91141
2.91715
2.92432
2.93237
2.93998
2.9473
2.9570299999999996
2.96497
2.97364
2.9812800000000004
2.98848
2.9959000000000002
3.00404
3.01381
3.02228
3.03199
3.0406600000000004
3.05003
3.0596400000000004
3.0698499999999997
3.08101
3.0912100000000002
3.1018299999999996
3.1122
3.12285
3.1342499999999998
3.1454999999999997
3.15712
3.1691100000000003
3.1811700000000003
3.1936899999999997
3.2075099999999996
3.2218899999999997
3.23512
3.2495499999999997
3.26397
3.27744
3.2956000000000003
3.31161
3.3289299999999997
3.34698
3.3666
3.38651
3.40713
3.42909
3.45332
3.47946
3.50826
3.54185
3.5794799999999998
3.6252099999999996
3.6821200000000003
3.7501499999999997
3.82545
3.91542
4.00123
4.09328
4.19005
4.28536
4.3822
4.4792
