Vgs range: 0,8,0.1
Vds range: 0,8,0.5

Vgs: 0.0
-0.000215026
-0.000214198
-0.00021281000000000002
-0.000215052
-0.00021288100000000002
-0.000215597
-0.000220899
-0.000225338
-0.000225709
-0.000236258
-0.000247417
-0.000259651
-0.000273087
-0.000298401
-0.000328994
-0.00037399199999999997
-0.000438057
-0.000524495
-0.000641033
-0.000787537
-0.0009773660000000001
-0.00122656
-0.00147014
-0.00178526
-0.00216426
-0.00262264
-0.0031515299999999996
-0.0037546899999999998
-0.00448316
-0.0052946799999999995
-0.00613279
-0.0075634000000000005
-0.00917774
-0.011505799999999998
-0.013103400000000001
-0.015384400000000001
-0.0183679
-0.0206351
-0.023257899999999998
-0.026582699999999997
-0.030255599999999997
-0.0339357
-0.037793200000000006
-0.0411631
-0.0451808
-0.04942
-0.0535344
-0.0576217
-0.0622749
-0.06523090000000001
-0.0694574
-0.07386240000000001
-0.0769624
-0.0814682
-0.0844854
-0.0882691
-0.09341680000000001
-0.09823570000000001
-0.10176
-0.10377600000000001
-0.107585
-0.112954
-0.11878
-0.12362899999999999
-0.130252
-0.13369
-0.137025
-0.139704
-0.144032
-0.14992
-0.161643
-0.164846
-0.167879
-0.169998
-0.175313
-0.180643
-0.186095
-0.191695
-0.19598000000000002
-0.198534
-0.202091

Vgs: 0.5
0.000610062
0.000602658
0.000574966
0.0005813319999999999
0.000672837
0.00129202
0.0026940700000000002
0.00580991
0.012047
0.0181049
0.0271038
0.037571799999999995
0.0486939
0.051030099999999995
0.0510468
0.0510525
0.0510526
0.0510535
0.0510569
0.0883911
0.13896899999999998
0.14707800000000001
0.157119
0.166381
0.176061
0.18511999999999998
0.19419
0.203331
0.21127200000000002
0.22003
0.22853500000000002
0.23669500000000002
0.24458999999999997
0.252336
0.259973
0.267325
0.274586
0.281491
0.28782800000000003
0.294093
0.299383
0.304287
0.30761
0.310202
0.31189100000000003
0.31366299999999997
0.315079
0.316971
0.317956
0.319483
0.319977
0.320876
0.321585
0.319522
0.318446
0.316719
0.317564
0.318979
0.31902200000000003
0.318111
0.317369
0.315691
0.31184
0.308055
0.305281
0.304185
0.29955
0.29621600000000003
0.293284
0.288002
0.287976
0.281536
0.279043
0.27343
0.272917
0.267565
0.265335
0.260964
0.25664299999999995
0.253381
0.25029

Vgs: 1.0
0.00790467
0.00781809
0.00337795
0.00195804
0.00144623
0.00177243
0.00327176
0.00652727
0.0128317
0.0191044
0.0286554
0.0401141
0.053226
0.06921849999999999
0.086368
0.10965699999999999
0.126322
0.147675
0.170069
0.19124300000000002
0.213012
0.23418899999999998
0.25510499999999997
0.275245
0.29555899999999996
0.314666
0.333706
0.352512
0.370612
0.388864
0.40694800000000003
0.424279
0.44139100000000003
0.457851
0.47441500000000003
0.49077400000000004
0.5065350000000001
0.5221439999999999
0.537252
0.551762
0.566557
0.5800510000000001
0.593334
0.605915
0.616969
0.6271859999999999
0.636815
0.645244
0.65354
0.661174
0.6655749999999999
0.672684
0.6806559999999999
0.684793
0.688233
0.69393
0.695693
0.69904
0.7044520000000001
0.7043820000000001
0.7062299999999999
0.7092700000000001
0.7111930000000001
0.712795
0.7144389999999999
0.7151609999999999
0.7144299999999999
0.714459
0.716993
0.718684
0.7189
0.719983
0.72287
0.7238840000000001
0.722035
0.721208
0.7245790000000001
0.722838
0.715845
0.7160829999999999
0.7148840000000001

Vgs: 1.5
0.030950500000000002
0.030959800000000003
0.0274678
0.0198696
0.0154336
0.0119218
0.0100758
0.0105079
0.014018000000000001
0.0206489
0.0298158
0.0413433
0.055333900000000005
0.07093680000000001
0.08804970000000001
0.11196500000000001
0.130087
0.15273599999999998
0.178123
0.20435
0.23373
0.263826
0.294194
0.323913
0.35588
0.385534
0.416009
0.445528
0.47419900000000004
0.502498
0.5311400000000001
0.559369
0.585516
0.612096
0.639128
0.6647689999999999
0.689513
0.7143670000000001
0.7389230000000001
0.763174
0.7866639999999999
0.810086
0.832894
0.8552050000000001
0.877039
0.898216
0.918458
0.939291
0.9576129999999999
0.975747
0.9931320000000001
1.01356
1.0249700000000002
1.03793
1.05217
1.06105
1.07223
1.0806
1.0881
1.0956
1.1042
1.11311
1.12207
1.12336
1.1283599999999998
1.13266
1.13905
1.14568
1.1484100000000002
1.15299
1.15415
1.15294
1.1628800000000001
1.16221
1.1652
1.16934
1.1739899999999999
1.17548
1.17533
1.16971
1.16865

Vgs: 2.0
0.06765
0.0676398
0.0676453
0.0620426
0.057389300000000004
0.0537876
0.050770699999999995
0.0484807
0.0472596
0.0472021
0.049118
0.0537189
0.061925499999999994
0.07461910000000001
0.0908053
0.114082
0.132204
0.15488000000000002
0.180656
0.20752600000000002
0.236472
0.26748
0.299193
0.332905
0.36783
0.40525
0.442673
0.481645
0.5206069999999999
0.5591590000000001
0.599057
0.637949
0.674701
0.710945
0.747768
0.7839309999999999
0.820277
0.855078
0.888447
0.922882
0.955503
0.983713
1.0274100000000002
1.05268
1.08397
1.1124399999999999
1.14347
1.1731800000000001
1.20146
1.2300900000000001
1.25788
1.28363
1.30988
1.3336000000000001
1.3562800000000002
1.37858
1.3979000000000001
1.41726
1.43335
1.44812
1.4625199999999998
1.47568
1.48849
1.49835
1.50779
1.51619
1.52442
1.53634
1.54607
1.55911
1.5650499999999998
1.56972
1.57476
1.5817299999999999
1.58737
1.5919599999999998
1.60074
1.60796
1.6128500000000001
1.61969
1.62144

Vgs: 2.5
0.136144
0.136156
0.136215
0.136212
0.13148
0.128665
0.12638300000000002
0.124232
0.123009
0.122095
0.12192
0.12275599999999999
0.12444
0.127414
0.132003
0.13944399999999998
0.150232
0.165736
0.186494
0.211954
0.239893
0.270547
0.302417
0.33605
0.371722
0.409146
0.448671
0.488817
0.5294730000000001
0.5738829999999999
0.617367
0.663021
0.696883
0.7552150000000001
0.8020160000000001
0.8499580000000001
0.895673
0.941002
0.984493
1.0387899999999999
1.0735700000000001
1.11581
1.15865
1.19984
1.2399799999999999
1.2804
1.31935
1.3586099999999999
1.39652
1.43553
1.47233
1.5075500000000002
1.54324
1.5778
1.61227
1.64606
1.67824
1.70768
1.7377200000000002
1.7641499999999999
1.79126
1.81351
1.8341399999999999
1.85578
1.8752300000000002
1.89711
1.9148399999999999
1.92985
1.93886
1.9535500000000001
1.9746299999999999
1.98954
1.99977
2.0068
2.02085
2.03017
2.0438
2.057
2.06273
2.0701
2.07559

Vgs: 3.0
0.240124
0.240325
0.24016099999999999
0.24021599999999999
0.239962
0.23738399999999998
0.235587
0.234471
0.233565
0.233111
0.23303700000000002
0.233475
0.23447400000000002
0.235927
0.238061
0.24096
0.244838
0.24987099999999998
0.256633
0.265274
0.27424
0.293993
0.316487
0.345191
0.376517
0.409975
0.451794
0.492266
0.533588
0.57711
0.623126
0.669015
0.7167490000000001
0.765599
0.8162780000000001
0.867494
0.92017
0.974103
1.0395
1.08252
1.1364400000000001
1.18848
1.24163
1.29329
1.34514
1.39459
1.44339
1.4944
1.54082
1.58957
1.63573
1.6807
1.72652
1.7702
1.81664
1.8577400000000002
1.89969
1.94098
1.9825099999999998
2.02286
2.0621
2.09918
2.13699
2.16986
2.20246
2.2332799999999997
2.26135
2.2874499999999998
2.31134
2.33439
2.35552
2.37295
2.38923
2.41139
2.43129
2.4479200000000003
2.46399
2.48074
2.49289
2.50478
2.51826

Vgs: 3.5
0.37810699999999997
0.37806100000000004
0.377945
0.378039
0.377867
0.37736600000000003
0.376495
0.37648
0.375944
0.37613399999999997
0.376737
0.377425
0.378495
0.380121
0.382026
0.384312
0.38741600000000004
0.390606
0.394948
0.399717
0.405378
0.412149
0.420437
0.430396
0.44309200000000004
0.459789
0.482256
0.509387
0.5431779999999999
0.584579
0.628085
0.6750210000000001
0.7224510000000001
0.7711060000000001
0.82198
0.874848
0.919419
0.9823989999999999
1.05082
1.0963399999999999
1.15097
1.21448
1.27737
1.3354700000000002
1.3962700000000001
1.45605
1.516
1.57497
1.63272
1.6908100000000001
1.74865
1.80375
1.85926
1.91313
1.9677200000000001
2.0204400000000002
2.07147
2.1233799999999996
2.17303
2.22427
2.27182
2.3182
2.36602
2.4107600000000002
2.4593599999999998
2.5028799999999998
2.5453099999999997
2.58725
2.62676
2.6652400000000003
2.70053
2.73068
2.7597799999999997
2.78671
2.8139100000000004
2.83622
2.85925
2.8803900000000002
2.89486
2.9149100000000003
2.93079

Vgs: 4.0
0.5460280000000001
0.546195
0.5461450000000001
0.546373
0.54637
0.546269
0.546335
0.54711
0.547753
0.548854
0.549978
0.551389
0.552776
0.5547570000000001
0.556863
0.559365
0.5619919999999999
0.565427
0.569045
0.57293
0.577643
0.58267
0.588353
0.594565
0.601849
0.610179
0.6198370000000001
0.631375
0.6438740000000001
0.659984
0.680501
0.7067749999999999
0.7407590000000001
0.78162
0.829449
0.8798900000000001
0.9336639999999999
0.988998
1.05732
1.10562
1.1634099999999998
1.22458
1.28426
1.34722
1.40646
1.4755
1.54017
1.6075300000000001
1.6738300000000002
1.74157
1.80789
1.87236
1.93924
2.00326
2.06731
2.1310700000000002
2.19266
2.25384
2.31285
2.3733
2.43381
2.48991
2.5487499999999996
2.6041800000000004
2.65913
2.71211
2.76466
2.81744
2.86767
2.9212499999999997
2.9675499999999997
3.01417
3.0603700000000003
3.1036599999999996
3.14555
3.18072
3.2151300000000003
3.24667
3.27739
3.30171
3.3266

Vgs: 4.5
0.748773
0.748637
0.7491289999999999
0.7490370000000001
0.748934
0.748456
0.7483299999999999
0.750069
0.7516750000000001
0.753183
0.7550760000000001
0.756837
0.758586
0.761118
0.763703
0.766208
0.769739
0.772938
0.7765219999999999
0.780235
0.7846329999999999
0.78931
0.7944220000000001
0.799587
0.805649
0.812047
0.818063
0.826646
0.835206
0.844647
0.8554050000000001
0.8677990000000001
0.88092
0.896822
0.916141
0.940553
0.971455
1.0201500000000001
1.0594599999999998
1.111
1.16946
1.22875
1.29101
1.35429
1.4186299999999998
1.48394
1.54941
1.61791
1.68574
1.75699
1.82748
1.89781
1.9703
2.04264
2.1160200000000002
2.18839
2.26113
2.33195
2.40034
2.47085
2.5408399999999998
2.60638
2.67419
2.73934
2.80384
2.86887
2.92985
3.00056
3.05338
3.10858
3.17268
3.2295100000000003
3.28613
3.34175
3.39733
3.44948
3.4999
3.55178
3.5963000000000003
3.64048
3.6814

Vgs: 5.0
0.975282
0.975723
0.975406
0.975562
0.975446
0.975572
0.9755039999999999
0.975306
0.9782879999999999
0.9803450000000001
0.9830500000000001
0.9858009999999999
0.988138
0.991709
0.9947249999999999
0.9976449999999999
1.00329
1.0064600000000001
1.01063
1.01482
1.0193299999999998
1.02394
1.02888
1.03386
1.03972
1.0458500000000002
1.0523
1.0590300000000001
1.06599
1.07388
1.08235
1.09174
1.10165
1.1119999999999999
1.12419
1.135
1.15211
1.1677899999999999
1.18665
1.20954
1.23817
1.27216
1.31594
1.36867
1.42764
1.49181
1.55789
1.62633
1.69541
1.76451
1.83609
1.90732
1.9813800000000001
2.05524
2.13172
2.20824
2.28386
2.36286
2.43941
2.51903
2.5964
2.6745699999999997
2.75009
2.82468
2.90301
2.97476
3.04738
3.11763
3.18728
3.25809
3.32638
3.39282
3.4603099999999998
3.52458
3.58942
3.6527600000000002
3.71307
3.77433
3.83283
3.89079
3.94782

Vgs: 5.5
1.23172
1.23179
1.23137
1.2317300000000002
1.2319099999999998
1.23218
1.23184
1.2319900000000001
1.2319099999999998
1.23648
1.2390999999999999
1.24227
1.2461900000000001
1.24906
1.25248
1.25674
1.26005
1.26442
1.2688700000000002
1.2734599999999998
1.2780999999999998
1.28294
1.28867
1.29424
1.29951
1.3056
1.31196
1.31885
1.3260699999999999
1.33333
1.34151
1.34956
1.3576899999999998
1.3662800000000002
1.37591
1.3864800000000002
1.398
1.4095900000000001
1.42202
1.4359600000000001
1.4511
1.46808
1.48698
1.5088199999999998
1.53448
1.56529
1.60376
1.65275
1.7097499999999999
1.77521
1.84581
1.9153499999999999
1.9831800000000002
2.06418
2.14231
2.21833
2.29651
2.37367
2.4529199999999998
2.53775
2.61549
2.69603
2.78283
2.86153
2.94561
3.0301
3.10911
3.1917299999999997
3.27006
3.3505000000000003
3.42921
3.5064200000000003
3.58246
3.65526
3.72982
3.80336
3.86265
3.94469
4.01243
4.08115
4.14788

Vgs: 6.0
1.49994
1.50025
1.5032299999999998
1.50301
1.5033699999999999
1.50318
1.50341
1.50339
1.50257
1.504
1.50878
1.51306
1.51725
1.5207300000000001
1.5236
1.5282900000000001
1.53336
1.53887
1.54347
1.54856
1.5539
1.55974
1.56575
1.57164
1.57721
1.58378
1.59027
1.59697
1.6045099999999999
1.61163
1.6198
1.62756
1.63589
1.64456
1.65382
1.66347
1.67348
1.68443
1.69541
1.7071
1.71981
1.73266
1.74677
1.76177
1.7767
1.7959
1.81426
1.83622
1.86084
1.88983
1.92387
1.96628
2.01874
2.0809499999999996
2.1511
2.22638
2.3058699999999996
2.3849600000000004
2.46257
2.54404
2.62727
2.70791
2.79304
2.87637
2.9651
3.05111
3.1358900000000003
3.2228
3.30877
3.3957599999999997
3.48562
3.56822
3.6560099999999998
3.7380899999999997
3.82271
3.90485
3.98537
4.06537
4.1448
4.22231
4.29827

Vgs: 6.5
1.81062
1.81115
1.80987
1.80969
1.8102800000000001
1.8093199999999998
1.80974
1.80976
1.81077
1.8117400000000001
1.81406
1.8198800000000002
1.82523
1.8282100000000001
1.83317
1.83809
1.84287
1.84768
1.85293
1.8576899999999998
1.86417
1.87029
1.87629
1.8826100000000001
1.88902
1.89525
1.90219
1.9100199999999998
1.9172900000000002
1.92402
1.93182
1.9396
1.94797
1.95627
1.9648299999999999
1.97461
1.9834399999999999
1.9928
2.00309
2.01343
2.02482
2.03566
2.04777
2.05992
2.07303
2.08711
2.1018299999999996
2.11751
2.1337800000000002
2.15246
2.17138
2.1926900000000002
2.2166799999999998
2.24268
2.27368
2.31154
2.35686
2.41398
2.4806899999999996
2.55569
2.63651
2.71965
2.80313
2.8902099999999997
2.97263
3.06081
3.14716
3.23705
3.32256
3.41385
3.50284
3.5953999999999997
3.68718
3.7734
3.8661
3.95795
4.04478
4.13757
4.22336
4.31148
4.39653

Vgs: 7.0
2.1454899999999997
2.1441899999999996
2.1444300000000003
2.14171
2.13949
2.14129
2.14409
2.14269
2.1427
2.1432700000000002
2.14206
2.14519
2.15175
2.15723
2.1619099999999998
2.16771
2.17345
2.1787
2.18481
2.1908000000000003
2.19596
2.2031799999999997
2.2087399999999997
2.2143699999999997
2.22083
2.22721
2.2345300000000003
2.24133
2.2481
2.25652
2.2644
2.27237
2.28071
2.2883299999999998
2.29628
2.30564
2.3153
2.32482
2.33489
2.34458
2.35558
2.36543
2.37702
2.38868
2.40015
2.4125
2.42551
2.43813
2.4517800000000003
2.46739
2.48316
2.49835
2.5154
2.53374
2.55322
2.57416
2.59653
2.6221
2.6509799999999997
2.68435
2.72398
2.7732099999999997
2.83576
2.90536
2.9864599999999997
3.07029
3.1578399999999998
3.2473300000000003
3.3346999999999998
3.42765
3.5162299999999997
3.60792
3.6990399999999997
3.79043
3.8739600000000003
3.9777399999999994
4.07095
4.16574
4.259040000000001
4.35297
4.44648

Vgs: 7.5
2.48455
2.48554
2.48436
2.48527
2.4848
2.4849799999999997
2.48524
2.48612
2.4848
2.48598
2.4853
2.48495
2.4924600000000003
2.4981999999999998
2.50359
2.50994
2.51552
2.52001
2.5262599999999997
2.5311600000000003
2.5383
2.5456
2.55344
2.5583
2.56472
2.5715500000000002
2.5796
2.5868
2.59472
2.60231
2.61017
2.6181099999999997
2.62616
2.63441
2.64333
2.65321
2.6623900000000003
2.67146
2.6813599999999997
2.69142
2.7021200000000003
2.7135100000000003
2.7247500000000002
2.7358399999999996
2.74749
2.75975
2.77153
2.78383
2.79605
2.8099499999999997
2.82381
2.83787
2.85306
2.86805
2.88436
2.9016699999999997
2.9192
2.9387100000000004
2.95853
2.97986
3.0024800000000003
3.0271999999999997
3.05555
3.07793
3.12211
3.16461
3.2160499999999996
3.28174
3.3552
3.439
3.52708
3.6183500000000004
3.70927
3.80284
3.8984900000000002
3.99158
4.0853
4.1821
4.27434
4.37219
4.470680000000001

Vgs: 8.0
2.85988
2.8589100000000003
2.8578900000000003
2.85865
2.85873
2.85892
2.8597
2.8601199999999998
2.85987
2.85828
2.85667
2.85748
2.85558
2.86594
2.871
2.87766
2.88238
2.88998
2.89594
2.90259
2.9080999999999997
2.91553
2.9212000000000002
2.92823
2.93507
2.94277
2.95016
2.95782
2.96552
2.97336
2.98232
2.9910200000000002
2.99916
3.00869
3.01695
3.0264100000000003
3.0350300000000003
3.0447
3.05763
3.06983
3.07486
3.08493
3.09553
3.10684
3.1173300000000004
3.12906
3.14031
3.1522
3.1648
3.17776
3.18938
3.20258
3.21618
3.23026
3.24524
3.26018
3.2752800000000004
3.2912000000000003
3.30846
3.32556
3.34416
3.3628199999999997
3.38339
3.40428
3.4278
3.45223
3.47957
3.50884
3.54119
3.57963
3.62581
3.67943
3.74606
3.82409
3.91199
4.00288
4.09637
4.19206
4.2867299999999995
4.383299999999999
4.48055
