Vgs range: 0,8,0.1
Vds range: 0,8,0.5

Vgs: 0.0
-0.000212613
-0.000209314
-0.000210321
-0.000209513
-0.000212559
-0.000207063
-0.00021223299999999999
-0.000211332
-0.000209951
-0.000210598
-0.000215822
-0.00023841900000000002
-0.00024308799999999997
-0.000256854
-0.000269039
-0.000276945
-0.000294218
-0.00030954
-0.000336596
-0.000364519
-0.00039811699999999997
-0.00044189100000000003
-0.0004987290000000001
-0.000561491
-0.000639589
-0.000743403
-0.000893125
-0.00107901
-0.0012109500000000001
-0.00142287
-0.00172076
-0.00210323
-0.0025525
-0.0031355700000000003
-0.003929490000000001
-0.00502882
-0.00626365
-0.008065010000000001
-0.00995677
-0.0128029
-0.014590700000000002
-0.0167598
-0.0193675
-0.022424799999999998
-0.0250333
-0.0276033
-0.0310364
-0.0340154
-0.0369887
-0.0404127
-0.0445509
-0.0473963
-0.0516495
-0.056027
-0.0593751
-0.0626036
-0.0660451
-0.0690472
-0.0732071
-0.0779564
-0.0823541
-0.0867648
-0.0914655
-0.0964821
-0.100944
-0.104301
-0.108307
-0.113498
-0.118671
-0.124803
-0.12917800000000002
-0.135108
-0.14044099999999998
-0.14494
-0.150639
-0.156724
-0.16309
-0.168817
-0.17402199999999998
-0.179518
-0.184945

Vgs: 0.5
0.0005995540000000001
0.000593359
0.000575985
0.000583335
0.000675462
0.0012956699999999999
0.0027087699999999997
0.0058353599999999995
0.0120474
0.018261899999999998
0.02731
0.037814900000000005
0.0489908
0.0605515
0.0721459
0.0837252
0.0947539
0.107725
0.116411
0.126956
0.13714
0.14713700000000002
0.155252
0.16638
0.175812
0.185169
0.194183
0.203263
0.211968
0.220146
0.228693
0.236786
0.244522
0.252228
0.259608
0.26644
0.273273
0.27952499999999997
0.285291
0.290152
0.294805
0.29836100000000004
0.30140100000000003
0.305448
0.307245
0.30986199999999997
0.311925
0.313846
0.31497699999999995
0.31664699999999996
0.317116
0.318218
0.320449
0.320442
0.32047899999999996
0.320236
0.319954
0.32057
0.32108800000000004
0.322016
0.32143299999999997
0.320684
0.31702400000000003
0.317213
0.316131
0.31506
0.313589
0.312478
0.30813599999999997
0.30485
0.303945
0.305001
0.300856
0.300139
0.298556
0.291267
0.286271
0.283163
0.282036
0.278903
0.276657

Vgs: 1.0
0.00603018
0.00586267
0.0022801099999999997
0.00147614
0.00132719
0.0017587100000000001
0.0033029799999999996
0.00656155
0.0128574
0.0190629
0.0285066
0.0399921
0.0536299
0.0692854
0.0868962
0.109686
0.12660300000000002
0.14784
0.170747
0.19171100000000002
0.21329399999999998
0.234708
0.255329
0.27533
0.295298
0.31481400000000004
0.333889
0.35265799999999997
0.37071899999999997
0.38897
0.407207
0.424534
0.441633
0.458392
0.474935
0.49145600000000006
0.5074339999999999
0.523131
0.538215
0.5531130000000001
0.5680000000000001
0.582052
0.595782
0.608938
0.6211030000000001
0.631809
0.640908
0.649884
0.657701
0.664796
0.6718419999999999
0.67787
0.683927
0.690476
0.6956749999999999
0.702608
0.708334
0.711256
0.712395
0.7156009999999999
0.7173080000000001
0.72072
0.721085
0.718799
0.723206
0.725147
0.728785
0.733988
0.737433
0.736952
0.736352
0.7324620000000001
0.734324
0.732611
0.736995
0.738054
0.739315
0.740788
0.740008
0.7362719999999999
0.734918

Vgs: 1.5
0.0277733
0.0277656
0.023805
0.0168696
0.0125413
0.00889883
0.0079087
0.00908577
0.014245599999999999
0.020289099999999997
0.0296951
0.0413952
0.054754699999999996
0.0706292
0.0884115
0.112025
0.129725
0.152614
0.178042
0.20480199999999998
0.233683
0.263107
0.29409599999999997
0.324176
0.355738
0.385951
0.415716
0.444201
0.474145
0.502892
0.530921
0.558495
0.5857450000000001
0.612414
0.638389
0.663909
0.689573
0.7144579999999999
0.7388359999999999
0.762734
0.786733
0.809207
0.83265
0.854701
0.8767109999999999
0.898376
0.917986
0.9383100000000001
0.9565370000000001
0.973619
0.987164
1.00399
1.01454
1.0254400000000001
1.0363
1.0448899999999999
1.05639
1.06725
1.0748000000000002
1.0828
1.0910900000000001
1.0962100000000001
1.1037
1.11361
1.1158400000000002
1.12615
1.1344
1.1409799999999999
1.14013
1.14962
1.15319
1.16103
1.1711099999999999
1.177
1.1717
1.17493
1.18181
1.1834
1.18857
1.1798600000000001
1.18344

Vgs: 2.0
0.061280900000000006
0.061220699999999996
0.0614953
0.0555111
0.0508527
0.0475116
0.0448386
0.0429067
0.0419607
0.0424992
0.044968600000000004
0.0503698
0.0597453
0.073745
0.09033340000000001
0.11410500000000001
0.13166799999999998
0.15507100000000001
0.18070599999999998
0.207185
0.236679
0.267195
0.30038200000000004
0.332273
0.367477
0.40488999999999997
0.440712
0.481931
0.520104
0.559769
0.599063
0.637354
0.675103
0.7119420000000001
0.7473510000000001
0.783625
0.819862
0.854404
0.8880579999999999
0.922278
0.954929
0.9883629999999999
1.02698
1.05267
1.08322
1.11414
1.1436
1.17324
1.2018199999999999
1.23074
1.25793
1.28455
1.30948
1.33172
1.35218
1.36873
1.38507
1.4036899999999999
1.4177300000000002
1.43541
1.45019
1.46377
1.4764000000000002
1.48973
1.50097
1.51102
1.52266
1.54092
1.54735
1.5547
1.55668
1.56787
1.5750300000000002
1.58369
1.59801
1.61139
1.6155
1.62415
1.62482
1.64252
1.64733

Vgs: 2.5
0.12623800000000002
0.126219
0.125943
0.12582000000000002
0.12085499999999999
0.118265
0.116294
0.11475400000000001
0.11354
0.11301
0.113192
0.114188
0.11614
0.119263
0.124986
0.13303600000000002
0.144825
0.16197
0.184353
0.210266
0.239938
0.26998099999999997
0.302723
0.336044
0.371236
0.409032
0.448496
0.488278
0.529401
0.5726009999999999
0.616688
0.662832
0.703731
0.755107
0.801291
0.84836
0.895946
0.939944
0.984015
1.03792
1.07254
1.1149300000000002
1.15872
1.19838
1.2393
1.28173
1.31852
1.35829
1.39626
1.43455
1.47143
1.5079099999999999
1.54412
1.57938
1.61456
1.64437
1.6800199999999998
1.71394
1.74436
1.77333
1.79822
1.82019
1.8415899999999998
1.86202
1.87633
1.89708
1.91382
1.93602
1.95083
1.9637
1.9793800000000001
1.9882
2.00154
2.0084299999999997
2.02682
2.03367
2.03993
2.05137
2.06141
2.0726299999999998
2.0754699999999997

Vgs: 3.0
0.22541999999999998
0.22541999999999998
0.225407
0.225482
0.224643
0.222193
0.22137900000000002
0.220588
0.219838
0.219523
0.219724
0.220499
0.22160100000000002
0.223604
0.226163
0.229601
0.23405900000000002
0.23979799999999998
0.247217
0.256596
0.269587
0.28729299999999997
0.311071
0.341002
0.37545999999999996
0.412757
0.451799
0.49311600000000005
0.53376
0.576982
0.62341
0.669717
0.717868
0.765436
0.8149970000000001
0.867211
0.919621
0.973187
1.0387300000000002
1.0807900000000001
1.13519
1.18769
1.2419900000000001
1.29342
1.34346
1.39424
1.4428100000000001
1.4919600000000002
1.5394199999999998
1.58745
1.63475
1.68026
1.72519
1.76942
1.8141399999999999
1.85237
1.89873
1.9408100000000001
1.98079
2.02097
2.0597
2.09765
2.1349400000000003
2.16875
2.20075
2.2256400000000003
2.25317
2.27838
2.30479
2.327
2.3481
2.36434
2.3819399999999997
2.40946
2.42677
2.44716
2.46202
2.47826
2.4980100000000003
2.51182
2.5223899999999997

Vgs: 3.5
0.36023
0.359992
0.360497
0.36083699999999996
0.360457
0.360368
0.35928499999999997
0.359352
0.359445
0.360004
0.360689
0.361434
0.362763
0.364306
0.366859
0.369553
0.37292899999999995
0.376606
0.38125000000000003
0.386374
0.392739
0.400354
0.40957899999999997
0.420254
0.433544
0.451351
0.47404100000000005
0.502311
0.539904
0.581945
0.627418
0.673884
0.721853
0.770907
0.8213889999999999
0.875533
0.9289609999999999
0.98236
1.05028
1.0957899999999998
1.15609
1.21387
1.27391
1.33552
1.39802
1.4578
1.5146199999999999
1.57469
1.63291
1.68952
1.74629
1.80198
1.85851
1.9117
1.96584
2.01879
2.0700800000000004
2.1226000000000003
2.1736199999999997
2.2240599999999997
2.27363
2.31922
2.3685799999999997
2.4139
2.4595599999999997
2.50574
2.54634
2.58784
2.62771
2.66579
2.7002900000000003
2.7326
2.76011
2.78972
2.8174099999999997
2.83872
2.86171
2.8839799999999998
2.90115
2.92264
2.9395100000000003

Vgs: 4.0
0.527426
0.527146
0.526891
0.527618
0.526972
0.527215
0.527778
0.528664
0.5293869999999999
0.529933
0.531332
0.53257
0.533914
0.536317
0.53817
0.541839
0.544981
0.548678
0.552037
0.556881
0.561526
0.5668920000000001
0.5735309999999999
0.580452
0.5879700000000001
0.59687
0.6069559999999999
0.618782
0.632269
0.649073
0.670512
0.697681
0.734178
0.777949
0.827955
0.879547
0.932978
0.988514
1.05674
1.10271
1.16238
1.22194
1.2835800000000002
1.34779
1.4092799999999999
1.47429
1.5389
1.60612
1.67165
1.73977
1.8065200000000001
1.87122
1.93727
2.00339
2.0676599999999996
2.1303
2.19111
2.2532099999999997
2.3125899999999997
2.3642
2.43221
2.48773
2.54641
2.60078
2.65633
2.71192
2.76399
2.8154299999999997
2.86591
2.91731
2.96635
3.0126
3.05801
3.10111
3.14316
3.17782
3.2123500000000003
3.2455700000000003
3.27663
3.30656
3.32869

Vgs: 4.5
0.717643
0.717966
0.718751
0.718442
0.7176
0.718403
0.7187530000000001
0.719316
0.721955
0.723457
0.72561
0.72645
0.7290899999999999
0.7324890000000001
0.735264
0.7381449999999999
0.741257
0.745654
0.7505580000000001
0.754256
0.7588739999999999
0.764196
0.7694890000000001
0.775412
0.7820499999999999
0.789292
0.79681
0.805444
0.81477
0.825284
0.836956
0.8501340000000001
0.8650749999999999
0.882006
0.902762
0.928688
0.961253
1.01282
1.0534299999999999
1.10914
1.16852
1.22799
1.28987
1.3543699999999999
1.4172099999999999
1.4842
1.54882
1.61645
1.68489
1.76907
1.8264
1.89674
1.9717100000000003
2.04073
2.1143
2.18663
2.2573
2.32949
2.3993399999999996
2.46903
2.53735
2.60487
2.6715799999999996
2.7385099999999998
2.80205
2.86661
2.9284499999999998
2.99095
3.0509399999999998
3.11201
3.1690199999999997
3.22756
3.28498
3.34162
3.3928399999999996
3.44628
3.49552
3.54399
3.58944
3.63089
3.6687600000000002

Vgs: 5.0
0.947048
0.946664
0.947171
0.947051
0.947234
0.946336
0.94642
0.948299
0.951021
0.953669
0.955821
0.9586129999999999
0.959896
0.9636399999999999
0.967597
0.970698
0.974405
0.9779739999999999
0.982244
0.987885
0.991205
0.9968480000000001
1.00386
1.00895
1.01466
1.0215
1.02802
1.0355500000000002
1.0431
1.0510300000000001
1.06023
1.07015
1.08056
1.09198
1.10424
1.1184299999999998
1.13337
1.1511200000000001
1.17038
1.19469
1.2224
1.2581300000000002
1.3055
1.3625200000000002
1.42468
1.4906400000000002
1.556
1.6247
1.6921499999999998
1.76349
1.83616
1.90607
1.9781299999999997
2.0537
2.1293599999999997
2.2059699999999998
2.284
2.3616800000000002
2.4376200000000003
2.51715
2.59298
2.67076
2.74755
2.8227
2.89955
2.97098
3.04297
3.11774
3.18457
3.25539
3.32343
3.38295
3.45691
3.52295
3.5875
3.6509300000000002
3.71195
3.77283
3.83101
3.8881900000000003
3.94057

Vgs: 5.5
1.1974799999999999
1.19798
1.19855
1.19679
1.19681
1.1972
1.19728
1.1979499999999998
1.1985299999999999
1.2030999999999998
1.2064899999999998
1.20909
1.2136099999999999
1.21605
1.22069
1.22366
1.2281099999999998
1.23296
1.2374
1.2425400000000002
1.24784
1.25268
1.25817
1.26428
1.2701
1.27617
1.28311
1.28988
1.29706
1.30447
1.3126399999999998
1.32212
1.33059
1.34087
1.3506900000000002
1.3614199999999999
1.3725
1.38537
1.39927
1.4135
1.4295499999999999
1.4471
1.46694
1.48958
1.51644
1.5477500000000002
1.58787
1.6416600000000001
1.70403
1.7707199999999998
1.84095
1.91331
1.9882300000000002
2.0621099999999997
2.13829
2.21454
2.29178
2.3710799999999996
2.45275
2.53213
2.61647
2.69349
2.7773
2.8608599999999997
2.94448
3.02594
3.1060100000000004
3.1886699999999997
3.26873
3.34743
3.4258
3.50344
3.5789
3.6531200000000004
3.72749
3.80142
3.87121
3.9418200000000003
4.01171
4.0796
4.14412

Vgs: 6.0
1.4710299999999998
1.47086
1.4711699999999999
1.47134
1.4707
1.46995
1.4700900000000001
1.46998
1.46928
1.47321
1.47662
1.47966
1.48323
1.48875
1.4939
1.49789
1.50174
1.50891
1.51322
1.51611
1.5206
1.52484
1.5315
1.53732
1.5437999999999998
1.5501200000000002
1.55679
1.5635000000000001
1.57017
1.5775400000000002
1.58648
1.59515
1.60242
1.6112900000000001
1.62141
1.63109
1.6420899999999998
1.6530399999999998
1.66408
1.6758199999999999
1.6889699999999999
1.70281
1.71774
1.73347
1.75062
1.76892
1.78939
1.8127
1.83859
1.86897
1.90529
1.9504299999999999
2.00868
2.07417
2.1485800000000004
2.22446
2.3002700000000003
2.38122
2.4517100000000003
2.54118
2.62396
2.7047999999999996
2.79043
2.87465
2.9594500000000004
3.04697
3.13146
3.22315
3.30755
3.39353
3.47983
3.5654
3.65191
3.73641
3.81928
3.90083
3.98083
4.06222
4.14264
4.21927
4.29495

Vgs: 6.5
1.77907
1.78037
1.7791000000000001
1.77863
1.77738
1.77693
1.77685
1.77779
1.7771
1.77575
1.7803300000000002
1.78405
1.7877399999999999
1.79125
1.79565
1.79977
1.8064699999999998
1.8114299999999999
1.81718
1.82076
1.82687
1.83228
1.83918
1.84513
1.85078
1.85777
1.86499
1.87108
1.87871
1.8851600000000002
1.89288
1.90041
1.90879
1.91706
1.9261300000000001
1.93526
1.94391
1.9552800000000001
1.96532
1.9753100000000001
1.98732
1.99927
2.01188
2.0252
2.03919
2.05347
2.06849
2.08499
2.1028000000000002
2.1218500000000002
2.1426499999999997
2.16483
2.1905599999999996
2.21922
2.2521
2.2920499999999997
2.34142
2.4016100000000002
2.47496
2.55168
2.63258
2.71498
2.7993900000000003
2.88381
2.9716899999999997
3.05778
3.1444300000000003
3.23572
3.32123
3.4097
3.50062
3.5893800000000002
3.6823200000000003
3.77121
3.8628899999999997
3.95283
4.04416
4.13264
4.22014
4.307799999999999
4.39234

Vgs: 7.0
2.09981
2.10004
2.10061
2.1019699999999997
2.10178
2.10258
2.10195
2.10014
2.09924
2.10021
2.10086
2.10743
2.11139
2.11632
2.12133
2.12607
2.13215
2.1365999999999996
2.14216
2.1479
2.15431
2.15995
2.1670700000000003
2.17148
2.17669
2.1822500000000002
2.1908499999999997
2.1979
2.2044099999999998
2.21109
2.21812
2.22759
2.23483
2.24359
2.2522100000000003
2.25888
2.2696
2.2778899999999997
2.2891600000000003
2.29898
2.30831
2.31978
2.33073
2.34216
2.35465
2.3674299999999997
2.3811999999999998
2.39486
2.40952
2.4251199999999997
2.44092
2.45782
2.47635
2.49571
2.5172
2.5394200000000002
2.56446
2.59294
2.6239000000000003
2.66034
2.7042699999999997
2.75612
2.8260899999999998
2.89853
2.98161
3.06796
3.1541
3.2436499999999997
3.3324499999999997
3.42247
3.51337
3.60643
3.6955999999999998
3.78679
3.88008
3.9742400000000004
4.06642
4.16057
4.25471
4.3517
4.445519999999999

Vgs: 7.5
2.44028
2.43884
2.43823
2.43888
2.43992
2.4410600000000002
2.44102
2.4405099999999997
2.43777
2.43788
2.43679
2.43832
2.44712
2.45194
2.4583399999999997
2.46444
2.4708400000000004
2.47676
2.48061
2.4879
2.49372
2.50026
2.5069100000000004
2.5122500000000003
2.51972
2.52478
2.53326
2.54009
2.5489900000000003
2.55687
2.56476
2.5727200000000003
2.58127
2.58868
2.59755
2.6069
2.61542
2.62507
2.63548
2.64553
2.65579
2.66621
2.67759
2.68773
2.7000800000000003
2.71387
2.7254300000000002
2.73694
2.75192
2.76672
2.7806699999999998
2.7952
2.8109900000000003
2.82688
2.84423
2.86267
2.8817399999999997
2.90135
2.92287
2.9452800000000003
2.9696800000000003
2.99662
3.02583
3.0592699999999997
3.0977
3.14403
3.20064
3.26672
3.34513
3.43426
3.52401
3.61288
3.70641
3.79826
3.89341
3.98994
4.078939999999999
4.1744900000000005
4.269550000000001
4.37896
4.46259

Vgs: 8.0
2.8455199999999996
2.8474500000000003
2.84944
2.84992
2.8495600000000003
2.85089
2.85191
2.8495500000000002
2.84996
2.84466
2.84433
2.8493199999999996
2.85059
2.8592999999999997
2.86768
2.8725899999999998
2.87814
2.8855500000000003
2.8931899999999997
2.90092
2.9083799999999997
2.91412
2.92027
2.92751
2.9355100000000003
2.94231
2.9502
2.96014
2.9674300000000002
2.9754199999999997
2.98483
2.99181
3.0007200000000003
3.00904
3.01646
3.0252999999999997
3.03431
3.04414
3.0545199999999997
3.0631399999999998
3.07299
3.08344
3.0938
3.10429
3.11714
3.1284099999999997
3.14134
3.15327
3.16447
3.17638
3.1783699999999997
3.17942
3.17899
3.17949
3.17869
3.17856
3.22144
3.28939
3.30773
3.32545
3.3433
3.36219
3.38216
3.40346
3.42746
3.4510199999999998
3.47865
3.50935
3.54106
3.58039
3.6284300000000003
3.6841999999999997
3.75144
3.82663
3.91074
3.9920299999999997
4.09563
4.18691
4.28127
4.38173
4.47543
