Vgs range: 0,8,0.1
Vds range: 0,8,0.5

Vgs: 0.0
-0.00021274100000000002
-0.00021068999999999998
-0.000214869
-0.000214615
-0.000215785
-0.00021573599999999998
-0.00022037899999999999
-0.00021946999999999998
-0.00022644400000000002
-0.00023726
-0.000248336
-0.000262495
-0.000271643
-0.00029230500000000003
-0.0003106
-0.000334419
-0.00036641099999999997
-0.000398778
-0.000449324
-0.0005117320000000001
-0.000585708
-0.000691435
-0.000768748
-0.0008833550000000001
-0.00106537
-0.00120466
-0.00147189
-0.0017722900000000001
-0.0021335200000000003
-0.00259751
-0.00317495
-0.00400514
-0.0051118
-0.00646507
-0.00831695
-0.010298900000000001
-0.012822
-0.0152913
-0.0182936
-0.0214875
-0.0240919
-0.027203699999999997
-0.0303686
-0.0343105
-0.0385446
-0.04192
-0.0440692
-0.0476122
-0.0511128
-0.0540066
-0.058516700000000005
-0.0637037
-0.0677545
-0.0728083
-0.077628
-0.0813403
-0.0870403
-0.09031159999999999
-0.0956896
-0.0990047
-0.103507
-0.10789800000000001
-0.11264199999999999
-0.116037
-0.117987
-0.120918
-0.125162
-0.129283
-0.135558
-0.14119600000000002
-0.14487699999999998
-0.148022
-0.152754
-0.159895
-0.165444
-0.170811
-0.174917
-0.180465
-0.18817899999999999
-0.19297899999999998
-0.198998

Vgs: 0.5
0.000617429
0.000607256
0.000578151
0.0005854889999999999
0.000677436
0.0012943499999999999
0.00267741
0.00584191
0.012030599999999999
0.018438299999999998
0.0271016
0.0375234
0.0486847
0.0604679
0.0719561
0.0838531
0.0946247
0.107737
0.116416
0.126764
0.137198
0.14691300000000002
0.156887
0.16645000000000001
0.17582399999999998
0.185189
0.194203
0.203209
0.211776
0.22024
0.22882999999999998
0.23686200000000002
0.244454
0.25203600000000004
0.259481
0.26681900000000003
0.273571
0.279888
0.285374
0.29035500000000003
0.294357
0.298218
0.301247
0.304035
0.30662300000000003
0.309559
0.31121000000000004
0.312819
0.315317
0.316068
0.31693699999999997
0.31683599999999995
0.316608
0.317183
0.31868599999999997
0.318074
0.317686
0.320542
0.318378
0.317666
0.316621
0.311933
0.30905499999999997
0.305424
0.30419300000000005
0.302064
0.300394
0.297937
0.29926600000000003
0.294633
0.29293
0.29245699999999997
0.285199
0.284784
0.28070599999999996
0.276484
0.272907
0.269312
0.265944
0.264029
0.258095

Vgs: 1.0
0.007703220000000001
0.00759708
0.00328693
0.00191798
0.00144342
0.00177337
0.00327708
0.00642107
0.0128435
0.019232000000000003
0.028433200000000002
0.040137900000000004
0.053508599999999996
0.0690964
0.0864355
0.109698
0.12651700000000002
0.147989
0.16982999999999998
0.19167800000000002
0.213084
0.234654
0.255376
0.275
0.295175
0.315269
0.33379200000000003
0.352995
0.371156
0.37462599999999996
0.37466700000000003
0.374668
0.374669
0.374669
0.374682
0.374683
0.431859
0.5165970000000001
0.5376200000000001
0.552705
0.567273
0.5810029999999999
0.5944929999999999
0.607732
0.619123
0.629359
0.638668
0.646837
0.652722
0.6583910000000001
0.6647470000000001
0.671887
0.676507
0.681573
0.688453
0.692743
0.6950500000000001
0.698627
0.701762
0.702581
0.7053269999999999
0.707322
0.7093769999999999
0.713238
0.716147
0.715219
0.719013
0.719518
0.721573
0.721422
0.725321
0.724757
0.721802
0.723827
0.722611
0.725441
0.728563
0.7239180000000001
0.723019
0.721719
0.721592

Vgs: 1.5
0.0304716
0.0304814
0.0271667
0.019712999999999998
0.0151666
0.0116805
0.009708439999999999
0.0107951
0.0139973
0.0205541
0.0297189
0.041415
0.054818399999999996
0.0707326
0.0881967
0.11203099999999999
0.12965700000000002
0.152753
0.178028
0.204713
0.23332299999999997
0.263145
0.293806
0.32405
0.35515800000000003
0.382048
0.41586
0.445869
0.474185
0.50351
0.532221
0.5594680000000001
0.586393
0.612724
0.638406
0.664946
0.690283
0.714918
0.7389830000000001
0.763702
0.787922
0.810402
0.8336319999999999
0.8555900000000001
0.8734599999999999
0.898408
0.919208
0.939448
0.958396
0.9770490000000001
0.99398
1.01409
1.02548
1.03825
1.05115
1.06304
1.07243
1.08045
1.0901699999999999
1.0992300000000002
1.10734
1.11521
1.12297
1.1298000000000001
1.13579
1.14233
1.1467
1.15391
1.15759
1.15981
1.16056
1.1631600000000002
1.1710399999999999
1.17184
1.17279
1.17703
1.1785
1.17689
1.17702
1.18411
1.18875

Vgs: 2.0
0.06614439999999999
0.0661191
0.0660448
0.0605897
0.0559232
0.0524233
0.049645999999999996
0.047506400000000004
0.0464923
0.0467558
0.0487368
0.053793099999999996
0.0623231
0.0749799
0.0910064
0.114162
0.132084
0.155265
0.180697
0.207271
0.236592
0.26748
0.299424
0.332387
0.36790100000000003
0.40505
0.442959
0.48130599999999996
0.520474
0.56018
0.5986130000000001
0.637576
0.674473
0.681821
0.681882
0.681948
0.681923
0.681952
0.6819649999999999
0.798659
0.952624
0.9879439999999999
1.02787
1.05196
1.08434
1.11594
1.14476
1.17462
1.2032
1.2320499999999999
1.2606600000000001
1.28589
1.31226
1.33814
1.36107
1.38327
1.4016199999999999
1.4191799999999999
1.43409
1.44945
1.46132
1.47146
1.48656
1.49792
1.50834
1.5203499999999999
1.5288000000000002
1.5394199999999998
1.54965
1.55471
1.56972
1.57758
1.58301
1.59297
1.59851
1.60623
1.6094600000000001
1.6170200000000001
1.62114
1.6260599999999998
1.63331

Vgs: 2.5
0.133103
0.13320300000000002
0.13303199999999998
0.133101
0.12834700000000002
0.125811
0.123719
0.122014
0.120945
0.12036699999999999
0.120408
0.121287
0.12311000000000001
0.126243
0.131123
0.13866900000000001
0.149678
0.16555199999999998
0.186943
0.2115
0.24011400000000002
0.270241
0.30249699999999996
0.335795
0.371367
0.409326
0.44879199999999997
0.488202
0.529555
0.57234
0.610313
0.662819
0.7090799999999999
0.755232
0.802135
0.848923
0.89556
0.940663
0.984562
1.03895
1.0736400000000001
1.11656
1.1583800000000002
1.19988
1.2413299999999998
1.28078
1.3214
1.35941
1.39682
1.43583
1.47221
1.5084600000000001
1.54451
1.5793000000000001
1.61366
1.6465500000000002
1.67819
1.70759
1.73539
1.7598500000000001
1.78193
1.8024099999999998
1.82292
1.8431199999999999
1.8684800000000001
1.88747
1.89948
1.91491
1.93195
1.9460600000000001
1.96074
1.9700299999999997
1.98943
2.00902
2.01874
2.0300000000000002
2.04557
2.05332
2.06565
2.07137
2.0801600000000002

Vgs: 3.0
0.23436600000000002
0.234329
0.234346
0.234176
0.23387000000000002
0.231645
0.230239
0.22923600000000002
0.228807
0.228572
0.22893300000000003
0.229701
0.230982
0.232806
0.235202
0.23850100000000002
0.2428
0.248164
0.25530600000000003
0.26438
0.27668099999999995
0.293709
0.316821
0.34426599999999996
0.377411
0.41378
0.453492
0.49240199999999995
0.534101
0.5773090000000001
0.623354
0.668652
0.716807
0.765185
0.81569
0.868262
0.920412
0.9738490000000001
1.0396699999999999
1.0831
1.13721
1.18929
1.24292
1.29382
1.34427
1.39605
1.4436200000000001
1.4939
1.5410599999999999
1.58925
1.6302999999999999
1.68123
1.72659
1.7711999999999999
1.81544
1.8590900000000001
1.90283
1.94359
1.9836300000000002
2.02454
2.06444
2.10123
2.1384
2.17344
2.20848
2.23718
2.26385
2.28619
2.30766
2.3260400000000003
2.34461
2.3701600000000003
2.38663
2.40214
2.41661
2.43597
2.44841
2.46938
2.4801599999999997
2.49189
2.5078

Vgs: 3.5
0.368811
0.369087
0.369024
0.36912799999999996
0.369211
0.368785
0.368342
0.368283
0.3685
0.36901
0.369966
0.37135999999999997
0.37244
0.374359
0.376664
0.37945999999999996
0.382592
0.38639799999999996
0.39085
0.39603
0.402122
0.40930300000000003
0.41788
0.428804
0.441316
0.459402
0.48063799999999995
0.509339
0.5432530000000001
0.583981
0.628993
0.6760130000000001
0.723719
0.7712319999999999
0.821581
0.8746459999999999
0.927339
0.975197
1.0509600000000001
1.09676
1.1547
1.21051
1.2744099999999998
1.33789
1.39652
1.4565400000000002
1.51619
1.5754199999999998
1.63306
1.69119
1.74821
1.80379
1.8592899999999999
1.91398
1.9684099999999998
2.02143
2.0715500000000002
2.12416
2.17707
2.2248300000000003
2.27498
2.32199
2.36887
2.41596
2.4602600000000003
2.50495
2.5456
2.5859
2.62219
2.6585300000000003
2.69118
2.72437
2.75027
2.77826
2.8031900000000003
2.82329
2.8391699999999997
2.8666
2.88673
2.91105
2.93711

Vgs: 4.0
0.535532
0.535392
0.5355759999999999
0.535777
0.535506
0.53541
0.5358350000000001
0.536681
0.537675
0.538878
0.540288
0.541834
0.54369
0.546106
0.548653
0.551519
0.554962
0.5584319999999999
0.562581
0.5668
0.571704
0.577411
0.5835490000000001
0.590301
0.597914
0.6069559999999999
0.6167619999999999
0.6284529999999999
0.6417849999999999
0.658573
0.679839
0.706417
0.740141
0.7819240000000001
0.825386
0.880082
0.933856
0.9889300000000001
1.05729
1.10411
1.16394
1.22252
1.2857299999999998
1.3467500000000001
1.41055
1.47621
1.5407000000000002
1.6072199999999999
1.6733500000000001
1.7436800000000001
1.80771
1.87592
1.93843
2.00264
2.06672
2.1308
2.1924200000000003
2.24783
2.31408
2.3731199999999997
2.4322
2.48887
2.54658
2.6027
2.6584299999999996
2.7117
2.76478
2.8167
2.86799
2.91886
2.96739
3.01283
3.05863
3.0979200000000002
3.1357199999999996
3.16741
3.19943
3.2389900000000003
3.26926
3.29523
3.32183

Vgs: 4.5
0.730573
0.73095
0.73089
0.7308
0.730666
0.7308049999999999
0.730861
0.732803
0.734453
0.736549
0.738524
0.7410869999999999
0.743436
0.745717
0.748956
0.752101
0.75561
0.7593679999999999
0.763722
0.768089
0.772818
0.777676
0.783345
0.78905
0.795792
0.802835
0.810798
0.818957
0.827932
0.8378730000000001
0.849356
0.862172
0.8767389999999999
0.89344
0.913192
0.938746
0.970277
1.01908
1.05765
1.1111
1.16945
1.22931
1.2934400000000001
1.35373
1.4181899999999998
1.48417
1.54922
1.61717
1.68673
1.75735
1.827
1.89828
1.97053
2.04312
2.11578
2.1885899999999996
2.25912
2.33124
2.40367
2.4717
2.53981
2.60668
2.67593
2.7391400000000004
2.80556
2.86867
2.93058
2.98606
3.05396
3.1152200000000003
3.17347
3.23163
3.28834
3.3441
3.39705
3.4505
3.49948
3.5492399999999997
3.59518
3.6398200000000003
3.6841500000000003

Vgs: 5.0
0.954654
0.9548519999999999
0.955496
0.95565
0.955672
0.956242
0.955784
0.9560010000000001
0.959679
0.962193
0.964652
0.967404
0.9703539999999999
0.9739180000000001
0.9772610000000002
0.981219
0.9856450000000001
0.989729
0.994071
0.9983430000000001
1.0055
1.0098799999999999
1.0153
1.02113
1.02735
1.03403
1.04104
1.0487
1.05627
1.06463
1.07402
1.0835700000000001
1.0939999999999999
1.1052499999999998
1.11761
1.13155
1.1469399999999998
1.16405
1.18354
1.20683
1.2362199999999999
1.2710899999999998
1.31567
1.36852
1.42776
1.49172
1.55789
1.62775
1.69504
1.7655800000000001
1.8368
1.90789
1.9825300000000001
2.05614
2.13255
2.20878
2.28494
2.36259
2.43995
2.5196300000000003
2.59935
2.67605
2.75003
2.82592
2.90163
2.97438
3.04579
3.12071
3.18815
3.2608200000000003
3.32925
3.3946699999999996
3.46067
3.52653
3.5842899999999998
3.65394
3.7160499999999996
3.77641
3.83498
3.89349
3.9509999999999996

Vgs: 5.5
1.2133999999999998
1.21305
1.2130100000000001
1.21284
1.21258
1.21281
1.21265
1.21318
1.2130100000000001
1.21815
1.22126
1.22516
1.22857
1.23216
1.23602
1.24012
1.24449
1.24931
1.25428
1.2590999999999999
1.26413
1.26953
1.2753700000000001
1.2812800000000002
1.2870100000000002
1.29372
1.30022
1.30699
1.31434
1.3222500000000001
1.3304799999999999
1.33965
1.34847
1.35805
1.36796
1.37861
1.3904500000000002
1.40269
1.41482
1.4303899999999998
1.44616
1.46385
1.48262
1.50499
1.53097
1.563
1.60199
1.65178
1.7096399999999998
1.7758500000000002
1.8457199999999998
1.9180300000000001
1.99528
2.06576
2.14256
2.21905
2.2968699999999997
2.3770000000000002
2.45649
2.5372500000000002
2.61808
2.7025
2.7823100000000003
2.86523
2.9480999999999997
3.03279
3.1125100000000003
3.19329
3.27312
3.35472
3.43066
3.5073000000000003
3.5841499999999997
3.65878
3.7340400000000002
3.80574
3.87626
3.94731
4.01539
4.0887400000000005
4.1636299999999995

Vgs: 6.0
1.49311
1.49289
1.49268
1.49319
1.49312
1.49358
1.49334
1.49281
1.49179
1.49325
1.49977
1.5028299999999999
1.5078699999999998
1.51204
1.51627
1.52047
1.52501
1.53045
1.53616
1.54129
1.5467899999999999
1.5523799999999999
1.55892
1.56444
1.57102
1.5759299999999998
1.58448
1.59133
1.5986
1.60596
1.61455
1.62199
1.63103
1.64001
1.64895
1.65892
1.66968
1.6801
1.69158
1.70357
1.714
1.72902
1.74313
1.75844
1.77477
1.79272
1.81193
1.8339299999999998
1.85863
1.8877
1.92377
1.96592
2.02017
2.08263
2.1567000000000003
2.22953
2.30641
2.38619
2.46633
2.5478300000000003
2.62942
2.71288
2.7978199999999998
2.8804
2.9659
3.05449
3.14125
3.22566
3.31231
3.40299
3.49132
3.57695
3.6626100000000004
3.74725
3.8313599999999997
3.9149400000000005
3.99402
4.07513
4.148490000000001
4.21587
4.30013

Vgs: 6.5
1.79606
1.79667
1.79605
1.79599
1.79592
1.7967899999999999
1.7959
1.79567
1.79614
1.79618
1.79886
1.80466
1.81016
1.81496
1.81906
1.82426
1.82993
1.8344500000000001
1.84051
1.84535
1.85155
1.85728
1.86404
1.87078
1.87717
1.88386
1.8912600000000002
1.89792
1.90544
1.91308
1.92088
1.92962
1.9381400000000002
1.94695
1.95626
1.96542
1.97511
1.98504
1.99585
2.00623
2.0179199999999997
2.02936
2.04166
2.05455
2.06813
2.0823199999999997
2.09713
2.11302
2.12989
2.14856
2.1683000000000003
2.1901
2.21434
2.24084
2.27262
2.30955
2.35689
2.41406
2.47759
2.55814
2.6389899999999997
2.72012
2.8050699999999997
2.88946
2.97665
3.0623899999999997
3.15154
3.24195
3.3256200000000002
3.41637
3.50746
3.5959
3.68734
3.77822
3.86983
3.9602099999999996
4.049600000000001
4.13962
4.22476
4.31322
4.3998

Vgs: 7.0
2.12814
2.1297
2.12926
2.12769
2.12914
2.1284799999999997
2.12919
2.12963
2.13055
2.1289
2.12941
2.13383
2.14003
2.14427
2.14976
2.15472
2.16171
2.16702
2.1727399999999997
2.1781499999999996
2.18511
2.19123
2.1974899999999997
2.20383
2.21017
2.21724
2.22447
2.23218
2.2388500000000002
2.24699
2.25541
2.26243
2.2721899999999997
2.2806900000000003
2.2888
2.29769
2.30733
2.3165400000000003
2.32658
2.33746
2.34776
2.35844
2.3694800000000003
2.3816800000000002
2.39355
2.40594
2.41858
2.43227
2.44612
2.46141
2.47691
2.49272
2.51061
2.52957
2.54923
2.5711399999999998
2.59391
2.62043
2.64899
2.68388
2.7241600000000004
2.78514
2.83574
2.9072400000000003
2.9875000000000003
3.0717600000000003
3.15907
3.24865
3.33676
3.42869
3.51775
3.60757
3.70049
3.79146
3.88701
3.9788699999999997
4.07215
4.16737
4.2641800000000005
4.355
4.448320000000001

Vgs: 7.5
2.48286
2.48355
2.4829000000000003
2.4832199999999998
2.48443
2.4850499999999998
2.48415
2.48415
2.48356
2.48435
2.4841300000000004
2.48582
2.49265
2.49812
2.5035600000000002
2.51154
2.51649
2.52171
2.5282500000000003
2.53365
2.54068
2.54687
2.55341
2.56032
2.5671
2.57463
2.5822000000000003
2.5891
2.5971800000000003
2.6044300000000002
2.61259
2.62132
2.6298
2.63914
2.64761
2.65702
2.66383
2.67622
2.6849399999999997
2.69591
2.70444
2.7128
2.72601
2.7372199999999998
2.74876
2.76057
2.77253
2.78499
2.79821
2.8111
2.82475
2.83759
2.8528
2.8687500000000004
2.8848900000000004
2.90186
2.91853
2.93777
2.95697
2.97979
3.00346
3.02687
3.05456
3.08599
3.12345
3.16527
3.21907
3.2824299999999997
3.35661
3.44143
3.5189000000000004
3.61948
3.7116
3.8073400000000004
3.898
3.9939700000000005
4.08897
4.18098
4.27487
4.37167
4.4676100000000005

Vgs: 8.0
2.85787
2.8564599999999998
2.85671
2.85536
2.8562000000000003
2.8543700000000003
2.85676
2.85629
2.85728
2.8563899999999998
2.85617
2.85579
2.85303
2.8622500000000004
2.8674299999999997
2.87552
2.88151
2.88718
2.89323
2.9012000000000002
2.9082
2.91545
2.92256
2.92878
2.93524
2.9439100000000002
2.95043
2.95809
2.9669499999999998
2.9745399999999997
2.9825899999999996
2.99055
2.99891
3.0074300000000003
3.01592
3.02582
3.03425
3.04375
3.0526400000000002
3.06241
3.07214
3.08311
3.09429
3.10438
3.1151
3.12691
3.13808
3.1500399999999997
3.16187
3.17501
3.18737
3.20081
3.21454
3.22802
3.24234
3.25773
3.27221
3.28853
3.30552
3.3228400000000002
3.3409199999999997
3.3596500000000002
3.38037
3.40119
3.42374
3.4484500000000002
3.4753000000000003
3.50483
3.53717
3.57581
3.61972
3.67484
3.74364
3.82429
3.91154
4.00066
4.094869999999999
4.19031
4.28444
4.38269
4.47978
