Vgs range: 0,8,0.5
Vds range: 0,8,0.1

Vgs: 0.0
-0.000207847
0.000179556
0.00030436099999999995
0.00039347599999999997
0.0004887759999999999
0.0006019430000000001
0.000761637
0.00107116
0.0018965800000000001
0.0037814100000000002
0.00691225
0.010971100000000001
0.015713400000000002
0.0208553
0.0263498
0.0320649
0.0380752
0.0443725
0.051533699999999995
0.059720499999999996
0.0688015
0.0790119
0.0907486
0.103604
0.11832000000000001
0.134402
0.151736
0.170651
0.190771
0.21229199999999998
0.235052
0.259453
0.28455
0.311323
0.34000600000000003
0.368914
0.399276
0.43106099999999997
0.465322
0.500159
0.536789
0.574201
0.611846
0.650654
0.690813
0.731868
0.775455
0.818868
0.8629939999999999
0.908412
0.956591
1.00617
1.0567
1.10696
1.15799
1.2116
1.26665
1.32229
1.37771
1.4332
1.4913299999999998
1.5504900000000001
1.6097100000000002
1.6727
1.73305
1.79867
1.86547
1.92997
1.9972800000000002
2.06445
2.13354
2.20481
2.27563
2.34655
2.41976
2.49311
2.5660600000000002
2.64012
2.7137
2.79197
2.86955

Vgs: 0.5
-0.00025570899999999996
0.0060761899999999995
0.00709963
0.005434270000000001
0.00375425
0.00259383
0.0018834400000000001
0.00146116
0.0012648
0.0017250499999999999
0.0019128499999999998
0.00211208
0.00250153
0.00355312
0.005907679999999999
0.009792750000000001
0.015087099999999999
0.0216656
0.0295728
0.038764299999999995
0.049179
0.0607553
0.0736342
0.08811039999999999
0.10399800000000001
0.12096699999999999
0.139728
0.159761
0.181061
0.203551
0.226981
0.25190199999999996
0.27912
0.306012
0.335802
0.364744
0.395975
0.429099
0.46233500000000005
0.49739900000000004
0.533643
0.570559
0.609224
0.649015
0.689765
0.730868
0.774306
0.818109
0.863585
0.909932
0.957297
1.0060799999999999
1.05605
1.1062100000000001
1.1592200000000001
1.2130400000000001
1.26642
1.3218699999999999
1.37713
1.43348
1.49162
1.5517599999999998
1.61355
1.67509
1.7378300000000002
1.8017
1.86558
1.9318499999999998
1.9978
2.06558
2.13254
2.20417
2.27277
2.3437200000000002
2.41519
2.48483
2.5616499999999998
2.63528
2.71245
2.7889299999999997
2.86537

Vgs: 1.0
-0.000234852
0.010900700000000001
0.0190204
0.0244423
0.0275503
0.0289531
0.029474800000000002
0.0297411
0.0299703
0.0301896
0.0304057
0.0306317
0.030859499999999998
0.0311084
0.031372399999999995
0.0316665
0.032045699999999996
0.0328325
0.034893099999999996
0.0394419
0.0469059
0.056892
0.06911039999999999
0.0831121
0.0989167
0.116186
0.134951
0.15520599999999998
0.176766
0.199927
0.224283
0.249838
0.276752
0.304928
0.334387
0.36489699999999997
0.39716799999999997
0.43060899999999996
0.464441
0.500538
0.537274
0.575032
0.614087
0.654104
0.695862
0.738188
0.781675
0.8265199999999999
0.871789
0.918751
0.967217
1.0171
1.06655
1.11784
1.17029
1.22477
1.27937
1.33395
1.38996
1.44662
1.50546
1.56584
1.6266500000000002
1.68792
1.74968
1.81303
1.8774
1.94181
2.00637
2.07422
2.14135
2.2107300000000003
2.28023
2.3499800000000004
2.4223600000000003
2.4957
2.56907
2.6441
2.71957
2.7965199999999997
2.87388

Vgs: 1.5
-0.000314875
0.022341299999999998
0.0421493
0.0592577
0.073757
0.0856209
0.0948815
0.10161200000000001
0.106031
0.10853600000000001
0.109766
0.11041
0.110872
0.111304
0.111698
0.112105
0.112514
0.112909
0.11332600000000001
0.113768
0.114273
0.1149
0.11615700000000001
0.11937199999999999
0.12625399999999998
0.137367
0.15214499999999997
0.169625
0.189433
0.21120899999999998
0.234726
0.260015
0.286391
0.314519
0.343969
0.3749
0.406159
0.440127
0.474059
0.5099
0.546934
0.584939
0.624815
0.6644329999999999
0.70688
0.749902
0.79424
0.839963
0.88576
0.932991
0.982331
1.0331299999999999
1.08355
1.13679
1.1885999999999999
1.24048
1.29786
1.3519700000000001
1.40785
1.46613
1.52482
1.58279
1.6464400000000001
1.7076
1.76839
1.83303
1.89718
1.9623700000000002
2.0285699999999998
2.09853
2.1654
2.2341800000000003
2.305
2.37663
2.4489099999999997
2.52209
2.59733
2.6722799999999998
2.74803
2.8261800000000004
2.90367

Vgs: 2.0
-0.000463238
0.0324304
0.0627115
0.0905354
0.11599000000000001
0.13900800000000002
0.159582
0.1777
0.19333499999999998
0.20649599999999999
0.217153
0.225393
0.231331
0.23521999999999998
0.23753000000000002
0.23879199999999998
0.239665
0.240369
0.240993
0.24162
0.242209
0.24280800000000002
0.243386
0.243983
0.244587
0.24522
0.24605
0.247645
0.251863
0.260802
0.27512800000000004
0.294025
0.316144
0.341165
0.368294
0.397626
0.428365
0.460809
0.49484599999999995
0.530126
0.566945
0.605032
0.644354
0.684649
0.72687
0.768516
0.8122039999999999
0.857006
0.904207
0.951786
1.00139
1.05133
1.10227
1.15434
1.2074799999999999
1.26171
1.31606
1.37229
1.4300199999999998
1.4884600000000001
1.5480800000000001
1.60815
1.6685599999999998
1.7310100000000002
1.79415
1.8586
1.9223599999999998
1.9886700000000002
2.05458
2.12294
2.19252
2.26428
2.33524
2.4064400000000004
2.47865
2.55303
2.62847
2.7050899999999998
2.78137
2.85638
2.93562

Vgs: 2.5
-0.00106118
0.041156099999999994
0.0809405
0.118441
0.153762
0.186878
0.217766
0.246396
0.272755
0.296808
0.318532
0.337905
0.35493800000000003
0.369587
0.381834
0.39175499999999996
0.399384
0.40489299999999995
0.408569
0.410864
0.412312
0.413378
0.414338
0.415194
0.41604
0.416823
0.417601
0.418374
0.419153
0.419991
0.42087199999999997
0.42200400000000005
0.42402599999999996
0.429006
0.439734
0.45705
0.479594
0.506196
0.535798
0.568163
0.602397
0.6387050000000001
0.676489
0.715825
0.756687
0.799228
0.8429019999999999
0.887667
0.933656
0.9810719999999999
1.0307300000000001
1.0806
1.1315400000000002
1.18374
1.23733
1.2912
1.3455400000000002
1.40197
1.4598600000000002
1.5188000000000001
1.57743
1.6385
1.70002
1.76239
1.82581
1.89006
1.9550100000000001
2.02131
2.08879
2.15803
2.22923
2.29821
2.36903
2.4422200000000003
2.5146
2.5889200000000003
2.66295
2.7392100000000004
2.8163300000000002
2.89418
2.9703

Vgs: 3.0
-0.00300368
0.047914599999999995
0.09655649999999999
0.143132
0.187554
0.229958
0.270265
0.308449
0.34453700000000004
0.37850500000000004
0.410283
0.439943
0.467402
0.49269199999999996
0.5157039999999999
0.536499
0.5550280000000001
0.571235
0.585159
0.59677
0.606139
0.61331
0.6185849999999999
0.622176
0.6245489999999999
0.626184
0.6274959999999999
0.628665
0.629763
0.630796
0.631772
0.6327470000000001
0.633694
0.634641
0.635631
0.636738
0.638078
0.640452
0.646368
0.6588959999999999
0.6787
0.7048300000000001
0.7354510000000001
0.769555
0.806782
0.846056
0.88719
0.930054
0.975066
1.02194
1.0698699999999999
1.11877
1.16955
1.2207999999999999
1.27385
1.32779
1.38256
1.43895
1.49601
1.55455
1.61441
1.6750999999999998
1.7368999999999999
1.79965
1.8629600000000002
1.9275099999999998
1.9933899999999998
2.0596799999999997
2.12743
2.1956100000000003
2.26497
2.33495
2.40653
2.4789299999999996
2.5526400000000002
2.6262
2.70134
2.7761
2.85304
2.93053
3.00973

Vgs: 3.5
-0.008285520000000001
0.0505129
0.107733
0.162821
0.216178
0.267528
0.316849
0.36408799999999997
0.409414
0.45272599999999996
0.4939430000000001
0.533064
0.570169
0.605238
0.638203
0.669064
0.697844
0.724514
0.748982
0.77125
0.7913
0.809038
0.824758
0.838097
0.849325
0.858325
0.865338
0.870422
0.873977
0.8764460000000001
0.878285
0.8798159999999999
0.881247
0.882612
0.883845
0.88502
0.8861439999999999
0.887228
0.8883810000000001
0.889563
0.8908469999999999
0.892555
0.895467
0.902289
0.916521
0.9388890000000001
0.9681759999999999
1.00358
1.04183
1.08295
1.12654
1.17228
1.22031
1.2693800000000002
1.32032
1.3728
1.4265
1.4820499999999999
1.53804
1.59622
1.65455
1.7146100000000002
1.7757999999999998
1.83779
1.9012600000000002
1.96555
2.03127
2.0984100000000003
2.1653000000000002
2.23289
2.30223
2.37141
2.4420800000000003
2.5139
2.58657
2.6606099999999997
2.73384
2.80908
2.88511
2.96259
3.03967

Vgs: 4.0
-0.0181235
0.048358200000000004
0.11269699999999999
0.175317
0.23693
0.297058
0.355049
0.411347
0.465663
0.518016
0.568422
0.616857
0.663243
0.707694
0.749983
0.7903800000000001
0.828754
0.865113
0.899442
0.931674
0.961909
0.989733
1.01687
1.04067
1.0624600000000002
1.08203
1.0994799999999998
1.1146
1.1275600000000001
1.13842
1.14717
1.1539300000000001
1.15894
1.16255
1.16512
1.16719
1.16896
1.17056
1.1720599999999999
1.17344
1.17479
1.17611
1.17735
1.17864
1.17998
1.18145
1.18333
1.18662
1.19418
1.20987
1.2346
1.26658
1.30426
1.34633
1.39145
1.4394
1.48915
1.54117
1.59524
1.65101
1.70773
1.76625
1.8262099999999999
1.88756
1.94954
2.01288
2.07755
2.14331
2.20958
2.27773
2.34641
2.41631
2.48656
2.55773
2.6306900000000004
2.70479
2.77833
2.8532599999999997
2.92992
3.00683
3.0848199999999997

Vgs: 4.5
-0.033540400000000005
0.0373652
0.10703900000000001
0.176126
0.243479
0.311756
0.37739700000000004
0.44264800000000004
0.506204
0.5682470000000001
0.628186
0.686516
0.742567
0.796719
0.848818
0.899118
0.947586
0.993921
1.03871
1.0805
1.12019
1.15769
1.19354
1.2271999999999998
1.2589700000000001
1.2885
1.3161500000000002
1.34155
1.3648799999999999
1.38615
1.40527
1.42233
1.4371099999999999
1.44966
1.46013
1.46865
1.4752800000000001
1.48019
1.4838
1.48657
1.4888499999999998
1.49077
1.49259
1.49423
1.49585
1.49734
1.49881
1.5002
1.50162
1.5031
1.5046899999999999
1.50669
1.5099799999999999
1.51783
1.5348300000000001
1.56141
1.59639
1.63768
1.6833900000000002
1.73247
1.78447
1.83939
1.89579
1.9538200000000001
2.01301
2.0746599999999997
2.13728
2.20157
2.26764
2.33492
2.40339
2.4722199999999996
2.54214
2.6126
2.68459
2.7579100000000003
2.8322
2.90607
2.9819299999999997
3.05843
3.13626

Vgs: 5.0
-0.0527311
0.023003600000000003
0.0989997
0.173128
0.248257
0.321833
0.39442
0.46685699999999997
0.537226
0.607603
0.675504
0.742268
0.8080710000000001
0.871688
0.933971
0.9942650000000001
1.0534400000000002
1.10947
1.1633200000000001
1.2145700000000001
1.26402
1.31094
1.35644
1.39975
1.44103
1.4800200000000001
1.51728
1.5523500000000001
1.5853300000000001
1.61649
1.6455300000000002
1.67263
1.69762
1.72058
1.74134
1.76011
1.77663
1.7911400000000002
1.8034800000000002
1.81376
1.8221100000000001
1.82857
1.8334899999999998
1.83713
1.84007
1.8425
1.84464
1.84664
1.84845
1.8502
1.8519599999999998
1.85357
1.85512
1.8567200000000001
1.85826
1.86
1.86217
1.86594
1.87477
1.8931900000000002
1.92158
1.95942
2.0035600000000002
2.05277
2.10564
2.1617699999999997
2.2200100000000003
2.2805500000000003
2.34267
2.40659
2.47202
2.5385999999999997
2.60742
2.6764900000000003
2.7476499999999997
2.81885
2.8921900000000003
2.96605
3.04045
3.1161399999999997
3.1928099999999997

Vgs: 5.5
-0.0726681
0.00717423
0.084939
0.163042
0.239302
0.316679
0.394309
0.47031999999999996
0.549466
0.623077
0.698726
0.771941
0.846847
0.921004
0.9909700000000001
1.0608499999999998
1.1305200000000002
1.1978900000000001
1.26297
1.32585
1.3864299999999998
1.4452099999999999
1.5018099999999999
1.55472
1.60615
1.65479
1.70152
1.7464799999999998
1.78891
1.83001
1.86852
1.90516
1.93977
1.97243
2.00311
2.03184
2.05833
2.08293
2.10539
2.1258000000000004
2.14407
2.16024
2.17427
2.18633
2.1964200000000003
2.2044099999999998
2.21075
2.21568
2.21941
2.22243
2.2250199999999998
2.2273
2.2294799999999997
2.2315199999999997
2.23338
2.2352499999999997
2.23705
2.23871
2.24046
2.2422
2.24412
2.24644
2.25066
2.26005
2.27911
2.30966
2.3493199999999996
2.39615
2.44834
2.50411
2.56371
2.62548
2.68958
2.75535
2.8229
2.8920299999999997
2.96224
3.03375
3.1070699999999998
3.18066
3.25612

Vgs: 6.0
-0.0958518
-0.0143836
0.0687287
0.150052
0.23199599999999998
0.313426
0.397017
0.47927000000000003
0.5588690000000001
0.636595
0.71611
0.797999
0.876021
0.954586
1.03228
1.1087600000000002
1.18604
1.25862
1.33427
1.40784
1.4784799999999998
1.54638
1.61445
1.67736
1.74155
1.80379
1.86352
1.9214200000000001
1.97605
2.02796
2.07629
2.12307
2.1676
2.20944
2.2493700000000003
2.28754
2.3237900000000002
2.35818
2.39031
2.4206700000000003
2.44868
2.47488
2.4990099999999997
2.52102
2.54109
2.55903
2.57484
2.5886
2.6003100000000003
2.61008
2.6179799999999998
2.6242599999999996
2.62909
2.63291
2.6361700000000003
2.63883
2.6414400000000002
2.64364
2.64577
2.64798
2.64985
2.65182
2.65354
2.65547
2.65732
2.65933
2.6616600000000004
2.66575
2.67534
2.6958699999999998
2.72866
2.7730099999999998
2.82306
2.87822
2.93866
3.00308
3.06843
3.13491
3.20464
3.2750700000000004
3.3525500000000004

Vgs: 6.5
-0.12345300000000001
-0.037509499999999994
0.047932600000000006
0.127841
0.21071600000000001
0.295648
0.37970499999999996
0.464221
0.5530860000000001
0.640749
0.720543
0.804658
0.888243
0.971816
1.0569
1.14101
1.22373
1.30879
1.38889
1.46606
1.5457800000000002
1.62219
1.70123
1.7790499999999998
1.85323
1.92643
1.9973500000000002
2.06764
2.1350000000000002
2.19786
2.2593199999999998
2.32072
2.37642
2.43041
2.48055
2.52849
2.57227
2.61655
2.65863
2.69907
2.7367500000000002
2.7720100000000003
2.8061800000000003
2.8376799999999998
2.86739
2.89521
2.92109
2.94487
2.96647
2.98656
3.00398
3.01978
3.0331799999999998
3.0444500000000003
3.05218
3.0622000000000003
3.06792
3.0719800000000004
3.07647
3.07955
3.08253
3.08434
3.08747
3.0896399999999997
3.09286
3.0947999999999998
3.0964400000000003
3.09942
3.09948
3.1015800000000002
3.10993
3.11232
3.11583
3.12206
3.14407
3.17935
3.22851
3.27862
3.3384
3.4019
3.4683100000000002

Vgs: 7.0
-0.14365
-0.0565868
0.030902199999999998
0.11439400000000001
0.19928400000000002
0.286547
0.378215
0.463655
0.5484300000000001
0.633525
0.7162810000000001
0.803632
0.897269
0.984644
1.06978
1.1586299999999998
1.2432299999999998
1.3294599999999999
1.41503
1.50095
1.58624
1.6698
1.75278
1.83721
1.9209100000000001
2.0006999999999997
2.0774500000000002
2.1552
2.22967
2.3068400000000002
2.38205
2.45309
2.52115
2.58778
2.6518599999999997
2.71312
2.77149
2.82693
2.87909
2.9286
2.97657
3.0217899999999998
3.06373
3.10576
3.14539
3.18199
3.21739
3.24957
3.28087
3.31011
3.33666
3.36191
3.38485
3.40608
3.42458
3.4415
3.4563800000000002
3.46964
3.48049
3.49073
3.4970499999999998
3.5027
3.5077200000000004
3.51161
3.51483
3.5176600000000002
3.52036
3.52295
3.52529
3.5276199999999998
3.52995
3.532
3.5361
3.53884
3.54148
3.54367
3.54636
3.55032
3.5611800000000002
3.5817599999999996
3.6160099999999997

Vgs: 7.5
-0.16947800000000002
-0.0779253
0.0115468
0.101218
0.19061999999999998
0.277704
0.36885999999999997
0.45682900000000004
0.546738
0.637778
0.727462
0.817048
0.902837
0.99935
1.09252
1.17549
1.26245
1.35211
1.44372
1.52681
1.61521
1.7094600000000002
1.7914599999999998
1.88079
1.9658700000000002
2.05041
2.1363499999999997
2.22193
2.30301
2.3945
2.4747
2.5561999999999996
2.63518
2.71369
2.78978
2.86423
2.9358600000000004
3.0037499999999997
3.0707
3.13498
3.19605
3.25482
3.31115
3.36184
3.41098
3.45833
3.50286
3.54582
3.58624
3.62454
3.66113
3.6958699999999998
3.72837
3.7588600000000003
3.7871200000000003
3.81353
3.83813
3.86031
3.8808
3.89935
3.91602
3.93051
3.9428500000000004
3.9536500000000006
3.96208
3.96944
3.9753000000000003
3.97977
3.9828600000000005
3.9864999999999995
3.9890000000000003
3.99228
3.99574
3.999
4.00123
4.00309
4.0049600000000005
4.00711
4.00913
4.01093
4.01331

Vgs: 8.0
-0.193742
-0.10304
-0.00755274
0.0859172
0.17740999999999998
0.26800199999999996
0.36104200000000003
0.4547
0.5450010000000001
0.638793
0.728432
0.818803
0.911188
0.9976189999999999
1.09307
1.18848
1.28265
1.37306
1.4650699999999999
1.55772
1.64848
1.7409400000000002
1.82409
1.9012499999999999
1.9925
2.08303
2.17718
2.26243
2.3534699999999997
2.4491199999999997
2.53952
2.61979
2.71264
2.79826
2.87812
2.96232
3.03232
3.1045000000000003
3.18628
3.26599
3.34023
3.41398
3.4847099999999998
3.5565100000000003
3.6215599999999997
3.68586
3.74695
3.8047799999999996
3.8575
3.9080699999999995
3.95591
4.0006900000000005
4.04317
4.0840700000000005
4.12231
4.1583499999999995
4.1921
4.22034
4.2507600000000005
4.27884
4.30476
4.3288199999999994
4.35052
4.37094
4.38888
4.40503
4.41895
4.43103
4.4412
4.44969
4.45653
4.4621900000000005
4.46686
4.4708
4.47424
4.4773
4.48028
4.4829
4.48548
4.48785
4.4902299999999995
