Vgs range: 0,8,0.5
Vds range: 0,8,0.1

Vgs: 0.0
-0.00021574500000000002
0.000177753
0.000306315
0.00039532200000000003
0.000489246
0.000594032
0.0007357780000000001
0.0010134200000000001
0.00175411
0.0035516099999999997
0.00660904
0.0105433
0.015238999999999999
0.0202839
0.025583099999999998
0.031180499999999996
0.0370449
0.0433169
0.0503871
0.058369399999999995
0.0672778
0.0773602
0.0890631
0.101419
0.11551499999999999
0.131371
0.148832
0.167288
0.18751299999999999
0.20861
0.231839
0.25645
0.282012
0.308554
0.336805
0.365492
0.39593799999999996
0.429161
0.461651
0.496006
0.531418
0.568268
0.605765
0.6453169999999999
0.686179
0.727452
0.770434
0.8134629999999999
0.85832
0.9049550000000001
0.951957
1.00261
1.05338
1.1029799999999998
1.15558
1.20784
1.26268
1.31862
1.37531
1.4319899999999999
1.48967
1.54741
1.60574
1.6691500000000001
1.73157
1.79426
1.8598899999999998
1.9266
1.9911299999999998
2.0585899999999997
2.12713
2.1945699999999997
2.2645299999999997
2.33372
2.4067
2.47944
2.55462
2.6302399999999997
2.70852
2.78503
2.86051

Vgs: 0.5
-0.000241907
0.003906870000000001
0.00392651
0.00275976
0.0019022
0.00139653
0.00112254
0.00132734
0.0016296400000000001
0.00175774
0.0019006099999999998
0.00208463
0.0024202499999999997
0.00333207
0.00554245
0.009332479999999999
0.014586199999999999
0.0211085
0.0288977
0.0379951
0.0483825
0.059908499999999996
0.07301329999999999
0.0873985
0.103171
0.12028799999999999
0.138646
0.158572
0.17963
0.202026
0.225854
0.25078999999999996
0.27709
0.304535
0.333096
0.363031
0.39427199999999996
0.426545
0.460043
0.49516899999999997
0.531091
0.568165
0.606752
0.645663
0.686604
0.728293
0.770945
0.8154549999999999
0.860969
0.9067850000000001
0.954145
1.0046
1.05436
1.1042
1.1559599999999999
1.2095
1.26325
1.31827
1.37455
1.43177
1.4895100000000001
1.54905
1.60863
1.67049
1.7328999999999999
1.7962799999999999
1.86125
1.9266999999999999
1.9935999999999998
2.06103
2.12889
2.1983200000000003
2.27033
2.34044
2.41184
2.48524
2.55764
2.63231
2.70816
2.78505
2.86416

Vgs: 1.0
-0.00026451700000000003
0.0108808
0.0189988
0.024414699999999998
0.0275187
0.028921
0.0294454
0.0297149
0.0299366
0.0301575
0.030375700000000002
0.0306034
0.0308356
0.031077
0.0313237
0.0316136
0.0319917
0.032691200000000004
0.0345815
0.0388795
0.046100499999999996
0.055776000000000006
0.0676793
0.0813232
0.0966421
0.113562
0.131853
0.151545
0.172752
0.19528800000000002
0.218987
0.244343
0.27067399999999997
0.298496
0.327121
0.357854
0.389441
0.422011
0.455853
0.491172
0.527458
0.565226
0.6037049999999999
0.643323
0.684122
0.726025
0.768881
0.813112
0.857701
0.9036120000000001
0.951361
1.0008000000000001
1.0501900000000002
1.1006200000000002
1.1526699999999999
1.20511
1.2580799999999999
1.3129000000000002
1.36816
1.42428
1.48218
1.5409
1.60059
1.6620000000000001
1.72281
1.78523
1.84948
1.91333
1.97968
2.04647
2.11393
2.18151
2.2516599999999998
2.3201799999999997
2.3919
2.46524
2.53817
2.6131100000000003
2.68782
2.76112
2.83896

Vgs: 1.5
-0.00031340700000000003
0.0223297
0.0421353
0.059244899999999996
0.0737348
0.0856017
0.09485930000000001
0.101588
0.105994
0.10850599999999999
0.109725
0.110376
0.11083699999999999
0.111262
0.11167500000000001
0.112066
0.112465
0.112875
0.113286
0.11371500000000001
0.114211
0.11485200000000001
0.116067
0.11905600000000001
0.12545199999999998
0.135933
0.150146
0.16714099999999998
0.18629099999999998
0.20757
0.23055699999999998
0.255151
0.281082
0.308585
0.337371
0.367627
0.399318
0.432144
0.46586099999999997
0.501161
0.537816
0.575773
0.6152869999999999
0.655162
0.696447
0.738366
0.782439
0.826714
0.873155
0.919613
0.9680519999999999
1.01789
1.0678
1.11928
1.1719600000000001
1.22489
1.27878
1.3336000000000001
1.38967
1.4479600000000001
1.5066700000000002
1.5653100000000002
1.6253199999999999
1.6875499999999999
1.7514
1.81773
1.8809099999999999
1.94721
2.01358
2.08179
2.1493599999999997
2.2190399999999997
2.28926
2.3610100000000003
2.435
2.5074300000000003
2.58027
2.65358
2.72847
2.7963
2.87671

Vgs: 2.0
-0.00054438
0.0323411
0.0626116
0.090429
0.115863
0.138886
0.159458
0.177565
0.193215
0.20635900000000001
0.217034
0.225271
0.23119699999999999
0.235116
0.23740799999999998
0.23871900000000001
0.239559
0.240257
0.24090599999999998
0.241508
0.242113
0.242696
0.243279
0.243867
0.24447500000000003
0.245149
0.245947
0.247407
0.251121
0.25945
0.273404
0.292076
0.314188
0.338902
0.36590100000000003
0.394801
0.425439
0.45765900000000004
0.491518
0.526711
0.563122
0.600815
0.6400750000000001
0.680192
0.722048
0.764266
0.808271
0.853687
0.90003
0.947741
0.9960819999999999
1.04464
1.09624
1.14839
1.2017600000000002
1.25519
1.30969
1.36598
1.42297
1.4799900000000001
1.53982
1.60049
1.66088
1.72258
1.78558
1.84928
1.91319
1.9795899999999997
2.0444999999999998
2.11158
2.17965
2.2495000000000003
2.31982
2.39081
2.46196
2.53564
2.60721
2.68194
2.75725
2.8325400000000003
2.90787

Vgs: 2.5
-0.0011227700000000001
0.0410429
0.080778
0.118262
0.15356699999999998
0.186694
0.21755400000000003
0.24618099999999998
0.27253200000000005
0.29659599999999997
0.318322
0.337694
0.35473699999999997
0.369356
0.38164200000000004
0.391543
0.399161
0.404685
0.408354
0.410675
0.412123
0.41321599999999997
0.414141
0.415029
0.415847
0.416628
0.417418
0.418179
0.418937
0.419736
0.420624
0.421713
0.42349899999999996
0.428152
0.43821499999999997
0.45489999999999997
0.47712299999999996
0.5032730000000001
0.532597
0.5645300000000001
0.598548
0.6344350000000001
0.671888
0.7107749999999999
0.7513500000000001
0.793296
0.8365929999999999
0.881065
0.926743
0.97366
1.02276
1.07204
1.1232799999999998
1.17468
1.2275800000000001
1.28127
1.33633
1.39241
1.44938
1.50767
1.5661
1.62673
1.6876499999999999
1.75008
1.8126900000000001
1.87635
1.94071
2.0066200000000003
2.07382
2.14196
2.21077
2.27991
2.35022
2.42114
2.4932399999999997
2.56823
2.64356
2.71978
2.79627
2.8721699999999997
2.9506699999999997

Vgs: 3.0
-0.00293359
0.0479934
0.0965122
0.14288399999999998
0.18728399999999998
0.229651
0.269958
0.30813900000000005
0.34425500000000003
0.378202
0.41001699999999996
0.439678
0.467142
0.49240700000000004
0.515415
0.5362239999999999
0.55472
0.57094
0.5848519999999999
0.5964670000000001
0.605857
0.6129939999999999
0.6183
0.621879
0.624243
0.625904
0.627222
0.6283989999999999
0.6295059999999999
0.630535
0.631528
0.632481
0.633417
0.634332
0.635279
0.636262
0.637478
0.6395590000000001
0.644868
0.65654
0.675913
0.7017380000000001
0.731913
0.7655080000000001
0.802199
0.8411789999999999
0.8822479999999999
0.924833
0.969418
1.01622
1.06359
1.11243
1.1625699999999999
1.2137499999999999
1.2665
1.32016
1.37473
1.4309100000000001
1.4881199999999999
1.54598
1.60536
1.6655000000000002
1.7259300000000002
1.78885
1.85198
1.9168500000000002
1.9817300000000002
2.04767
2.11475
2.1832800000000003
2.25193
2.32155
2.3930100000000003
2.46423
2.53761
2.61131
2.68597
2.7605
2.83541
2.91163
2.98808

Vgs: 3.5
-0.0110164
0.047785299999999996
0.105048
0.160851
0.214892
0.26632
0.315896
0.363234
0.408637
0.45188900000000004
0.49316400000000005
0.532279
0.569333
0.6043879999999999
0.637376
0.668232
0.697026
0.723662
0.748113
0.770394
0.7904779999999999
0.8081269999999999
0.823799
0.837161
0.848411
0.857385
0.864396
0.8694799999999999
0.8730800000000001
0.875537
0.8773719999999999
0.878903
0.880315
0.881617
0.882854
0.884015
0.88512
0.886261
0.8873340000000001
0.888435
0.889598
0.890986
0.893328
0.899139
0.9123049999999999
0.934122
0.963079
0.9972589999999999
1.03663
1.0774700000000001
1.12101
1.16646
1.2140499999999999
1.26293
1.3133400000000002
1.3652
1.4191099999999999
1.47376
1.5301500000000001
1.58775
1.6455199999999999
1.70524
1.7660099999999999
1.82819
1.89138
1.95553
2.02026
2.0860700000000003
2.15293
2.22064
2.28924
2.35879
2.42833
2.50007
2.57316
2.6463900000000002
2.72095
2.7946
2.86984
2.9464
3.02492

Vgs: 4.0
-0.0241201
0.0408077
0.105208
0.168851
0.23089900000000002
0.29193399999999997
0.35094800000000004
0.408376
0.463483
0.516313
0.566523
0.6151960000000001
0.66173
0.706206
0.748683
0.789102
0.827523
0.863901
0.898226
0.930519
0.9606359999999999
0.9884390000000001
1.01563
1.03946
1.06124
1.08074
1.09818
1.11334
1.12628
1.13721
1.1459000000000001
1.15266
1.15764
1.16123
1.1638499999999998
1.1658899999999999
1.16767
1.1692799999999999
1.17074
1.17219
1.17359
1.1747800000000002
1.17606
1.17726
1.1785599999999998
1.17989
1.18151
1.1841
1.19059
1.20509
1.22942
1.26126
1.29907
1.34082
1.3860400000000002
1.43364
1.4836
1.5351
1.5893700000000002
1.6450799999999999
1.7004
1.75907
1.8189
1.87944
1.9417
2.0046999999999997
2.06834
2.13384
2.20007
2.2675899999999998
2.33583
2.4046800000000004
2.47489
2.54483
2.6171699999999998
2.69015
2.76412
2.83986
2.9148400000000003
2.9887099999999998
3.06722

Vgs: 4.5
-0.041187499999999995
0.0286768
0.0975555
0.165906
0.23353100000000002
0.29965200000000003
0.364028
0.428724
0.49285799999999996
0.555563
0.617592
0.67847
0.737804
0.794276
0.847433
0.89802
0.9461470000000001
0.9921000000000001
1.03702
1.07894
1.11868
1.15605
1.1918600000000001
1.22555
1.25727
1.2868199999999999
1.31439
1.33976
1.36308
1.38437
1.4034200000000001
1.42035
1.43512
1.44778
1.45828
1.46686
1.47343
1.47838
1.48197
1.4847199999999998
1.48694
1.48888
1.4907
1.49234
1.49397
1.49547
1.49692
1.49836
1.49977
1.5011899999999998
1.50274
1.5045499999999998
1.50749
1.5146199999999999
1.5301500000000001
1.556
1.59042
1.63111
1.67614
1.72464
1.77575
1.82975
1.8855300000000002
1.9429200000000002
2.00351
2.06444
2.1266599999999998
2.1907200000000002
2.25533
2.32104
2.38843
2.45688
2.52591
2.59612
2.6686
2.74127
2.81418
2.88836
2.96551
3.04017
3.1171900000000003

Vgs: 5.0
-0.0585824
0.0155218
0.0897043
0.164177
0.23551799999999998
0.306767
0.378597
0.451689
0.521243
0.588428
0.6595070000000001
0.727044
0.7942440000000001
0.8586969999999999
0.921363
0.983645
1.04671
1.1044
1.15945
1.21181
1.26128
1.30836
1.35378
1.397
1.43836
1.47742
1.5145899999999999
1.54968
1.5828
1.61399
1.643
1.6700599999999999
1.69492
1.71783
1.7385300000000001
1.75724
1.77373
1.78816
1.80051
1.81077
1.81904
1.82552
1.8304099999999999
1.8340699999999999
1.83696
1.83943
1.8415300000000001
1.8435000000000001
1.8453600000000001
1.84713
1.84873
1.85033
1.85192
1.85358
1.85506
1.85667
1.8587799999999999
1.86223
1.87026
1.88734
1.91508
1.95195
1.9954299999999998
2.04391
2.09579
2.1510700000000003
2.20829
2.26801
2.32922
2.39181
2.45674
2.52301
2.59095
2.65915
2.7296
2.80054
2.8720600000000003
2.9452
3.01902
3.0935799999999998
3.16953

Vgs: 5.5
-0.0781671
0.00173977
0.07895819999999999
0.158388
0.236625
0.312947
0.386513
0.461902
0.5373650000000001
0.6135780000000001
0.689002
0.762236
0.833786
0.9052
0.976895
1.04948
1.11772
1.18545
1.25118
1.31686
1.37941
1.43857
1.49585
1.5504200000000001
1.6024699999999998
1.65175
1.6987700000000001
1.7437
1.7868000000000002
1.82772
1.8662699999999999
1.9032
1.93801
1.9708999999999999
2.00145
2.0300000000000002
2.0566199999999997
2.0811200000000003
2.10353
2.12391
2.14212
2.1584
2.17244
2.1844799999999998
2.19446
2.20255
2.2090199999999998
2.21377
2.21765
2.2208699999999997
2.2231899999999998
2.2254699999999996
2.2276700000000003
2.2297
2.23157
2.2334199999999997
2.23521
2.2368200000000003
2.23848
2.24018
2.242
2.24419
2.24776
2.25614
2.27436
2.3045999999999998
2.34427
2.3911599999999997
2.44293
2.49851
2.55721
2.61872
2.6820500000000003
2.74715
2.8143000000000002
2.88284
2.9537500000000003
3.02569
3.09838
3.17132
3.2472

Vgs: 6.0
-0.0968773
-0.0169789
0.0638175
0.145953
0.224096
0.303527
0.381629
0.461679
0.5397890000000001
0.619028
0.699786
0.775751
0.8517359999999999
0.930106
1.0062300000000002
1.081
1.1566599999999998
1.23088
1.30408
1.37604
1.44925
1.51909
1.5915199999999998
1.65876
1.7244000000000002
1.78871
1.8499
1.90885
1.9641300000000002
2.01751
2.06711
2.11389
2.15829
2.2012300000000002
2.24151
2.28032
2.3164499999999997
2.35101
2.38321
2.4139600000000003
2.44195
2.46818
2.49227
2.51432
2.53441
2.5521200000000004
2.56822
2.58217
2.59415
2.6037500000000002
2.61188
2.61816
2.62276
2.62664
2.62968
2.63238
2.63496
2.6371599999999997
2.63933
2.64139
2.64371
2.6452400000000003
2.64709
2.64895
2.65096
2.6528
2.65535
2.65932
2.66736
2.6862399999999997
2.7178
2.76043
2.81026
2.86647
2.92522
2.98775
3.05251
3.1191299999999997
3.18896
3.25935
3.33199

Vgs: 6.5
-0.122891
-0.0411748
0.042425500000000005
0.125899
0.208423
0.290873
0.377707
0.462596
0.546056
0.62727
0.708315
0.788187
0.87278
0.95633
1.03792
1.1203999999999998
1.20075
1.28291
1.36108
1.4365599999999998
1.51369
1.5906200000000001
1.66927
1.74176
1.81515
1.8887699999999998
1.9571100000000001
2.0292399999999997
2.10131
2.1699
2.2343200000000003
2.29854
2.35535
2.41061
2.4621399999999998
2.51077
2.5571
2.6008099999999996
2.64275
2.68262
2.7210099999999997
2.75723
2.79093
2.82269
2.85244
2.88038
2.90603
2.9296
2.95131
2.9707399999999997
2.98834
3.00384
3.01668
3.0271
3.0365800000000003
3.0442899999999997
3.05032
3.05521
3.0592699999999997
3.06241
3.06611
3.06874
3.0704399999999996
3.0728600000000004
3.07499
3.07696
3.07909
3.08125
3.0830800000000003
3.08507
3.08709
3.08961
3.09349
3.10238
3.12196
3.1548499999999997
3.19917
3.25122
3.3093100000000004
3.37082
3.43584

Vgs: 7.0
-0.145098
-0.0600489
0.025744700000000002
0.11429299999999999
0.20052
0.283514
0.368014
0.45290199999999997
0.53955
0.626015
0.709666
0.7971550000000001
0.883722
0.97174
1.05325
1.1361299999999999
1.22043
1.30339
1.38432
1.46898
1.5523900000000002
1.6392
1.72076
1.80082
1.8817599999999999
1.9587599999999998
2.03828
2.1179200000000002
2.19957
2.27914
2.34697
2.41693
2.49062
2.5594300000000003
2.62795
2.6930199999999997
2.7540400000000003
2.81211
2.86728
2.92056
2.97203
3.01898
3.06295
3.1050600000000004
3.1454299999999997
3.18295
3.21852
3.25181
3.28324
3.3124000000000002
3.33961
3.3646599999999998
3.38789
3.40906
3.4281099999999998
3.4451199999999997
3.4600299999999997
3.47296
3.484
3.49329
3.5006999999999997
3.5066699999999997
3.5114
3.5153
3.5187
3.5217400000000003
3.52446
3.52696
3.5293
3.53163
3.5338000000000003
3.53588
3.53719
3.53889
3.5406999999999997
3.54278
3.5450999999999997
3.5488199999999996
3.55759
3.57823
3.6135

Vgs: 7.5
-0.169226
-0.0793125
0.0103261
0.0987577
0.18307299999999999
0.272667
0.360989
0.447481
0.534425
0.619272
0.7098099999999999
0.7982319999999999
0.885702
0.977005
1.0585200000000001
1.14408
1.22859
1.32015
1.408
1.49284
1.5848200000000001
1.66665
1.7481
1.82952
1.91689
1.9993099999999997
2.0815400000000004
2.1646199999999998
2.24408
2.32854
2.4108
2.49012
2.5752800000000002
2.65053
2.73003
2.80716
2.88519
2.95873
3.02782
3.0991
3.16439
3.22824
3.28884
3.3482
3.40147
3.4507000000000003
3.49877
3.5426300000000004
3.585
3.62444
3.6614500000000003
3.69669
3.7295599999999998
3.76086
3.7897
3.8165899999999997
3.8411299999999997
3.86399
3.88449
3.90293
3.9193199999999995
3.93428
3.94704
3.9577099999999996
3.96668
3.9739500000000003
3.97982
3.9859199999999997
3.9883100000000002
3.99172
3.9947500000000002
3.99738
4.000229999999999
4.0028
4.00517
4.007499999999999
4.009429999999999
4.011749999999999
4.013820000000001
4.01563
4.01805

Vgs: 8.0
-0.19886900000000002
-0.10699
-0.013542
0.07686059999999999
0.167787
0.261891
0.355552
0.44990399999999997
0.538381
0.630601
0.71431
0.806721
0.900536
0.993718
1.0771000000000002
1.16858
1.26229
1.3539299999999999
1.44345
1.53314
1.62723
1.71669
1.8024499999999999
1.8880100000000002
1.98424
2.07059
2.16045
2.24127
2.32885
2.41573
2.5038
2.57985
2.6649
2.7570099999999997
2.8370499999999996
2.91807
3.00168
3.0810999999999997
3.1576299999999997
3.22714
3.3080800000000004
3.38712
3.45601
3.52622
3.59567
3.65998
3.72707
3.7868
3.8457399999999997
3.90083
3.9520500000000003
4.00246
4.04295
4.08299
4.1238
4.17089
4.20634
4.22652
4.255
4.28272
4.30872
4.33319
4.36048
4.3815800000000005
4.4025799999999995
4.4187899999999996
4.43029
4.4314
4.44385
4.456779999999999
4.46948
4.46605
4.47167
4.47609
4.4770199999999996
4.47912
4.482329999999999
4.48913
4.48594
4.49352
4.496499999999999
