Vgs range: 0,8,0.5
Vds range: 0,8,0.1

Vgs: 0.0
-0.000235283
0.00017369
0.000307079
0.000395936
0.000488164
0.0005940650000000001
0.0007375190000000001
0.000987134
0.0016875599999999998
0.00341619
0.0064417
0.0104158
0.0151003
0.0202227
0.0256538
0.0314479
0.037284199999999997
0.0436456
0.0506349
0.0587592
0.06792490000000001
0.0779034
0.0895828
0.102339
0.11695900000000001
0.132801
0.150054
0.16880199999999998
0.188909
0.209934
0.232675
0.25729
0.28250200000000003
0.309675
0.33690800000000004
0.365215
0.39626100000000003
0.428435
0.461658
0.495874
0.531895
0.5684629999999999
0.6059070000000001
0.643756
0.683376
0.7251719999999999
0.768065
0.8120719999999999
0.8576429999999999
0.9039739999999999
0.9513469999999999
0.999072
1.0462900000000002
1.0967500000000001
1.14829
1.19991
1.2531599999999998
1.3086
1.36343
1.41618
1.47274
1.5306499999999998
1.59197
1.6515900000000001
1.71079
1.77614
1.83836
1.90442
1.9709900000000002
2.03763
2.1039600000000003
2.17137
2.24029
2.31202
2.38345
2.45323
2.53398
2.60889
2.6786499999999998
2.75154
2.82694

Vgs: 0.5
-0.000246692
0.00579933
0.006579730000000001
0.00497915
0.00344188
0.00241143
0.0017433000000000001
0.0013810500000000002
0.00125117
0.00174072
0.00190318
0.00209569
0.00247743
0.00344817
0.005528450000000001
0.00896027
0.0136966
0.019651
0.0268183
0.0352848
0.0449109
0.0558547
0.068297
0.08194270000000001
0.096902
0.112978
0.130672
0.149586
0.17020300000000002
0.191831
0.21418
0.238239
0.263165
0.290266
0.31819200000000003
0.34741900000000003
0.377294
0.408848
0.441472
0.475371
0.510193
0.547084
0.5835509999999999
0.621705
0.6616909999999999
0.702807
0.745768
0.788276
0.833398
0.879524
0.926609
0.974241
1.02328
1.07291
1.12411
1.17642
1.22887
1.28431
1.33938
1.3953900000000001
1.45232
1.50916
1.56752
1.62763
1.68918
1.7522099999999998
1.8173
1.88392
1.9469999999999998
2.01344
2.08458
2.15552
2.22297
2.29168
2.3684000000000003
2.44069
2.51538
2.58552
2.65237
2.7354100000000003
2.8157799999999997

Vgs: 1.0
-0.000263652
0.0108851
0.0190029
0.0244318
0.0275317
0.028935600000000002
0.029450300000000002
0.0297165
0.0299433
0.0301557
0.030378600000000002
0.030603099999999998
0.0308392
0.0310762
0.031324700000000004
0.031616399999999996
0.0320084
0.0327741
0.0346773
0.0387242
0.0455295
0.054716100000000004
0.066092
0.0792545
0.0941855
0.11043499999999999
0.12832
0.14766200000000002
0.16857999999999998
0.190722
0.21406999999999998
0.238915
0.264225
0.291572
0.320247
0.350319
0.381477
0.41311800000000004
0.446475
0.480874
0.516602
0.553758
0.590982
0.630274
0.670739
0.71183
0.755349
0.798642
0.843994
0.889425
0.936323
0.983399
1.03396
1.0844500000000001
1.13628
1.18837
1.2412
1.29626
1.353
1.4096600000000001
1.46724
1.52532
1.58541
1.64638
1.70645
1.7677999999999998
1.83094
1.89549
1.9597099999999998
2.02721
2.09668
2.1625300000000003
2.2326
2.3011899999999996
2.3740900000000003
2.4433800000000003
2.5158400000000003
2.59088
2.66961
2.74301
2.82089

Vgs: 1.5
-0.000332872
0.02232
0.0421217
0.0592352
0.0737226
0.08558879999999999
0.0948394
0.101564
0.10596799999999999
0.108465
0.10970300000000001
0.11032700000000001
0.110819
0.111224
0.111635
0.11203300000000001
0.112438
0.11283299999999999
0.113232
0.113651
0.114147
0.114798
0.116
0.118835
0.125009
0.135089
0.148692
0.16498500000000002
0.183576
0.204231
0.22681
0.25107599999999997
0.276422
0.303949
0.332416
0.362546
0.393289
0.42556
0.45925000000000005
0.49411900000000003
0.53076
0.568546
0.607521
0.647789
0.687269
0.729078
0.771544
0.814939
0.860539
0.906849
0.955009
1.0049
1.05529
1.1056499999999998
1.1583299999999999
1.21052
1.26433
1.31949
1.37652
1.43432
1.49245
1.55223
1.6129799999999999
1.67311
1.73387
1.7966600000000001
1.86018
1.92614
1.9914899999999998
2.0594300000000003
2.12691
2.19698
2.26414
2.33405
2.40397
2.47589
2.54887
2.62102
2.69741
2.7738
2.84906

Vgs: 2.0
-0.00048403400000000005
0.0324171
0.0627016
0.0905197
0.11597299999999999
0.138994
0.159562
0.177675
0.193312
0.206458
0.21712
0.22535
0.231294
0.235181
0.237484
0.23877600000000002
0.239617
0.240313
0.240977
0.241588
0.242194
0.242765
0.24334899999999998
0.243922
0.24452000000000002
0.24519100000000002
0.24609099999999998
0.24770499999999998
0.251373
0.259353
0.272523
0.290252
0.311265
0.33497000000000005
0.360908
0.388998
0.418675
0.449932
0.482295
0.516641
0.5529489999999999
0.5896849999999999
0.627815
0.667398
0.708466
0.7503329999999999
0.793667
0.8370110000000001
0.882993
0.9289040000000001
0.9774289999999999
1.02732
1.0763
1.12763
1.1796300000000002
1.23178
1.28657
1.34158
1.39715
1.45435
1.51196
1.57075
1.6318400000000002
1.6933
1.75478
1.81926
1.88196
1.94787
2.0159499999999997
2.08201
2.15002
2.21966
2.2907100000000002
2.35987
2.43267
2.50394
2.57709
2.6510800000000003
2.72526
2.80156
2.8792

Vgs: 2.5
-0.00156337
0.0408069
0.0806887
0.118274
0.153636
0.186771
0.217652
0.246281
0.272615
0.296654
0.31835
0.337723
0.354743
0.36935199999999996
0.381619
0.39151600000000003
0.399126
0.404642
0.4083
0.41058700000000004
0.412035
0.413123
0.41405000000000003
0.414925
0.41574
0.416527
0.417319
0.41807500000000003
0.418852
0.419602
0.42046
0.42148199999999997
0.423304
0.427666
0.437264
0.45333
0.474735
0.5002770000000001
0.5287080000000001
0.5595049999999999
0.592571
0.627549
0.6642739999999999
0.7023119999999999
0.7419739999999999
0.783333
0.82576
0.86944
0.914372
0.96072
1.00943
1.05841
1.10884
1.15919
1.21188
1.26496
1.31852
1.37462
1.43101
1.4880799999999998
1.5460800000000001
1.60638
1.6658199999999999
1.72705
1.7901900000000002
1.85406
1.91855
1.98365
2.0488500000000003
2.11523
2.1835299999999997
2.2528
2.3234000000000004
2.39506
2.46725
2.5406500000000003
2.6156
2.6890899999999998
2.7631
2.83818
2.915

Vgs: 3.0
-0.00630096
0.045265700000000006
0.0940963
0.141255
0.18595
0.228976
0.269458
0.307954
0.344244
0.37831699999999996
0.410133
0.439806
0.46726999999999996
0.492535
0.515541
0.536336
0.5548109999999999
0.571041
0.584934
0.596552
0.605937
0.613065
0.618366
0.621944
0.624302
0.625911
0.627285
0.628418
0.629525
0.6305590000000001
0.631532
0.632512
0.6334339999999999
0.63436
0.6352709999999999
0.636286
0.6376
0.639898
0.645038
0.6561009999999999
0.674273
0.69882
0.727927
0.7602180000000001
0.795463
0.83311
0.8730899999999999
0.9148780000000001
0.958195
1.00377
1.04973
1.0972499999999998
1.14649
1.1964199999999998
1.24739
1.30051
1.35308
1.40788
1.46421
1.5223
1.5801800000000001
1.6405599999999998
1.70033
1.7623300000000002
1.82419
1.8879000000000001
1.9518
2.01719
2.0850500000000003
2.15125
2.22143
2.29014
2.3600700000000003
2.43177
2.50372
2.57668
2.65059
2.72573
2.80121
2.8781700000000003
2.9543299999999997

Vgs: 3.5
-0.0146678
0.0441271
0.101841
0.157015
0.210125
0.26221
0.312346
0.36053799999999997
0.406916
0.45069000000000004
0.492513
0.532081
0.569473
0.604698
0.637744
0.6686529999999999
0.697435
0.72405
0.748467
0.7707290000000001
0.790751
0.808403
0.824053
0.837423
0.848646
0.857649
0.864599
0.869733
0.8732800000000001
0.875756
0.877583
0.879136
0.8805259999999999
0.881834
0.8830669999999999
0.884231
0.8853589999999999
0.886475
0.887553
0.888617
0.8898429999999999
0.891373
0.8939459999999999
0.8996759999999999
0.911925
0.932289
0.959689
0.9923449999999999
1.0306499999999998
1.07024
1.11257
1.1567800000000001
1.20332
1.2516100000000001
1.30036
1.3520999999999999
1.40421
1.45806
1.5121900000000001
1.5703900000000002
1.62652
1.68601
1.74559
1.80735
1.86881
1.93201
1.9957799999999999
2.0617199999999998
2.12733
2.19594
2.26268
2.33202
2.40157
2.4725200000000003
2.54494
2.61767
2.69081
2.76504
2.84117
2.91661
2.99336

Vgs: 4.0
-0.029834
0.034754600000000004
0.0989503
0.162566
0.224165
0.284302
0.34410799999999997
0.402558
0.457703
0.5114460000000001
0.5637949999999999
0.613365
0.659926
0.7053349999999999
0.7486780000000001
0.789515
0.828124
0.864537
0.8989090000000001
0.931181
0.961305
0.98902
1.01622
1.03996
1.06168
1.0811499999999998
1.09856
1.1137
1.12667
1.13751
1.14619
1.15299
1.158
1.16168
1.16419
1.16628
1.168
1.1695900000000001
1.17108
1.17249
1.17381
1.1751
1.17635
1.17763
1.17888
1.1801599999999999
1.18194
1.1847400000000001
1.19115
1.20458
1.22725
1.2575699999999999
1.2937400000000001
1.33405
1.37756
1.42343
1.4715399999999998
1.52238
1.57469
1.62918
1.68502
1.74212
1.80119
1.86023
1.92247
1.9848499999999998
2.0470599999999997
2.11284
2.17729
2.24378
2.31191
2.3808100000000003
2.45045
2.52064
2.59143
2.6632700000000002
2.73599
2.81095
2.8861999999999997
2.96279
3.0395399999999997

Vgs: 4.5
-0.0483144
0.0217074
0.09058870000000001
0.15705
0.223566
0.290272
0.35688400000000003
0.42149800000000004
0.48549
0.548567
0.610302
0.671246
0.729184
0.7861539999999999
0.839854
0.892716
0.942603
0.990012
1.0361
1.0786
1.11888
1.15649
1.19244
1.22627
1.2579900000000002
1.28747
1.3150600000000001
1.34043
1.3637199999999998
1.3849
1.40387
1.42076
1.4354500000000001
1.44815
1.45872
1.46722
1.4738399999999998
1.47883
1.48237
1.4851599999999998
1.48737
1.48933
1.49113
1.4928000000000001
1.49441
1.49594
1.49739
1.49875
1.50017
1.5016
1.50313
1.5050599999999998
1.5080799999999999
1.51497
1.52986
1.55458
1.5873300000000001
1.6268
1.67071
1.7179
1.76837
1.8216
1.8763
1.93284
1.9912400000000001
2.05179
2.11298
2.17593
2.23917
2.3043500000000003
2.3703600000000002
2.4373
2.5065299999999997
2.5748699999999998
2.6453
2.71584
2.7878600000000002
2.8616599999999996
2.93539
3.0109999999999997
3.08726

Vgs: 5.0
-0.0643865
0.00840412
0.0840608
0.156518
0.228215
0.299705
0.371265
0.441919
0.512103
0.5814699999999999
0.650299
0.7178749999999999
0.784931
0.85027
0.915386
0.9768030000000001
1.03844
1.09745
1.15448
1.2083599999999999
1.2607
1.30886
1.35462
1.39802
1.43937
1.4785
1.51566
1.55073
1.58379
1.6148799999999999
1.64379
1.67076
1.69556
1.7184
1.7390299999999999
1.75769
1.7741600000000002
1.7886
1.8008600000000001
1.81107
1.8193300000000001
1.82581
1.8307099999999998
1.83436
1.83724
1.83952
1.84165
1.84375
1.84558
1.8473899999999999
1.84902
1.85074
1.85227
1.8538999999999999
1.8555
1.8572199999999999
1.85934
1.8628099999999999
1.87007
1.88564
1.91205
1.94791
1.9899700000000002
2.0368
2.0870900000000003
2.14079
2.19713
2.25593
2.31575
2.3780300000000003
2.44161
2.50657
2.57331
2.64071
2.70941
2.77952
2.85208
2.92468
2.99883
3.0724
3.14737

Vgs: 5.5
-0.08722830000000001
-0.010064900000000002
0.06675969999999999
0.14466500000000002
0.2235
0.301598
0.376655
0.451256
0.529522
0.6029720000000001
0.6788449999999999
0.750941
0.827134
0.897508
0.968349
1.03775
1.10741
1.1751
1.24123
1.30612
1.3686
1.42909
1.48793
1.54396
1.59747
1.64805
1.6961700000000002
1.74171
1.78493
1.8260800000000001
1.8649300000000002
1.90178
1.9366299999999999
1.96919
1.99998
2.02858
2.0548200000000003
2.07937
2.10181
2.12228
2.14083
2.15713
2.1710700000000003
2.18323
2.1933399999999996
2.2013100000000003
2.2076499999999997
2.21245
2.2161899999999997
2.2192499999999997
2.22183
2.22411
2.2264199999999996
2.22843
2.23023
2.23202
2.23378
2.23551
2.23718
2.23887
2.2406
2.24248
2.24528
2.2528
2.26956
2.2981
2.33592
2.38098
2.43018
2.4839100000000003
2.5412299999999997
2.60059
2.6626499999999997
2.7264199999999996
2.7921
2.8589100000000003
2.9283799999999998
2.99893
3.0716300000000003
3.14449
3.2191099999999997

Vgs: 6.0
-0.10900000000000001
-0.0278293
0.053223799999999995
0.13399899999999998
0.211261
0.29212699999999997
0.37261299999999997
0.44961
0.5287529999999999
0.6067359999999999
0.685732
0.766083
0.847611
0.925493
1.00225
1.07816
1.1569099999999999
1.2348000000000001
1.3076299999999998
1.38175
1.45622
1.52552
1.59427
1.66212
1.72884
1.79247
1.85329
1.9112
1.9663699999999997
2.01837
2.06828
2.1152599999999997
2.15996
2.20242
2.24245
2.2807999999999997
2.31686
2.35099
2.38307
2.41311
2.44112
2.46723
2.4911
2.51308
2.53287
2.55041
2.5661899999999997
2.5798900000000002
2.59172
2.60139
2.60919
2.61567
2.62054
2.6243
2.62751
2.63007
2.63272
2.6348700000000003
2.63658
2.63823
2.64035
2.64216
2.64396
2.64579
2.64761
2.6496
2.6519999999999997
2.6554399999999996
2.6631
2.68084
2.71091
2.75135
2.79889
2.852
2.90924
2.9683800000000002
3.03151
3.09672
3.16463
3.23379
3.3041400000000003

Vgs: 6.5
-0.133738
-0.0488025
0.0325566
0.116143
0.20071999999999998
0.281836
0.36697599999999997
0.44856300000000005
0.5323730000000001
0.611818
0.6951120000000001
0.779944
0.861221
0.9398489999999999
1.02126
1.10597
1.18314
1.26062
1.33898
1.4204700000000001
1.5
1.57758
1.65372
1.73084
1.80579
1.87718
1.95167
2.02399
2.09458
2.1669300000000002
2.23376
2.29581
2.35478
2.41082
2.4622699999999997
2.51143
2.5580999999999996
2.6019099999999997
2.64394
2.6834900000000004
2.72119
2.7566800000000002
2.7903200000000004
2.82182
2.85123
2.87843
2.90441
2.92815
2.94956
2.96904
2.98643
3.00164
3.0153
3.02673
3.03613
3.0438
3.04958
3.05441
3.0582700000000003
3.06171
3.06456
3.06719
3.06968
3.0724400000000003
3.0746800000000003
3.07636
3.0783300000000002
3.0801700000000003
3.08223
3.0841499999999997
3.08611
3.08852
3.09218
3.1002199999999998
3.11865
3.15016
3.1928199999999998
3.24395
3.3013
3.3617600000000003
3.42546

Vgs: 7.0
-0.15273
-0.0612165
0.0255649
0.11037200000000001
0.19530599999999998
0.28049900000000005
0.36588499999999996
0.450341
0.533978
0.623532
0.711573
0.797505
0.88474
0.966465
1.0534999999999999
1.1347399999999999
1.22014
1.3017
1.38663
1.46288
1.5536599999999998
1.63661
1.72416
1.80846
1.8864400000000001
1.96942
2.0501
2.12878
2.20365
2.2771
2.35264
2.4266
2.5001200000000003
2.5694899999999996
2.6376199999999996
2.70249
2.76424
2.8221700000000003
2.87621
2.9268300000000003
2.97503
3.02128
3.06467
3.1059
3.1478
3.1849600000000002
3.22033
3.25372
3.28493
3.314
3.3411500000000003
3.36586
3.3889
3.40997
3.42903
3.4459999999999997
3.4610499999999997
3.47406
3.4850499999999998
3.49349
3.50168
3.5076500000000004
3.50942
3.51343
3.5170000000000003
3.52067
3.5225299999999997
3.52486
3.5272300000000003
3.5295199999999998
3.53163
3.53417
3.53692
3.53889
3.5406
3.54284
3.54528
3.54856
3.55699
3.57655
3.60889

Vgs: 7.5
-0.172816
-0.0858052
0.0033934399999999997
0.094418
0.177944
0.27012899999999995
0.35739099999999996
0.446691
0.541647
0.630107
0.7202759999999999
0.810067
0.896783
0.9877009999999999
1.08247
1.17187
1.2579799999999999
1.34677
1.4305800000000002
1.51349
1.60743
1.69425
1.78289
1.87004
1.95356
2.0252600000000003
2.1098
2.1948800000000004
2.27759
2.35947
2.44291
2.52603
2.6076799999999998
2.68845
2.76748
2.84245
2.9159300000000004
2.98691
3.06027
3.1274900000000003
3.1909199999999998
3.2501499999999997
3.3055499999999998
3.35922
3.4098800000000002
3.45744
3.5026100000000002
3.54544
3.58697
3.62579
3.66234
3.69878
3.72968
3.75994
3.78862
3.81517
3.83985
3.86339
3.8838399999999997
3.9024900000000002
3.91823
3.93292
3.94522
3.9558500000000003
3.9647099999999997
3.9720700000000004
3.97753
3.9824300000000004
3.98648
3.98992
3.9929400000000004
3.99579
3.9986500000000005
4.001410000000001
4.0037400000000005
4.00572
4.0078
4.0100999999999996
4.0124
4.01404
4.0169500000000005

Vgs: 8.0
-0.190467
-0.0951878
-0.00624263
0.08431659999999999
0.18005300000000002
0.27307
0.367508
0.459637
0.545481
0.635084
0.729948
0.823218
0.9129039999999999
1.01436
1.0986
1.18654
1.2773299999999999
1.3686200000000002
1.45891
1.54743
1.64326
1.72497
1.81391
1.90332
2.00089
2.0867400000000003
2.17042
2.26326
2.35123
2.43669
2.52367
2.60437
2.68555
2.76126
2.84565
2.92779
3.01471
3.09655
3.17494
3.2516200000000004
3.32929
3.40303
3.47638
3.54828
3.6150599999999997
3.67982
3.7408200000000003
3.79868
3.8532599999999997
3.90382
3.9541999999999997
3.9993
4.0420300000000005
4.08267
4.12122
4.15722
4.19074
4.223120000000001
4.25171
4.27975
4.3057
4.33241
4.3531200000000005
4.37348
4.3934500000000005
4.41042
4.42448
4.43818
4.44862
4.45705
4.46124
4.46673
4.46693
4.4709900000000005
4.4742999999999995
4.47751
4.48042
4.483219999999999
4.48581
4.48798
4.49061
