Vgs range: 0,8,0.1
Vds range: 0,8,0.5

Vgs: 0.0
-0.000224379
-0.000229624
-0.000232346
-0.00022803000000000002
-0.00022752
-0.000231605
-0.000231625
-0.00023517
-0.00024270500000000001
-0.000245848
-0.000255306
-0.000264171
-0.000280563
-0.000296565
-0.000319419
-0.000344003
-0.000381501
-0.00042047499999999996
-0.000468555
-0.000541319
-0.000622573
-0.000714091
-0.000853847
-0.000996328
-0.00121055
-0.00141647
-0.0016839000000000001
-0.00203112
-0.00245255
-0.00295496
-0.00346099
-0.004285870000000001
-0.00524579
-0.00642336
-0.00710493
-0.00902082
-0.0115566
-0.0134932
-0.0160789
-0.0183301
-0.0214898
-0.0250499
-0.0280933
-0.030987900000000002
-0.034934999999999994
-0.03864649999999999
-0.042497799999999995
-0.0455068
-0.049048400000000006
-0.0536623
-0.057553599999999996
-0.0609223
-0.0651331
-0.0705099
-0.0751894
-0.07970780000000001
-0.0848401
-0.0891156
-0.0940777
-0.0990481
-0.102669
-0.10677400000000001
-0.111914
-0.116686
-0.121791
-0.126837
-0.13103900000000002
-0.13515
-0.140562
-0.14726
-0.150367
-0.15417799999999998
-0.161595
-0.16774
-0.172384
-0.177402
-0.18384
-0.18937199999999998
-0.194164
-0.199583
-0.203141

Vgs: 0.5
0.000608504
0.000600099
0.000574774
0.000580692
0.00067302
0.00128932
0.00266354
0.00585247
0.012037599999999999
0.017992400000000002
0.0270218
0.0378263
0.0488006
0.0609476
0.0719279
0.0834952
0.0946551
0.10778
0.11648
0.126679
0.137071
0.14731999999999998
0.157109
0.16647
0.17626999999999998
0.185252
0.194325
0.203382
0.21169200000000002
0.220311
0.228764
0.236835
0.244741
0.252355
0.259813
0.267067
0.273955
0.280253
0.28561400000000003
0.290703
0.295153
0.29835
0.302195
0.305669
0.30785300000000004
0.31050300000000003
0.31207799999999997
0.313695
0.314861
0.315062
0.315079
0.316471
0.316841
0.315415
0.314618
0.313558
0.31379
0.312314
0.312074
0.311105
0.307882
0.307121
0.30569
0.305599
0.30078499999999997
0.299276
0.297902
0.297071
0.29181999999999997
0.292078
0.288638
0.28641
0.282436
0.27993799999999996
0.27492700000000003
0.27302499999999996
0.268726
0.264718
0.260618
0.259262
0.258115

Vgs: 1.0
0.00737655
0.00722274
0.0030251699999999998
0.00179051
0.00140673
0.0017623
0.00328293
0.0065852
0.0128466
0.0191369
0.028405700000000002
0.0401422
0.0538509
0.0690736
0.08648109999999999
0.109721
0.126857
0.14823399999999998
0.17002599999999998
0.191184
0.21308500000000002
0.23474699999999998
0.25553099999999995
0.275476
0.29494
0.31495
0.334143
0.352675
0.370896
0.389071
0.407291
0.424547
0.441754
0.458326
0.47477199999999997
0.49124300000000004
0.50691
0.522597
0.537652
0.552367
0.566712
0.579779
0.5922189999999999
0.603375
0.613856
0.622121
0.630104
0.63755
0.644122
0.6506529999999999
0.658045
0.665021
0.670294
0.6769379999999999
0.680898
0.685722
0.689166
0.694794
0.696157
0.700553
0.7036819999999999
0.7069570000000001
0.707903
0.708413
0.710533
0.711626
0.713555
0.715333
0.719048
0.7204619999999999
0.716146
0.7197739999999999
0.720114
0.7213280000000001
0.7178049999999999
0.71673
0.7135699999999999
0.71701
0.71685
0.717439
0.713456

Vgs: 1.5
0.0299927
0.030019399999999998
0.0266452
0.0192412
0.0146917
0.0112729
0.00932121
0.0104814
0.0137254
0.020418
0.029671399999999997
0.0411749
0.0547039
0.0709877
0.0880643
0.111982
0.129486
0.15340399999999998
0.178246
0.204755
0.233574
0.262851
0.293294
0.323924
0.35483200000000004
0.386193
0.415694
0.44607199999999997
0.47422600000000004
0.5030749999999999
0.5312910000000001
0.559253
0.586305
0.612471
0.6392979999999999
0.6654220000000001
0.6899780000000001
0.714611
0.739105
0.763261
0.787629
0.810181
0.8331109999999999
0.855299
0.877347
0.898633
0.9186679999999999
0.937488
0.954971
0.9716940000000001
0.9864260000000001
0.9994069999999999
1.01494
1.02466
1.03566
1.04742
1.0566600000000002
1.06535
1.07409
1.08391
1.09185
1.0984600000000002
1.10705
1.11515
1.12031
1.1282
1.13361
1.1408399999999999
1.14538
1.15027
1.15498
1.15753
1.15976
1.15566
1.1572200000000001
1.1567800000000001
1.1657600000000001
1.1681000000000001
1.17036
1.1697199999999999
1.1714900000000001

Vgs: 2.0
0.0656324
0.0655848
0.0656157
0.0599752
0.055433
0.051832800000000005
0.0490412
0.0470119
0.0459378
0.046152
0.0482495
0.053346700000000004
0.06151650000000001
0.0747438
0.09090200000000001
0.114085
0.131802
0.15514899999999998
0.18115199999999998
0.206949
0.236923
0.263401
0.299106
0.33255399999999996
0.368087
0.405684
0.442849
0.48239000000000004
0.520034
0.559756
0.598778
0.6385059999999999
0.6745129999999999
0.712881
0.748907
0.784967
0.820809
0.855453
0.888588
0.924084
0.956724
0.9890389999999999
1.02849
1.0543200000000001
1.08595
1.1166
1.1454600000000001
1.17565
1.2044899999999998
1.2326
1.26006
1.28566
1.31026
1.33259
1.34913
1.37063
1.38666
1.4036000000000002
1.41917
1.4340799999999998
1.44892
1.46145
1.47255
1.48378
1.49749
1.50484
1.51701
1.5290300000000001
1.53904
1.54789
1.56053
1.56691
1.57712
1.57756
1.58336
1.58914
1.59175
1.59887
1.60359
1.60689
1.60831

Vgs: 2.5
0.132136
0.132189
0.13219999999999998
0.132086
0.12742699999999998
0.12494000000000001
0.12279200000000001
0.12114
0.119985
0.119327
0.11935899999999999
0.120158
0.121978
0.12517499999999998
0.129924
0.137288
0.14836100000000002
0.164513
0.18585100000000002
0.211227
0.240213
0.27091099999999996
0.30345900000000003
0.337271
0.371409
0.40928
0.44859499999999997
0.48877100000000007
0.5295150000000001
0.57293
0.618164
0.6630940000000001
0.709294
0.756169
0.8024749999999999
0.850146
0.895345
0.940628
0.9849240000000001
1.0393100000000002
1.07423
1.11714
1.1592200000000001
1.20144
1.24074
1.2811400000000002
1.31071
1.3606
1.39802
1.4368
1.47418
1.50489
1.5462799999999999
1.5818699999999999
1.6148200000000001
1.64802
1.67934
1.70924
1.7357500000000001
1.76244
1.78761
1.80981
1.8314
1.84907
1.87219
1.8881
1.90553
1.9257199999999999
1.93725
1.94791
1.96308
1.9704700000000002
1.98137
1.9911500000000002
2.0017400000000003
2.01247
2.02015
2.03112
2.0425500000000003
2.0482299999999998
2.0502200000000004

Vgs: 3.0
0.233511
0.233647
0.233707
0.23371199999999998
0.233331
0.230695
0.229712
0.228876
0.22811
0.227893
0.22813
0.228799
0.230049
0.231673
0.233908
0.23734599999999997
0.24152200000000001
0.24675800000000003
0.253893
0.262693
0.274959
0.29170999999999997
0.315019
0.342739
0.376539
0.413372
0.451887
0.493455
0.533396
0.577375
0.622596
0.669028
0.716805
0.7673909999999999
0.815539
0.868668
0.92138
0.9746130000000001
1.0398
1.0837100000000002
1.1372000000000002
1.18991
1.24068
1.29449
1.3468200000000001
1.3955199999999999
1.4447699999999999
1.49393
1.54212
1.58971
1.63617
1.68165
1.72805
1.77247
1.8159
1.86016
1.90153
1.94279
1.9827400000000002
2.02237
2.0601
2.0954900000000003
2.12921
2.15957
2.18864
2.21419
2.23948
2.26288
2.28486
2.3061800000000003
2.32672
2.34591
2.36394
2.38096
2.39732
2.41295
2.43019
2.4450600000000002
2.45701
2.46643
2.4843

Vgs: 3.5
0.36861499999999997
0.368756
0.368589
0.368875
0.368879
0.368549
0.367929
0.36794
0.36820499999999995
0.368643
0.369485
0.370662
0.372058
0.373795
0.375842
0.37847
0.381639
0.38528
0.389898
0.39488
0.40101200000000004
0.408218
0.416634
0.42708999999999997
0.43970899999999996
0.45654
0.478337
0.507335
0.5418219999999999
0.582939
0.6275540000000001
0.6755570000000001
0.721995
0.771281
0.821747
0.875166
0.9280309999999999
0.9825840000000001
1.05116
1.09657
1.15573
1.21656
1.27653
1.3358700000000001
1.3962700000000001
1.4569299999999998
1.51663
1.57708
1.6339499999999998
1.6922199999999998
1.74909
1.80375
1.8595899999999999
1.91368
1.96876
2.02054
2.07299
2.12439
2.1736400000000002
2.22542
2.2732799999999997
2.32015
2.36725
2.4139399999999998
2.45904
2.49938
2.5386200000000003
2.57708
2.61266
2.6463099999999997
2.67673
2.70573
2.73345
2.75961
2.7844100000000003
2.8098799999999997
2.82943
2.84983
2.86803
2.89029
2.91431

Vgs: 4.0
0.5355759999999999
0.535455
0.535789
0.5358809999999999
0.535664
0.5360309999999999
0.536861
0.537688
0.538598
0.5396949999999999
0.5411870000000001
0.542802
0.544551
0.546465
0.549064
0.5518660000000001
0.554928
0.558408
0.5623349999999999
0.566704
0.5717180000000001
0.576975
0.583008
0.5898070000000001
0.597278
0.606112
0.615858
0.627331
0.6408969999999999
0.657572
0.678697
0.705484
0.739957
0.780865
0.828566
0.880054
0.933584
0.9890599999999999
1.05762
1.1035000000000001
1.16325
1.22237
1.28475
1.34721
1.41089
1.47627
1.54097
1.60852
1.67404
1.74246
1.80829
1.8735600000000001
1.9403599999999999
2.00372
2.06852
2.1313999999999997
2.19352
2.2539499999999997
2.3138099999999997
2.37398
2.43284
2.48983
2.54711
2.6026000000000002
2.6581
2.71215
2.76605
2.81841
2.86654
2.91628
2.96265
3.0066300000000004
3.0499899999999998
3.09009
3.1258000000000004
3.1608500000000004
3.19287
3.22503
3.25524
3.2837
3.30861

Vgs: 4.5
0.731534
0.731546
0.731627
0.7316469999999999
0.731534
0.731328
0.7310409999999999
0.733265
0.7352949999999999
0.736818
0.739077
0.741098
0.743902
0.7465240000000001
0.749403
0.752952
0.7563650000000001
0.760022
0.764286
0.769002
0.77379
0.778907
0.784487
0.7902640000000001
0.7964870000000001
0.803566
0.811117
0.819505
0.82854
0.838677
0.849796
0.8621949999999999
0.8765160000000001
0.8933180000000001
0.9132399999999999
0.9378029999999999
0.9690700000000001
1.0188899999999999
1.0574700000000001
1.11228
1.1697199999999999
1.2299399999999998
1.2921799999999999
1.35504
1.41983
1.48478
1.55069
1.6200999999999999
1.6869
1.7574100000000001
1.82921
1.89918
1.9717900000000002
2.04499
2.11962
2.19162
2.26131
2.3333999999999997
2.40216
2.47298
2.5403700000000002
2.60759
2.67483
2.74062
2.80462
2.8688
2.93322
2.99353
3.0539199999999997
3.11359
3.17169
3.22878
3.28589
3.3428199999999997
3.3948099999999997
3.44758
3.4923100000000002
3.53909
3.58223
3.62427
3.66108

Vgs: 5.0
0.956052
0.956503
0.957042
0.956632
0.95723
0.956892
0.957479
0.9573579999999999
0.9603609999999999
0.9626399999999999
0.965594
0.9683419999999999
0.9718450000000001
0.9747170000000001
0.9783350000000001
0.9825529999999999
0.9865259999999999
0.9901420000000001
0.9948649999999999
0.999467
1.00596
1.01027
1.01579
1.02128
1.0275
1.0342
1.04117
1.04863
1.05646
1.06473
1.07386
1.0830499999999998
1.09338
1.10433
1.11662
1.13015
1.14067
1.16197
1.18143
1.20488
1.23321
1.26878
1.31412
1.36692
1.42784
1.49169
1.55656
1.62538
1.69462
1.76496
1.8367200000000001
1.91099
1.9816999999999998
2.05694
2.13267
2.2079299999999997
2.28407
2.36354
2.4396
2.51847
2.59705
2.6732
2.7491600000000003
2.8251999999999997
2.89923
2.97304
3.0445200000000003
3.1181099999999997
3.18866
3.25846
3.32681
3.39285
3.4610000000000003
3.52396
3.58763
3.6540399999999997
3.7133700000000003
3.77545
3.83256
3.88818
3.94287

Vgs: 5.5
1.21571
1.2153
1.21658
1.21553
1.21567
1.21504
1.21515
1.21407
1.21518
1.22068
1.2242799999999998
1.22715
1.2301199999999999
1.2335099999999999
1.23692
1.24123
1.2458
1.25033
1.2546899999999999
1.25945
1.26465
1.26959
1.27545
1.28157
1.28783
1.2943099999999998
1.30105
1.3082799999999999
1.31539
1.3229
1.33113
1.33995
1.34935
1.3581
1.36815
1.37909
1.39047
1.40296
1.41581
1.43026
1.44581
1.46275
1.48292
1.50452
1.531
1.5626200000000001
1.6009200000000001
1.65114
1.70901
1.77477
1.8450300000000002
1.91751
1.9903999999999997
2.06565
2.1425
2.219
2.29576
2.37633
2.45455
2.53832
2.61771
2.69897
2.7854
2.86443
2.96456
3.03238
3.11201
3.19551
3.2723
3.35291
3.43167
3.5071999999999997
3.58324
3.6589
3.73428
3.8061700000000003
3.875
3.9463
4.01465
4.08474
4.14762

Vgs: 6.0
1.4961099999999998
1.49589
1.49633
1.4961600000000002
1.4962499999999999
1.49556
1.4955100000000001
1.49532
1.4956500000000001
1.49675
1.503
1.50643
1.51034
1.5147599999999999
1.5191700000000001
1.52457
1.52941
1.53456
1.53973
1.54415
1.55003
1.55617
1.56164
1.5668
1.57323
1.57989
1.5865799999999999
1.59323
1.60047
1.60803
1.61598
1.62403
1.6322999999999999
1.64098
1.65008
1.65987
1.66968
1.6805999999999999
1.6915499999999999
1.70299
1.71552
1.7287299999999999
1.7429
1.7583099999999998
1.77419
1.79236
1.81101
1.8336400000000002
1.85743
1.88711
1.92263
1.9643400000000002
2.01927
2.08189
2.15353
2.22858
2.3033900000000003
2.3830999999999998
2.46277
2.54546
2.62919
2.70946
2.7958499999999997
2.87731
2.9631800000000004
3.0497300000000003
3.13516
3.22336
3.30925
3.39871
3.48525
3.56968
3.65553
3.73917
3.82401
3.9043300000000003
3.9854399999999996
4.06884
4.14438
4.222799999999999
4.29772

Vgs: 6.5
1.79994
1.80039
1.8001
1.8007900000000001
1.8009300000000001
1.80124
1.8005499999999999
1.8004900000000001
1.80022
1.7985200000000001
1.8018
1.80866
1.8126399999999998
1.8175999999999999
1.82259
1.8271
1.83282
1.83838
1.8431700000000002
1.84845
1.85441
1.8597100000000002
1.86636
1.87311
1.8797499999999998
1.88703
1.89314
1.9002999999999999
1.90762
1.9157
1.9237
1.93073
1.94005
1.94892
1.95766
1.9670400000000001
1.97639
1.98635
1.9964700000000002
2.0075499999999997
2.01836
2.02944
2.04207
2.0547500000000003
2.0680300000000003
2.0820600000000002
2.0965
2.1132899999999997
2.12983
2.14751
2.16703
2.1881399999999998
2.21226
2.23891
2.2703100000000003
2.30852
2.35404
2.41435
2.47952
2.5586900000000004
2.62804
2.7183200000000003
2.80454
2.8876
2.9762500000000003
3.0602099999999997
3.14832
3.23909
3.3249299999999997
3.4188899999999998
3.5054000000000003
3.5962300000000003
3.68852
3.7768900000000003
3.86867
3.95763
4.046799999999999
4.135619999999999
4.22567
4.31335
4.39874

Vgs: 7.0
2.13239
2.13353
2.1339200000000003
2.13254
2.13344
2.13402
2.13391
2.1339699999999997
2.13372
2.133
2.13305
2.13734
2.1427
2.14766
2.15153
2.15724
2.16296
2.1680200000000003
2.1735700000000002
2.17885
2.1851700000000003
2.19139
2.19847
2.2051000000000003
2.21205
2.2201
2.22706
2.2345300000000003
2.24166
2.24891
2.2567
2.26463
2.27252
2.2812200000000002
2.28999
2.2992500000000002
2.30852
2.31853
2.3267800000000003
2.33753
2.34823
2.35929
2.37087
2.38266
2.3950400000000003
2.4071499999999997
2.42023
2.4336800000000003
2.44774
2.46283
2.47825
2.4945000000000004
2.5121599999999997
2.5301299999999998
2.5500700000000003
2.5711000000000004
2.59435
2.62044
2.6491700000000002
2.68294
2.7229
2.77202
2.83678
2.9062200000000002
2.98663
3.07245
3.15817
3.24772
3.32638
3.42753
3.5188900000000003
3.6078
3.70135
3.79446
3.88464
3.9775899999999997
4.07069
4.16558
4.2603800000000005
4.35371
4.44726

Vgs: 7.5
2.48746
2.48728
2.48751
2.48637
2.48722
2.48604
2.48705
2.4869
2.48788
2.48732
2.48751
2.48702
2.49399
2.50104
2.50615
2.51185
2.51842
2.52352
2.5287
2.53383
2.5405100000000003
2.54732
2.55334
2.56053
2.56754
2.57409
2.5817
2.58827
2.59574
2.60371
2.61263
2.62032
2.62696
2.6370199999999997
2.64541
2.6544
2.66388
2.6728099999999997
2.68228
2.6926300000000003
2.7018799999999996
2.71134
2.72289
2.7343900000000003
2.74554
2.75758
2.76933
2.7831900000000003
2.79534
2.80849
2.82225
2.8364599999999998
2.8517099999999997
2.8671
2.8826400000000003
2.89906
2.9168000000000003
2.9359
2.95529
2.97661
2.99949
3.02402
3.0516699999999997
3.08286
3.1190599999999997
3.1625
3.2136299999999998
3.27895
3.35331
3.4399
3.5282199999999997
3.61623
3.70974
3.8011500000000003
3.89757
3.99121
4.08624
4.17998
4.27422
4.37094
4.46717

Vgs: 8.0
2.86696
2.8654800000000002
2.86673
2.86682
2.8683300000000003
2.86924
2.8665700000000003
2.86744
2.8695
2.86902
2.86803
2.8679
2.86735
2.87512
2.8809899999999997
2.88701
2.89337
2.89961
2.90575
2.9108300000000003
2.91793
2.92456
2.93124
2.93926
2.9440999999999997
2.95393
2.96
2.9659299999999997
2.9734000000000003
2.9825
2.9904900000000003
2.99892
3.00661
3.01445
3.02299
3.03251
3.04079
3.05027
3.05931
3.07
3.07984
3.08914
3.09963
3.11055
3.1217699999999997
3.13271
3.14329
3.15525
3.16773
3.17949
3.1925600000000003
3.2049600000000003
3.21841
3.23055
3.24648
3.2608099999999998
3.27632
3.29188
3.3083600000000004
3.32552
3.34339
3.36213
3.38226
3.40285
3.42584
3.4505500000000002
3.4763200000000003
3.5057899999999997
3.53709
3.5754099999999998
3.62168
3.67501
3.7425
3.8203
3.90959
3.9996600000000004
4.09676
4.1915
4.28675
4.38189
4.47923
