Vgs range: 0,8,0.1
Vds range: 0,8,0.5

Vgs: 0.0
-0.000233396
-0.000230689
-0.000232311
-0.000228359
-0.00023293699999999998
-0.000236675
-0.00023479
-0.00023962999999999998
-0.000238806
-0.000244718
-0.000245036
-0.000255348
-0.000256042
-0.000265034
-0.000270466
-0.000284686
-0.00029185400000000003
-0.000311151
-0.00032720000000000004
-0.00034855300000000004
-0.000385882
-0.00042017599999999997
-0.000466499
-0.000532615
-0.0006130339999999999
-0.000724095
-0.0008756549999999999
-0.0010644299999999999
-0.0012483899999999998
-0.0015173300000000001
-0.0018731
-0.00232376
-0.00290667
-0.00360502
-0.00465357
-0.005750900000000001
-0.006886059999999999
-0.00833722
-0.0103677
-0.0121876
-0.014423
-0.0163468
-0.019102
-0.0218452
-0.0241525
-0.025554
-0.028680800000000003
-0.03203
-0.0352
-0.037152199999999996
-0.040479799999999996
-0.0437657
-0.047219000000000004
-0.051873
-0.0555534
-0.0592374
-0.062367399999999996
-0.0668831
-0.0731657
-0.078657
-0.0812307
-0.0862369
-0.09170500000000001
-0.09735830000000001
-0.10212700000000001
-0.106505
-0.111432
-0.117383
-0.12224800000000001
-0.126728
-0.13364
-0.14062300000000003
-0.145157
-0.153185
-0.15998600000000002
-0.166669
-0.168603
-0.17597700000000002
-0.181499
-0.184504
-0.190399

Vgs: 0.5
0.000595858
0.0005911880000000001
0.000574851
0.0005828420000000001
0.000675763
0.00129644
0.00269024
0.00582331
0.0120667
0.018285
0.0271694
0.0376045
0.0492497
0.0604822
0.0719471
0.08354199999999999
0.094662
0.10779499999999999
0.11667699999999999
0.126709
0.13721
0.147142
0.157267
0.166652
0.17591500000000002
0.185299
0.19442900000000002
0.203405
0.21218499999999998
0.22058
0.228929
0.237206
0.24517
0.252853
0.260675
0.268177
0.274824
0.281696
0.288293
0.294298
0.299585
0.304713
0.308512
0.311752
0.31454600000000005
0.317218
0.31833700000000004
0.320653
0.321761
0.32331299999999996
0.322443
0.32249500000000003
0.324444
0.32545399999999997
0.324525
0.322052
0.324214
0.320282
0.32119400000000004
0.319136
0.31909899999999997
0.31930800000000004
0.31624
0.315968
0.316977
0.313578
0.311725
0.311424
0.306106
0.29965800000000004
0.297382
0.29332400000000003
0.293201
0.291562
0.289648
0.286516
0.28736
0.28107099999999996
0.271553
0.268615
0.26905

Vgs: 1.0
0.00638057
0.00617863
0.00228854
0.0014907100000000001
0.0013306400000000001
0.00178345
0.00328602
0.00652134
0.012884000000000001
0.019244499999999998
0.0286105
0.0400038
0.053935199999999996
0.0692083
0.0864893
0.10977899999999999
0.126457
0.147979
0.169701
0.191413
0.213081
0.23472400000000002
0.255523
0.275164
0.294976
0.312525
0.333938
0.353285
0.371006
0.38925899999999997
0.40718
0.424492
0.441465
0.458523
0.474734
0.491221
0.5069560000000001
0.522655
0.537695
0.552675
0.567116
0.581367
0.59463
0.606823
0.616678
0.6289009999999999
0.639077
0.647165
0.654844
0.662914
0.6692739999999999
0.676664
0.684809
0.690189
0.695739
0.700934
0.706769
0.71184
0.715842
0.720779
0.723785
0.727625
0.7274809999999999
0.728285
0.731306
0.7333660000000001
0.7274719999999999
0.730675
0.729883
0.731944
0.733122
0.731793
0.723296
0.725658
0.727073
0.733107
0.732711
0.7313550000000001
0.726751
0.72565
0.731534

Vgs: 1.5
0.029354500000000002
0.0293385
0.0255604
0.0180343
0.013532299999999999
0.00944134
0.00818564
0.009104019999999999
0.014244600000000001
0.0203408
0.0296628
0.041312800000000004
0.0549303
0.07075820000000001
0.0882808
0.112045
0.12984199999999999
0.15274200000000002
0.177926
0.204828
0.23443
0.26392899999999997
0.29404399999999997
0.323928
0.35481599999999996
0.386021
0.416174
0.445645
0.473792
0.502506
0.53108
0.5583889999999999
0.585532
0.611765
0.637857
0.6638189999999999
0.689419
0.714596
0.73831
0.7586360000000001
0.78603
0.809421
0.832238
0.854312
0.876432
0.8974449999999999
0.917621
0.936894
0.954757
0.970265
0.9851160000000001
0.999731
1.01497
1.01848
1.0291899999999998
1.0411400000000002
1.05101
1.06166
1.07096
1.08317
1.09176
1.10198
1.1069
1.11528
1.12056
1.13086
1.14022
1.14565
1.14872
1.15424
1.16086
1.16984
1.17476
1.17712
1.18196
1.18969
1.19206
1.18845
1.19194
1.18991
1.1973699999999998

Vgs: 2.0
0.0641904
0.0642348
0.0642509
0.0581808
0.0534642
0.0499121
0.046941399999999994
0.044599099999999996
0.043464
0.0436312
0.0452549
0.050684599999999996
0.0595269
0.0735219
0.0903651
0.114066
0.13192299999999998
0.155218
0.180438
0.20812
0.236555
0.267207
0.29920199999999997
0.332328
0.367612
0.40479699999999996
0.442761
0.481288
0.520987
0.559605
0.599142
0.636809
0.67431
0.706018
0.747327
0.783733
0.820051
0.853919
0.887816
0.921739
0.9552029999999999
0.987375
1.0272599999999998
1.0530400000000002
1.0851700000000002
1.11538
1.14403
1.17515
1.20279
1.23169
1.26026
1.2859399999999999
1.3125
1.33757
1.36141
1.38316
1.4032300000000002
1.42184
1.43895
1.45597
1.4730100000000002
1.4879
1.50516
1.5152500000000002
1.52517
1.53481
1.5455899999999998
1.55542
1.5702800000000001
1.57889
1.58659
1.59252
1.60174
1.60606
1.6078
1.61491
1.6224399999999999
1.63049
1.6472900000000001
1.65482
1.66025

Vgs: 2.5
0.13088999999999998
0.13088
0.130667
0.13082
0.12564299999999998
0.12292299999999999
0.120768
0.118959
0.117505
0.116707
0.116618
0.11730099999999999
0.118993
0.122127
0.127033
0.134439
0.14598899999999998
0.16230899999999998
0.185666
0.211361
0.23965999999999998
0.270009
0.302611
0.33590699999999996
0.37164400000000003
0.409402
0.447828
0.487985
0.529294
0.573858
0.618456
0.662712
0.708871
0.7558130000000001
0.80216
0.849312
0.8943310000000001
0.940028
0.984036
1.0380800000000001
1.07298
1.1148
1.15814
1.19982
1.23923
1.2803499999999999
1.31913
1.35837
1.3961100000000002
1.43428
1.47121
1.50745
1.54341
1.57831
1.61382
1.6475199999999999
1.6783
1.7092800000000001
1.73827
1.7664600000000001
1.79233
1.81606
1.83883
1.86025
1.88092
1.8995900000000001
1.91542
1.93442
1.9560300000000002
1.9722799999999998
1.9851
1.99935
2.01342
2.02985
2.04219
2.05491
2.05661
2.06786
2.07604
2.0784599999999998
2.07994

Vgs: 3.0
0.23444199999999998
0.234434
0.234683
0.233981
0.233871
0.23056300000000002
0.22903400000000002
0.228017
0.226954
0.226392
0.226445
0.22690000000000002
0.227873
0.22928600000000002
0.231261
0.234174
0.238075
0.24338300000000002
0.25010499999999997
0.259146
0.27122
0.288826
0.311102
0.34096000000000004
0.375701
0.413143
0.451911
0.493002
0.53518
0.576978
0.624221
0.662662
0.7172660000000001
0.766004
0.815617
0.868058
0.921058
0.974014
1.0390300000000001
1.08212
1.13551
1.18842
1.2419099999999998
1.29309
1.34518
1.39463
1.4436200000000001
1.49434
1.54032
1.58934
1.63733
1.6809699999999999
1.7273399999999999
1.77272
1.81688
1.85852
1.89999
1.94255
1.98174
2.02176
2.05904
2.09532
2.1292199999999997
2.15981
2.19028
2.2165700000000004
2.24347
2.2704299999999997
2.29326
2.3163799999999997
2.33732
2.3584199999999997
2.3816200000000003
2.40048
2.41816
2.43393
2.44776
2.45918
2.4799800000000003
2.49404
2.51382

Vgs: 3.5
0.370031
0.370264
0.37073100000000003
0.37043299999999996
0.370365
0.369385
0.368802
0.368327
0.368259
0.36873100000000003
0.369002
0.369556
0.370583
0.37186400000000003
0.37374
0.376089
0.378774
0.38217999999999996
0.386166
0.390953
0.396593
0.403642
0.411696
0.42178000000000004
0.434657
0.451287
0.473595
0.50348
0.5415599999999999
0.58236
0.628501
0.6739310000000001
0.7223149999999999
0.7639739999999999
0.822937
0.873801
0.927069
0.981738
1.04983
1.0954000000000002
1.15411
1.2127
1.27445
1.33392
1.39622
1.45568
1.5143199999999999
1.57504
1.6311
1.68952
1.7461799999999998
1.8009600000000001
1.85699
1.91107
1.9665199999999998
2.01844
2.07031
2.12079
2.17166
2.22097
2.26982
2.3164700000000003
2.36416
2.41027
2.4551600000000002
2.49841
2.54017
2.58058
2.6169800000000003
2.65353
2.6854999999999998
2.7162599999999997
2.75139
2.77752
2.80403
2.8275900000000003
2.84876
2.8703000000000003
2.88823
2.90448
2.92413

Vgs: 4.0
0.539559
0.5394059999999999
0.539323
0.539535
0.539991
0.540629
0.541036
0.541175
0.541875
0.542272
0.54303
0.5442640000000001
0.545338
0.5473210000000001
0.549503
0.5517430000000001
0.5543800000000001
0.557374
0.5614790000000001
0.565401
0.56986
0.574793
0.580496
0.586851
0.5937629999999999
0.602009
0.611557
0.622651
0.635864
0.6514859999999999
0.6723439999999999
0.698525
0.73421
0.777942
0.827511
0.879686
0.93316
0.988264
1.0562399999999998
1.10232
1.16233
1.22273
1.2846000000000002
1.34771
1.41079
1.477
1.53839
1.60611
1.6722
1.7346499999999998
1.80762
1.87323
1.9370100000000001
2.00119
2.0651100000000002
2.12835
2.18925
2.25095
2.3110600000000003
2.37064
2.43147
2.48801
2.5445200000000003
2.59968
2.65519
2.70984
2.76107
2.8136900000000002
2.86366
2.9137500000000003
2.9626
3.00697
3.0523
3.0931
3.1321600000000003
3.1680900000000003
3.20248
3.23507
3.26558
3.29506
3.32357

Vgs: 4.5
0.7411540000000001
0.740895
0.740812
0.7409549999999999
0.740826
0.740815
0.740228
0.742112
0.7427860000000001
0.744314
0.746171
0.7480720000000001
0.750428
0.7525459999999999
0.755192
0.757231
0.7604559999999999
0.7639670000000001
0.767528
0.771026
0.774739
0.779777
0.784437
0.789798
0.795895
0.802304
0.8078609999999999
0.816674
0.824941
0.834345
0.845014
0.856873
0.870731
0.886622
0.9059590000000001
0.930411
0.957283
1.0123499999999999
1.05308
1.10947
1.16372
1.22824
1.29022
1.35262
1.41731
1.48624
1.54817
1.61608
1.6834
1.75443
1.82521
1.8950799999999999
1.96808
2.0405100000000003
2.11317
2.1859100000000002
2.2578799999999997
2.3287400000000003
2.3987000000000003
2.4679900000000004
2.53631
2.6053
2.67148
2.73592
2.8013600000000003
2.86522
2.92868
2.99594
3.05702
3.1158
3.1756599999999997
3.23427
3.29137
3.34466
3.3979600000000003
3.45418
3.5057899999999997
3.5489200000000003
3.59442
3.63831
3.67876

Vgs: 5.0
0.969311
0.969051
0.9696060000000001
0.969646
0.9699319999999999
0.9705
0.970347
0.969884
0.9723620000000001
0.9748530000000001
0.9772879999999999
0.9791030000000001
0.98198
0.984557
0.987073
0.990025
0.993519
0.996684
1.0017800000000001
1.00568
1.0099
1.0144799999999998
1.0193100000000002
1.02445
1.02942
1.0359099999999999
1.04187
1.04797
1.05502
1.06236
1.07124
1.07986
1.0897299999999999
1.10049
1.11207
1.12469
1.1388800000000001
1.1553
1.17452
1.19729
1.22496
1.25996
1.30681
1.3619999999999999
1.42444
1.49125
1.55474
1.62411
1.69201
1.76359
1.83453
1.90651
1.9805399999999997
2.0574
2.12951
2.20959
2.28328
2.34243
2.4371
2.5161200000000004
2.59494
2.6709099999999997
2.73727
2.82353
2.89918
2.9750900000000002
3.04361
3.1161700000000003
3.18637
3.25817
3.32451
3.39127
3.45743
3.52192
3.5887800000000003
3.65704
3.71424
3.77031
3.83208
3.89336
3.9488700000000003

Vgs: 5.5
1.2258
1.2255600000000002
1.22637
1.2254399999999999
1.22563
1.22557
1.22624
1.22599
1.2255600000000002
1.2294800000000001
1.23215
1.23553
1.238
1.24157
1.24515
1.24861
1.25251
1.2558
1.26013
1.26438
1.2692400000000001
1.2735299999999998
1.2787899999999999
1.2843
1.28979
1.29582
1.30177
1.30776
1.3142500000000001
1.32178
1.32912
1.33716
1.34574
1.35537
1.36429
1.3746500000000001
1.38517
1.39713
1.40988
1.42374
1.4389800000000001
1.4555
1.47409
1.49587
1.52248
1.5539399999999999
1.5912700000000002
1.64211
1.7031500000000002
1.77271
1.8438700000000001
1.91559
1.9905000000000002
2.06418
2.1407700000000003
2.2190600000000003
2.29417
2.3740200000000002
2.45312
2.5358400000000003
2.61729
2.69838
2.7833699999999997
2.86558
2.9469000000000003
3.03242
3.04661
3.04675
3.0468499999999996
3.0469500000000003
3.0470599999999997
3.04705
3.04686
3.3803900000000002
3.72537
3.8042000000000002
3.875
3.94801
4.01685
4.08556
4.151120000000001

Vgs: 6.0
1.50359
1.50348
1.50396
1.50391
1.50468
1.50627
1.50588
1.50592
1.50481
1.5054999999999998
1.51101
1.51435
1.5173400000000001
1.52201
1.52535
1.5300500000000001
1.535
1.5395
1.54426
1.5493
1.5539399999999999
1.55905
1.56536
1.56974
1.57562
1.58139
1.58794
1.59443
1.6014
1.60851
1.61586
1.6232600000000001
1.63125
1.6397899999999999
1.64821
1.65742
1.6668
1.67678
1.68703
1.69819
1.7103000000000002
1.72288
1.7363000000000002
1.75114
1.76673
1.78458
1.80258
1.82397
1.84798
1.87685
1.9110399999999998
1.9535099999999999
2.00957
2.07537
2.14977
2.22604
2.3032399999999997
2.38463
2.46544
2.54527
2.62576
2.70051
2.79399
2.87672
2.96283
3.04935
3.13421
3.22285
3.30933
3.3986799999999997
3.48441
3.56988
3.65725
3.73977
3.8257999999999996
3.9075699999999998
3.98385
4.0676499999999995
4.145379999999999
4.22337
4.29931

Vgs: 6.5
1.81692
1.8175400000000002
1.81711
1.8161399999999999
1.81591
1.81552
1.81606
1.81538
1.81612
1.81633
1.81726
1.82425
1.82812
1.83226
1.83595
1.83977
1.84487
1.84964
1.85484
1.85993
1.86545
1.87116
1.8771499999999999
1.88264
1.8879299999999999
1.8949500000000001
1.9011799999999999
1.90713
1.9136900000000001
1.92049
1.9276600000000002
1.9350800000000001
1.9426
1.95072
1.95829
1.9676500000000001
1.97635
1.98542
1.9949299999999999
2.0045599999999997
2.01435
2.02576
2.03706
2.04857
2.0621
2.07515
2.08893
2.1045399999999996
2.12102
2.1379200000000003
2.15688
2.17808
2.20146
2.22858
2.25896
2.2966800000000003
2.34209
2.4015899999999997
2.4736900000000004
2.55265
2.6339200000000003
2.71784
2.8023499999999997
2.8864300000000003
2.9727099999999997
3.0598
3.14574
3.23246
3.31976
3.40385
3.49902
3.58875
3.68158
3.77455
3.86632
3.95662
4.04547
4.1317
4.22394
4.3099
4.396129999999999

Vgs: 7.0
2.149
2.14906
2.14885
2.14826
2.14874
2.1485800000000004
2.1486199999999998
2.14863
2.14758
2.1473999999999998
2.1476699999999997
2.1513
2.15645
2.16202
2.1682300000000003
2.17291
2.17801
2.18373
2.1900399999999998
2.19537
2.20101
2.2059100000000003
2.2117299999999998
2.2161
2.22287
2.22911
2.2359799999999996
2.24409
2.2501700000000002
2.25657
2.2646699999999997
2.27187
2.27896
2.28646
2.29547
2.30369
2.31168
2.32138
2.33068
2.34016
2.35014
2.36096
2.37085
2.3798999999999997
2.39282
2.40536
2.4176800000000003
2.43036
2.44323
2.45758
2.47272
2.4883599999999997
2.50405
2.52183
2.54055
2.5615
2.5831299999999997
2.60961
2.63773
2.6708600000000002
2.70959
2.75859
2.82246
2.8986
2.9809900000000003
3.069
3.15458
3.24403
3.33112
3.42206
3.51112
3.60047
3.69271
3.78491
3.8787700000000003
3.97157
4.0616200000000005
4.15919
4.25605
4.362979999999999
4.452120000000001

Vgs: 7.5
2.5035399999999997
2.50216
2.50313
2.5036799999999997
2.50419
2.5048399999999997
2.5046600000000003
2.50317
2.50227
2.5030099999999997
2.50432
2.50483
2.5094499999999997
2.5149999999999997
2.52052
2.52591
2.5303999999999998
2.53659
2.5412
2.5477999999999996
2.55178
2.5612
2.56647
2.5725100000000003
2.57847
2.5857200000000002
2.5934
2.5998699999999997
2.60663
2.61382
2.62115
2.62881
2.63637
2.64384
2.65296
2.66019
2.6689499999999997
2.67768
2.68745
2.69605
2.70545
2.71434
2.72361
2.7341100000000003
2.7456300000000002
2.75641
2.76768
2.78029
2.79084
2.80473
2.81722
2.82986
2.84411
2.85973
2.87555
2.89095
2.90741
2.9262300000000003
2.9449799999999997
2.9660699999999998
2.98813
3.01259
3.0395399999999997
3.0694500000000002
3.10697
3.14797
3.19928
3.26666
3.3479400000000004
3.43433
3.52387
3.61355
3.7059100000000003
3.79895
3.89575
3.98821
4.0793
4.17734
4.27316
4.37494
4.47171

Vgs: 8.0
2.88199
2.8807199999999997
2.88108
2.88033
2.8817299999999997
2.8816200000000003
2.88136
2.88075
2.87859
2.87716
2.87614
2.87756
2.87644
2.88163
2.89011
2.89472
2.90023
2.90704
2.91291
2.91922
2.92492
2.93196
2.93779
2.94456
2.95061
2.957
2.9639800000000003
2.96854
2.97705
2.9837100000000003
2.99207
2.9999599999999997
3.00592
3.01752
3.02476
3.03231
3.0406
3.04856
3.05704
3.06764
3.0762300000000002
3.08486
3.0956
3.10487
3.11274
3.12593
3.13669
3.14875
3.16
3.1716499999999996
3.18393
3.19706
3.2090899999999998
3.22354
3.2383699999999997
3.2515199999999997
3.26411
3.28089
3.29641
3.31682
3.3351800000000003
3.35356
3.37059
3.39089
3.4127
3.4376200000000003
3.46334
3.4950799999999997
3.5271600000000003
3.5684699999999996
3.6141099999999997
3.66657
3.73258
3.8124000000000002
3.9073299999999995
4.000929999999999
4.09345
4.20531
4.27695
4.37555
4.47105
