Vgs range: 0,8,0.1
Vds range: 0,8,0.5

Vgs: 1.0
0.0213788
0.021367599999999997
0.0213997
0.0214274
0.0215035
0.0216318
0.0218309
0.0224582
0.023147300000000003
0.0241652
0.0259402
0.0277355
0.029990700000000002
0.0336544
0.0375347
0.0418743
0.0473345
0.0531108
0.0597132
0.0666885
0.0748095
0.0828233
0.0911665
0.10270199999999999
0.110523
0.120726
0.128389
0.139073
0.148245
0.156436
0.166966
0.177555
0.18563600000000002
0.193337
0.20168
0.208918
0.216197
0.222776
0.22995900000000002
0.365797
0.388889
0.39541899999999996
0.402271
0.410584
0.417409
0.422231
0.426245
0.43168
0.436583
0.441055
0.44688900000000004
0.45177
0.455513
0.457826
0.465308
0.46995400000000004
0.47453300000000004
0.477512
0.482054
0.48605000000000004
0.48871899999999996
0.49124900000000005
0.4992869999999999
0.503805
0.508521
0.513749
0.516382
0.516474
0.5172380000000001
0.52032
0.52513
0.529405
0.5336759999999999
0.5346329999999999
0.5358
0.538315
0.5389229999999999
0.539136
0.544593
0.546137
0.5513939999999999

Vgs: 1.5
0.033069799999999996
0.033075299999999995
0.0331604
0.033408
0.0345648
0.0375425
0.042298800000000004
0.0501111
0.059898
0.0717917
0.08560480000000001
0.10441
0.118993
0.138679
0.159471
0.18238
0.206432
0.231663
0.258153
0.28243
0.309216
0.333162
0.355148
0.37639500000000004
0.39576500000000003
0.41444600000000004
0.432027
0.448191
0.463311
0.47849299999999995
0.49485900000000005
0.509205
0.522305
0.53337
0.5461469999999999
0.560778
0.573177
0.585036
0.595417
0.607971
0.618928
0.628807
0.6384789999999999
0.647906
0.658715
0.670596
0.678862
0.685856
0.6962309999999999
0.7068829999999999
0.7169150000000001
0.723453
0.732104
0.739159
0.74543
0.75306
0.755251
0.7556550000000001
0.7533880000000001
0.754362
0.754482
0.7548849999999999
0.755653
0.785031
0.812664
0.816918
0.821393
0.825836
0.831345
0.8402280000000001
0.844787
0.850109
0.855937
0.860452
0.864446
0.867972
0.871988
0.8733909999999999
0.875225
0.880372
0.882561

Vgs: 2.0
0.0434552
0.0434586
0.043552099999999996
0.0438146
0.045049200000000005
0.0480154
0.053210900000000005
0.060767299999999996
0.0706269
0.0827545
0.09665040000000001
0.11553100000000001
0.130199
0.15040299999999998
0.171209
0.194295
0.21871
0.24458
0.27205300000000004
0.30046
0.330754
0.361964
0.394252
0.42633
0.459167
0.49076299999999995
0.5203249999999999
0.548436
0.5747760000000001
0.600216
0.624686
0.647797
0.670191
0.6907639999999999
0.71058
0.730594
0.749146
0.767003
0.784228
0.8007879999999999
0.817345
0.832026
0.848958
0.864506
0.87902
0.893322
0.906762
0.920212
0.932359
0.945675
0.958035
0.9708260000000001
0.9856719999999999
0.995316
1.01057
1.01976
1.02951
1.03896
1.05145
1.06134
1.07024
1.08232
1.09177
1.09902
1.10669
1.11531
1.1245999999999998
1.13436
1.14146
1.14964
1.15683
1.16644
1.17213
1.17839
1.18553
1.19247
1.19792
1.20683
1.2106000000000001
1.21387
1.2192100000000001

Vgs: 2.5
0.0535956
0.053600100000000005
0.0537101
0.0539826
0.055206
0.0582473
0.0629872
0.0711026
0.0813249
0.09310339999999999
0.109727
0.12320500000000001
0.140785
0.16081900000000002
0.1819
0.20555500000000002
0.229891
0.256192
0.28383800000000003
0.30908399999999997
0.342986
0.374801
0.408324
0.44209400000000004
0.47653300000000004
0.514066
0.551135
0.58931
0.626115
0.664315
0.7000959999999999
0.7344930000000001
0.767185
0.7978689999999999
0.827927
0.856981
0.884104
0.91089
0.935147
0.960444
0.984012
1.01236
1.0293299999999999
1.05138
1.07189
1.09194
1.1112
1.1303699999999999
1.14819
1.16683
1.18407
1.2007400000000001
1.2178499999999999
1.23355
1.2499
1.26441
1.27936
1.29462
1.31088
1.32576
1.33781
1.3525200000000002
1.36402
1.37649
1.3932499999999999
1.4082299999999999
1.41999
1.43216
1.4436900000000001
1.45387
1.4652
1.47624
1.48594
1.49651
1.5037099999999999
1.5123
1.5221900000000002
1.52976
1.5373299999999999
1.54543
1.55314

Vgs: 3.0
0.0635844
0.0635873
0.0637123
0.0639942
0.0652868
0.0683296
0.07383740000000001
0.0812607
0.0912174
0.10561200000000001
0.115038
0.133611
0.151273
0.17169099999999998
0.19251000000000001
0.216044
0.240998
0.266734
0.29477600000000004
0.32371500000000003
0.354374
0.38639799999999996
0.419748
0.453602
0.48944099999999996
0.526261
0.564148
0.603748
0.642493
0.683661
0.725919
0.768592
0.811717
0.849583
0.8961950000000001
0.936485
0.975121
1.02051
1.0489600000000001
1.08367
1.1162699999999999
1.14766
1.1790800000000001
1.20886
1.23645
1.26438
1.29092
1.31758
1.3430499999999999
1.3668
1.39073
1.41344
1.43659
1.45838
1.4797
1.50018
1.51955
1.54036
1.55936
1.57787
1.59608
1.6134700000000002
1.63028
1.64635
1.6635300000000002
1.68093
1.69822
1.71473
1.72876
1.7435
1.7564499999999998
1.76897
1.7812299999999999
1.79386
1.80477
1.8150600000000001
1.82641
1.83793
1.85066
1.85815
1.86608

Vgs: 3.5
0.0734646
0.0734702
0.0736034
0.0738983
0.0751758
0.0783033
0.0835601
0.0915613
0.10319600000000001
0.113511
0.12759399999999999
0.143696
0.1615
0.181576
0.203038
0.226893
0.250957
0.277237
0.305352
0.334662
0.36540900000000004
0.39732100000000004
0.430726
0.46493100000000004
0.500841
0.5381859999999999
0.544867
0.5448919999999999
0.5449930000000001
0.54495
0.544988
0.544917
0.544945
0.711393
0.91418
0.965157
1.02239
1.06175
1.10822
1.1534200000000001
1.19876
1.2398
1.2811000000000001
1.32044
1.3581699999999999
1.39612
1.4298099999999998
1.4650500000000002
1.49877
1.52957
1.56038
1.5901999999999998
1.62014
1.64779
1.67611
1.70114
1.72849
1.75468
1.77881
1.80361
1.82624
1.84956
1.87065
1.8925800000000002
1.91238
1.93297
1.95313
1.9726600000000003
1.9915900000000002
2.00742
2.02624
2.04303
2.0593299999999997
2.07384
2.08886
2.10428
2.1168799999999997
2.13193
2.1446199999999997
2.15711
2.16699

Vgs: 4.0
0.08318439999999999
0.0831945
0.0833436
0.0836468
0.0849268
0.0881404
0.0936906
0.102756
0.111214
0.123337
0.137544
0.153688
0.17156300000000002
0.192176
0.212855
0.23681
0.262202
0.287493
0.316193
0.34453
0.376001
0.408235
0.441309
0.47587999999999997
0.5114470000000001
0.550743
0.587882
0.6275090000000001
0.6671239999999999
0.708257
0.7520060000000001
0.796037
0.840384
0.885926
0.932227
0.9798070000000001
1.0381399999999998
1.07957
1.1280299999999999
1.17883
1.2307100000000002
1.28087
1.33259
1.38228
1.431
1.47793
1.52274
1.5632300000000001
1.61029
1.6503100000000002
1.68976
1.7283000000000002
1.7651999999999999
1.80068
1.83588
1.87007
1.90215
1.93399
1.9651
1.99484
2.0243800000000003
2.05242
2.08004
2.10729
2.1322300000000003
2.15743
2.18016
2.20587
2.2267900000000003
2.2494300000000003
2.27079
2.28936
2.30904
2.3272399999999998
2.3454
2.36216
2.3777999999999997
2.3930700000000003
2.40979
2.42213
2.43521

Vgs: 4.5
0.0928182
0.0928266
0.09298039999999999
0.0932993
0.0946125
0.09776180000000001
0.104306
0.110888
0.120944
0.133088
0.147386
0.16361199999999998
0.181471
0.198826
0.223176
0.24652000000000002
0.27140600000000004
0.297645
0.326264
0.354945
0.385964
0.41797999999999996
0.451866
0.486095
0.522091
0.5599529999999999
0.598423
0.6355869999999999
0.678068
0.720092
0.763529
0.80745
0.852353
0.8984629999999999
0.944548
0.993906
1.05142
1.09289
1.14218
1.1932
1.2457799999999999
1.2976699999999999
1.35202
1.40518
1.45996
1.50885
1.5687
1.6233
1.67549
1.72741
1.77655
1.824
1.87116
1.9144999999999999
1.9580600000000001
1.99977
2.0397700000000003
2.07971
2.1165599999999998
2.15417
2.18977
2.2236399999999996
2.25663
2.28947
2.31976
2.34933
2.37848
2.4065499999999997
2.43364
2.46212
2.48802
2.51073
2.53513
2.5573
2.57802
2.59736
2.61775
2.63604
2.65269
2.6681500000000002
2.6858899999999997

Vgs: 5.0
0.102296
0.102294
0.10244700000000001
0.102776
0.10411000000000001
0.107302
0.112729
0.120599
0.130739
0.142977
0.157043
0.173329
0.191266
0.211463
0.232259
0.256315
0.281631
0.30777000000000004
0.33572799999999997
0.364751
0.396144
0.428854
0.462032
0.496198
0.5322560000000001
0.570146
0.6091230000000001
0.648868
0.6556529999999999
0.655666
0.655719
0.655664
0.655762
0.6557689999999999
0.799118
1.0143000000000002
1.05404
1.10587
1.1552699999999998
1.20578
1.2589299999999999
1.31115
1.36586
1.42032
1.47597
1.5311700000000001
1.58684
1.64456
1.70096
1.75879
1.81648
1.87303
1.92994
1.98185
2.0361200000000004
2.08649
2.13485
2.1848
2.22784
2.27225
2.3167600000000004
2.35378
2.3968499999999997
2.43429
2.4703
2.5067000000000004
2.5404899999999997
2.57427
2.60239
2.61049
2.64584
2.67453
2.70062
2.7250400000000004
2.75034
2.7733800000000004
2.79489
2.81702
2.8371500000000003
2.85718
2.8776100000000002

Vgs: 5.5
0.11149099999999999
0.111492
0.111669
0.111999
0.113355
0.116719
0.121959
0.12976000000000001
0.14003400000000002
0.151785
0.166501
0.18269
0.200511
0.221019
0.24249600000000002
0.265872
0.290458
0.31680400000000003
0.345629
0.37403000000000003
0.40531900000000004
0.43748000000000004
0.47222600000000003
0.5034529999999999
0.541421
0.579369
0.6177039999999999
0.658229
0.6977319999999999
0.740124
0.783274
0.827289
0.871933
0.9187000000000001
0.9648289999999999
1.02345
1.06588
1.11426
1.16337
1.21481
1.26781
1.3195800000000002
1.37478
1.43013
1.48606
1.54083
1.59707
1.65493
1.71324
1.7711599999999998
1.8301
1.8883999999999999
1.94999
2.00716
2.0666700000000002
2.07597
2.07495
2.07546
2.0743799999999997
2.07296
2.0728999999999997
2.2503800000000003
2.4709499999999998
2.51948
2.56159
2.6034100000000002
2.64105
2.67873
2.7144299999999997
2.747
2.7776
2.81221
2.84394
2.87182
2.89902
2.9205300000000003
2.94544
2.97008
2.99952
3.02224
3.04212

Vgs: 6.0
0.12086799999999999
0.12086000000000001
0.121042
0.121396
0.122738
0.126058
0.13141
0.139276
0.149445
0.16167399999999998
0.175963
0.192371
0.210118
0.22808499999999998
0.252265
0.27582399999999996
0.300804
0.326783
0.355051
0.384255
0.41538600000000003
0.44807100000000005
0.481252
0.515831
0.552398
0.589627
0.6293
0.6624279999999999
0.708166
0.750262
0.79429
0.8386790000000001
0.8834770000000001
0.929045
0.9760059999999999
1.03479
1.07486
1.12696
1.17537
1.22742
1.28043
1.33347
1.38805
1.4430999999999998
1.4988899999999998
1.55487
1.61096
1.67062
1.72902
1.78684
1.84605
1.90549
1.9655200000000002
2.02597
2.08642
2.14926
2.20761
2.2695100000000004
2.3287
2.38744
2.44566
2.50124
2.55435
2.60609
2.65521
2.7017
2.74695
2.79062
2.83073
2.87186
2.90869
2.9449099999999997
2.98106
3.00876
3.03932
3.06924
3.09983
3.13502
3.1753
3.20716
3.23182

Vgs: 6.5
0.130155
0.13017
0.130359
0.130718
0.132077
0.13534300000000002
0.14079899999999998
0.14858
0.158889
0.171437
0.18572
0.20194700000000002
0.220119
0.240477
0.262212
0.28533200000000003
0.310821
0.33686000000000005
0.365497
0.394183
0.425498
0.45879
0.49170699999999995
0.5264599999999999
0.562083
0.600424
0.63866
0.6784239999999999
0.7185940000000001
0.760837
0.800862
0.84904
0.893999
0.940001
0.988814
1.04593
1.0859999999999999
1.1366200000000002
1.18691
1.23887
1.29314
1.34608
1.4
1.4489800000000002
1.5106
1.56731
1.62398
1.68363
1.7418900000000002
1.8014400000000002
1.86084
1.91966
1.9808999999999999
2.0417
2.1056
2.16502
2.2252
2.28105
2.35112
2.4138900000000003
2.47368
2.5345799999999996
2.59579
2.65637
2.71637
2.77267
2.82741
2.87893
2.92966
2.9794
3.02764
3.0670900000000003
3.11263
3.1550800000000003
3.1963999999999997
3.2322599999999997
3.26879
3.30565
3.33601
3.37114
3.40038

Vgs: 7.0
0.13936600000000002
0.13936800000000002
0.139561
0.139918
0.14135999999999999
0.144601
0.150084
0.157964
0.168156
0.180644
0.194992
0.211344
0.228259
0.24976700000000002
0.27124099999999995
0.295152
0.32021900000000003
0.34646600000000005
0.37486
0.404458
0.43534500000000004
0.468542
0.501679
0.536455
0.5728989999999999
0.610509
0.649014
0.6886950000000001
0.729325
0.771395
0.81511
0.859304
0.9051330000000001
0.950704
0.9985409999999999
1.05679
1.09717
1.14751
1.1976
1.25007
1.3033700000000001
1.35976
1.41184
1.46764
1.52323
1.57992
1.63668
1.69578
1.7497800000000001
1.81361
1.87302
1.93417
1.9951299999999998
2.05527
2.11795
2.1803
2.2410799999999997
2.3049
2.3675200000000003
2.4303800000000004
2.49336
2.55655
2.61772
2.67996
2.74307
2.80554
2.86599
2.92728
2.98443
3.0427
3.0956099999999998
3.1414199999999997
3.1963
3.24443
3.28834
3.33141
3.37142
3.4189200000000004
3.45747
3.4930999999999996
3.5294

Vgs: 7.5
0.148474
0.148477
0.148696
0.14908200000000002
0.150455
0.15385400000000002
0.159301
0.167195
0.17769500000000002
0.189937
0.20438699999999999
0.221028
0.238972
0.259906
0.279793
0.30487400000000003
0.33002
0.356347
0.38487
0.414585
0.445506
0.478057
0.5117299999999999
0.546913
0.5824699999999999
0.620819
0.6594380000000001
0.6991430000000001
0.734582
0.781815
0.826251
0.8702099999999999
0.915191
0.9612229999999999
1.0188000000000001
1.05832
1.10751
1.1577
1.20798
1.26065
1.31348
1.3677
1.42174
1.47688
1.5344099999999998
1.5907499999999999
1.64606
1.70546
1.7631999999999999
1.82487
1.88233
1.94205
2.0040999999999998
2.06452
2.12902
2.1816
2.24954
2.31467
2.37633
2.44101
2.50506
2.56712
2.6322300000000003
2.69231
2.75552
2.82116
2.8816200000000003
2.94337
3.0045800000000003
3.06553
3.12176
3.18379
3.24084
3.2930300000000003
3.34814
3.4007199999999997
3.44625
3.49358
3.52893
3.58251
3.6290099999999996

Vgs: 8.0
0.15752
0.157524
0.15775699999999998
0.158128
0.159558
0.16305599999999998
0.168459
0.176462
0.186833
0.199731
0.214358
0.230428
0.24866899999999997
0.269002
0.291558
0.314622
0.33996299999999996
0.366556
0.395179
0.424271
0.456058
0.488666
0.522861
0.557022
0.593345
0.6317710000000001
0.670469
0.710479
0.750753
0.7931830000000001
0.8343079999999999
0.881596
0.927748
0.972977
1.0305799999999998
1.07055
1.11925
1.16973
1.22039
1.27241
1.3256299999999999
1.37933
1.43358
1.4790599999999998
1.54548
1.6033899999999999
1.6596600000000001
1.7191699999999999
1.77687
1.83824
1.8979000000000001
1.9578600000000002
2.01978
2.08085
2.14302
2.20652
2.26815
2.33142
2.39559
2.45926
2.52521
2.5886199999999997
2.65142
2.71617
2.77899
2.8412200000000003
2.90355
2.96767
3.0266300000000004
3.0903300000000002
3.15277
3.2067200000000002
3.2716
3.32947
3.38983
3.44172
3.49416
3.54943
3.60235
3.6557
3.6990399999999997
