Vgs range: 0,8,0.5
Vds range: 0,8,0.1

Vgs: 1.0
1.30043e-08
1.46419e-06
3.0991e-06
4.883479999999999e-06
6.41794e-06
8.84954e-06
1.19803e-05
1.6653500000000002e-05
2.29086e-05
0.000111244
0.00013827599999999998
0.00014494600000000002
0.000244019
0.000240177
0.000264342
0.000407402
0.00042442799999999997
0.000685281
0.0835485
0.0856465
0.088544
0.090843
0.093432
0.0955552
0.09737860000000001
0.0992175
0.10047099999999999
0.102219
0.104147
0.10606900000000001
0.10897599999999999
0.110644
0.11159
0.11518199999999999
0.116351
0.119208
0.121218
0.12300000000000001
0.125258
0.127171
0.12998099999999999
0.133005
0.13455
0.136712
0.13844599999999999
0.140214
0.142151
0.142917
0.14487
0.146953
0.148004
0.14982499999999999
0.15168700000000002
0.15342399999999998
0.155273
0.157041
0.15887400000000002
0.160743
0.16258799999999998
0.164442
0.166174
0.16798
0.16966
0.171621
0.173627
0.175319
0.177198
0.17898999999999998
0.181388
0.18488200000000002
0.186763
0.188548
0.190576
0.19218100000000002
0.193857
0.19521799999999997
0.196958
0.19878300000000002
0.201209
0.20363
0.206315

Vgs: 1.5
8.2145e-05
0.0182021
0.0353502
0.051226600000000004
0.0669391
0.0820641
0.09676470000000001
0.110583
0.123108
0.13484400000000002
0.145543
0.155264
0.16326200000000002
0.17027
0.17472000000000001
0.17807399999999998
0.18061100000000002
0.182922
0.185149
0.187305
0.189395
0.191612
0.19345199999999999
0.19532300000000002
0.197273
0.199322
0.201371
0.203425
0.205403
0.207446
0.209437
0.211456
0.213334
0.21527100000000002
0.217283
0.21934499999999998
0.221356
0.22331499999999999
0.225281
0.227254
0.22890200000000002
0.230791
0.23275800000000002
0.234665
0.236589
0.238517
0.24079799999999998
0.24278
0.244687
0.246682
0.24882399999999996
0.250767
0.252826
0.254718
0.256653
0.25856799999999996
0.260485
0.26238599999999995
0.264316
0.266298
0.268212
0.270144
0.27206600000000003
0.273957
0.27587500000000004
0.27777
0.279712
0.28164599999999995
0.283557
0.28551
0.287448
0.289368
0.291323
0.293276
0.295246
0.297375
0.29950400000000005
0.30156
0.30352500000000004
0.30528700000000003
0.306977

Vgs: 2.0
9.41888e-05
0.0242845
0.0480761
0.0713842
0.0936515
0.115563
0.136463
0.157117
0.176954
0.195367
0.213728
0.23083199999999998
0.246725
0.261551
0.275032
0.287267
0.298652
0.307377
0.31459499999999996
0.320043
0.32390199999999997
0.32682
0.329398
0.331861
0.334276
0.336597
0.338941
0.341145
0.34325700000000003
0.345344
0.347545
0.349609
0.351791
0.353836
0.355899
0.358018
0.36007500000000003
0.362138
0.36418300000000003
0.36629700000000004
0.368316
0.370277
0.372262
0.374276
0.376357
0.378288
0.380296
0.382274
0.384376
0.386351
0.388173
0.39015700000000003
0.392115
0.39411300000000005
0.396088
0.39802899999999997
0.400009
0.40200400000000003
0.40410199999999996
0.406154
0.408063
0.410094
0.41212699999999997
0.414135
0.41616400000000003
0.418166
0.42025500000000005
0.42216699999999996
0.42417900000000003
0.426233
0.428269
0.430362
0.432566
0.434541
0.436696
0.43872300000000003
0.44081699999999996
0.443142
0.44519200000000003
0.447364
0.449591

Vgs: 2.5
9.83105e-05
0.029941
0.0590788
0.0875937
0.11526
0.142407
0.16909
0.19509900000000002
0.220676
0.244832
0.269198
0.291741
0.313944
0.335358
0.356848
0.37642
0.395077
0.412287
0.42841500000000005
0.443249
0.45679800000000004
0.46876300000000004
0.479523
0.488465
0.4954029999999999
0.500784
0.504666
0.507767
0.510458
0.513108
0.515611
0.518075
0.5204059999999999
0.522733
0.525037
0.527312
0.5295089999999999
0.531709
0.533946
0.536143
0.5382880000000001
0.540358
0.542433
0.544635
0.546794
0.548906
0.551149
0.553269
0.5551090000000001
0.557111
0.559269
0.561251
0.5633809999999999
0.5653480000000001
0.567437
0.569421
0.571423
0.573367
0.575336
0.577394
0.579462
0.581519
0.5835210000000001
0.585557
0.587514
0.589573
0.591643
0.593839
0.59607
0.598088
0.6001869999999999
0.602387
0.604426
0.606459
0.608983
0.611081
0.6133230000000001
0.615645
0.617891
0.620268
0.622846

Vgs: 3.0
0.000109421
0.035456
0.07001990000000001
0.104237
0.137591
0.170266
0.202347
0.23364300000000002
0.264564
0.294646
0.32391800000000004
0.352376
0.38043899999999997
0.407597
0.434156
0.45977300000000004
0.484412
0.508212
0.531005
0.552704
0.573439
0.59288
0.610591
0.628094
0.643728
0.658227
0.6713100000000001
0.6832210000000001
0.692889
0.700936
0.707047
0.7120479999999999
0.7157030000000001
0.718804
0.7216170000000001
0.724295
0.726917
0.7294419999999999
0.731885
0.73433
0.736724
0.7391099999999999
0.741458
0.743807
0.746166
0.7483770000000001
0.75056
0.752821
0.7550169999999999
0.757219
0.75938
0.761516
0.763718
0.765844
0.767948
0.770065
0.772139
0.7741309999999999
0.776406
0.778531
0.780681
0.782704
0.784798
0.786942
0.7889579999999999
0.791156
0.79324
0.7953669999999999
0.7974640000000001
0.7996260000000001
0.801829
0.804011
0.806224
0.808431
0.8107449999999999
0.813121
0.815557
0.817945
0.820327
0.822756
0.825208

Vgs: 3.5
0.000105273
0.0407997
0.0805944
0.11959900000000001
0.15795800000000002
0.19574999999999998
0.232819
0.269393
0.30532200000000004
0.340644
0.37515699999999996
0.40905899999999995
0.44223100000000004
0.474771
0.506417
0.5375449999999999
0.5679529999999999
0.59744
0.625741
0.653702
0.680355
0.706143
0.731301
0.755018
0.778248
0.7996690000000001
0.8206049999999999
0.839977
0.857968
0.874545
0.889592
0.9035529999999999
0.915524
0.925754
0.93445
0.9413130000000001
0.946655
0.9508719999999999
0.9542510000000001
0.957385
0.9603259999999999
0.963334
0.9661029999999999
0.968681
0.9712259999999999
0.973729
0.976179
0.9785900000000001
0.9810439999999999
0.983416
0.985755
0.9880379999999999
0.9904029999999999
0.992688
0.9949449999999999
0.9972099999999999
0.999399
1.0032400000000001
1.00549
1.00765
1.0098500000000001
1.01197
1.01422
1.01642
1.01861
1.0208000000000002
1.0230700000000001
1.02525
1.02754
1.02972
1.03189
1.03413
1.03646
1.03868
1.0410599999999999
1.04345
1.04586
1.04831
1.05078
1.05326
1.0559

Vgs: 4.0
0.00012205899999999999
0.0458768
0.0906669
0.13464
0.17804999999999999
0.220862
0.263021
0.304522
0.345557
0.385772
0.425352
0.464303
0.502552
0.540146
0.57679
0.612899
0.6484000000000001
0.683232
0.717318
0.75039
0.782863
0.814225
0.845046
0.874692
0.9034890000000001
0.931519
0.958522
0.984502
1.011
1.03451
1.05722
1.07855
1.0983500000000002
1.11691
1.13389
1.14956
1.1635199999999999
1.17581
1.18641
1.19549
1.2026599999999998
1.20829
1.21272
1.21641
1.21973
1.22275
1.2257
1.2285499999999998
1.23127
1.23401
1.23665
1.23916
1.24178
1.24434
1.2468299999999999
1.24924
1.25164
1.25407
1.25636
1.2588199999999998
1.26115
1.2635299999999998
1.26582
1.26811
1.2703
1.27259
1.27488
1.27717
1.2792999999999999
1.2815999999999999
1.28384
1.2862399999999998
1.28849
1.2908
1.29305
1.29539
1.2978
1.3002
1.3027
1.30516
1.30773

Vgs: 4.5
0.000118794
0.0500114
0.09893049999999999
0.147049
0.194603
0.241559
0.287899
0.333653
0.37884700000000004
0.423364
0.467412
0.51069
0.5534020000000001
0.595449
0.636909
0.677731
0.717842
0.757559
0.796425
0.8345330000000001
0.8721329999999999
0.908474
0.944632
0.979716
1.01552
1.04895
1.08162
1.1134000000000002
1.14442
1.1742199999999998
1.2027299999999999
1.23085
1.2574699999999999
1.28298
1.3072599999999999
1.33063
1.35272
1.37336
1.39255
1.4102999999999999
1.4265700000000001
1.4414099999999999
1.45468
1.46615
1.47587
1.4838799999999999
1.4903099999999998
1.49531
1.49971
1.50334
1.50688
1.51009
1.51308
1.5160900000000002
1.51893
1.52172
1.5245
1.52725
1.52991
1.53245
1.535
1.5376
1.54014
1.54251
1.54491
1.5473299999999999
1.54977
1.55223
1.55458
1.55691
1.5592
1.56164
1.5639399999999999
1.5663
1.56862
1.57098
1.57335
1.57565
1.57823
1.58073
1.5831899999999999

Vgs: 5.0
0.00012088300000000001
0.0542836
0.10743799999999999
0.159832
0.21167000000000002
0.26290800000000003
0.31356
0.363599
0.413103
0.461976
0.510274
0.557986
0.605171
0.651767
0.697817
0.743243
0.7881360000000001
0.832409
0.876078
0.918973
0.9614670000000001
1.0041099999999998
1.0453000000000001
1.08557
1.12517
1.1638600000000001
1.20199
1.2390700000000001
1.2754299999999998
1.31097
1.3454599999999999
1.37911
1.41178
1.4433099999999999
1.4738
1.50357
1.5317900000000002
1.55915
1.58551
1.6107
1.63436
1.6567100000000001
1.67792
1.69768
1.71583
1.7326
1.7481
1.76141
1.77336
1.78331
1.7914700000000001
1.7982
1.80364
1.8080500000000002
1.81196
1.81551
1.81894
1.82222
1.82524
1.82817
1.831
1.83386
1.83665
1.8394
1.8420800000000002
1.84476
1.8474599999999999
1.85031
1.8528200000000001
1.85544
1.85798
1.86033
1.86287
1.86524
1.86771
1.87015
1.87261
1.8750399999999998
1.87737
1.87981
1.88226

Vgs: 5.5
0.00011500800000000001
0.057872099999999996
0.11462900000000001
0.17063
0.22610999999999998
0.281022
0.335365
0.389168
0.442444
0.495123
0.5472969999999999
0.5989720000000001
0.65018
0.700854
0.751032
0.800739
0.8499300000000001
0.898596
0.9467209999999999
0.994146
1.04265
1.08852
1.13445
1.1794200000000001
1.2238399999999998
1.26753
1.3104900000000002
1.3526799999999999
1.39415
1.43502
1.4747199999999998
1.51369
1.5519500000000002
1.5892300000000001
1.62559
1.6610399999999998
1.69527
1.72871
1.76102
1.79263
1.82301
1.85221
1.88007
1.90723
1.93283
1.9571900000000002
1.9809099999999997
2.00265
2.02352
2.04254
2.06012
2.07634
2.09112
2.10392
2.11509
2.12437
2.1322
2.13852
2.1436699999999997
2.1481
2.15197
2.15586
2.15922
2.16262
2.16576
2.16888
2.1718599999999997
2.1748700000000003
2.17778
2.18065
2.18344
2.18613
2.18882
2.1916599999999997
2.1943
2.19681
2.1995299999999998
2.2022299999999997
2.2048300000000003
2.20742
2.20988

Vgs: 6.0
0.000103861
0.06117940000000001
0.121298
0.180664
0.23951
0.29776800000000003
0.355547
0.41277600000000003
0.46950699999999995
0.525775
0.581563
0.6368889999999999
0.691837
0.746324
0.8003640000000001
0.8540070000000001
0.9072060000000001
0.95991
1.0137
1.06542
1.11669
1.1668500000000002
1.21709
1.26644
1.31549
1.36365
1.41139
1.4582300000000001
1.50448
1.5500500000000001
1.59481
1.63886
1.6820400000000002
1.72448
1.76605
1.80699
1.84676
1.88601
1.9239000000000002
1.9612800000000001
1.9972100000000002
2.03249
2.06673
2.0999399999999997
2.13229
2.16336
2.19338
2.22214
2.24996
2.27624
2.30125
2.3251299999999997
2.34775
2.36896
2.38873
2.4070099999999996
2.42369
2.43892
2.45247
2.46455
2.47491
2.4837000000000002
2.4909899999999996
2.49691
2.5017799999999997
2.50618
2.51018
2.51378
2.51737
2.52066
2.52397
2.52707
2.5301400000000003
2.53307
2.53603
2.53907
2.54197
2.54479
2.54768
2.55051
2.55326

Vgs: 6.5
0.000108745
0.0639358
0.126799
0.188961
0.250672
0.31186400000000003
0.37255
0.432764
0.49253600000000003
0.551862
0.610792
0.669364
0.727564
0.785427
0.8428910000000001
0.90003
0.9568019999999999
1.01465
1.07066
1.12615
1.18119
1.23526
1.28952
1.34293
1.39601
1.44826
1.50012
1.5513000000000001
1.60181
1.65192
1.70103
1.74966
1.79744
1.8445200000000002
1.8907100000000001
1.9365
1.98132
2.0255099999999997
2.06866
2.1111
2.15255
2.19314
2.2328
2.27149
2.30951
2.34639
2.3823999999999996
2.41716
2.45104
2.4837599999999997
2.51566
2.54631
2.57603
2.60442
2.63144
2.65727
2.68186
2.70534
2.72723
2.74788
2.76694
2.78461
2.80086
2.816
2.82905
2.84041
2.85018
2.85856
2.8654599999999997
2.8710799999999996
2.87579
2.88011
2.88429
2.88798
2.8914600000000004
2.8949599999999998
2.89828
2.9015299999999997
2.90477
2.90787
2.91085

Vgs: 7.0
9.18428e-05
0.0669696
0.132843
0.197999
0.26268899999999995
0.32688500000000004
0.390629
0.45395
0.516872
0.579386
0.64158
0.7034619999999999
0.7650480000000001
0.826382
0.887347
0.9480839999999999
1.01001
1.0701
1.1298000000000001
1.1891
1.2480099999999998
1.30594
1.36408
1.42144
1.47852
1.53491
1.59102
1.6462899999999998
1.70096
1.7552699999999999
1.80879
1.86185
1.91398
1.9655900000000002
2.01652
2.0666700000000002
2.1160799999999997
2.1648
2.21264
2.25983
2.30612
2.3516399999999997
2.39623
2.44013
2.48317
2.5251200000000003
2.5662599999999998
2.60631
2.64569
2.68396
2.72149
2.75742
2.79304
2.82719
2.86038
2.89245
2.92332
2.9533
2.98208
3.00964
3.03602
3.0609800000000003
3.08487
3.10751
3.12845
3.14801
3.16611
3.1828600000000002
3.19775
3.21131
3.22308
3.23318
3.24208
3.2494099999999997
3.25554
3.2606900000000003
3.2651999999999997
3.26934
3.27326
3.2767299999999997
3.28006

Vgs: 7.5
8.81829e-05
0.0696354
0.13822500000000001
0.206121
0.273584
0.340581
0.407143
0.473314
0.539184
0.604701
0.6699419999999999
0.734975
0.799764
0.864363
0.928759
0.9929319999999999
1.05834
1.1219299999999999
1.1853099999999999
1.24833
1.31104
1.3727500000000001
1.4346599999999998
1.49601
1.55714
1.61762
1.67774
1.7371400000000001
1.7960299999999998
1.85462
1.91233
1.9697500000000001
2.02631
2.08247
2.1378500000000003
2.1927499999999998
2.24682
2.3003
2.35289
2.40507
2.4562199999999996
2.5066699999999997
2.5564
2.60527
2.65347
2.70078
2.7472299999999996
2.7928900000000003
2.8377
2.8815199999999996
2.9246
2.96664
3.00806
3.0480799999999997
3.0875500000000002
3.12575
3.16306
3.1992700000000003
3.23448
3.26862
3.30168
3.33384
3.36463
3.39441
3.42288
3.4499600000000004
3.47589
3.50054
3.5240699999999996
3.54639
3.56697
3.58624
3.60406
3.62042
3.63529
3.6484400000000003
3.6603
3.67033
3.68013
3.6897599999999997
3.69563

Vgs: 8.0
5.16606e-05
0.07194020000000001
0.142876
0.213137
0.282988
0.3524
0.42142999999999997
0.49010700000000007
0.558511
0.626643
0.694599
0.762371
0.8300230000000001
0.897522
0.9648680000000001
1.0335800000000002
1.1005800000000001
1.16737
1.2339
1.30013
1.36602
1.4311
1.49654
1.56126
1.62586
1.6898
1.75346
1.81649
1.87903
1.9412500000000001
2.00278
2.06388
2.1243
2.1842699999999997
2.24347
2.3022400000000003
2.36026
2.4177299999999997
2.4743
2.53042
2.5857900000000003
2.64055
2.6943599999999996
2.7475899999999998
2.80015
2.8518
2.90285
2.95291
3.00243
3.0508100000000002
3.09859
3.14548
3.19164
3.23663
3.28096
3.3241199999999997
3.36639
3.4079800000000002
3.44833
3.48804
3.52643
3.5641000000000003
3.6005
3.63611
3.67022
3.70377
3.7359099999999996
3.7670500000000002
3.79717
3.82582
3.85331
3.87948
3.90448
3.9282500000000002
3.95056
3.9714599999999995
3.99095
4.009
4.025639999999999
4.04089
4.05443
