Vgs range: 0,8,0.5
Vds range: 0,8,0.1

Vgs: 0.0
-7.127620000000001e-07
0.0014742800000000001
0.00273965
0.00396429
0.00520305
0.00645124
0.00771117
0.008981929999999999
0.0102583
0.0115322
0.0128082
0.0140877
0.015359800000000002
0.016635900000000002
0.017908900000000002
0.0191818
0.020454100000000003
0.0217217
0.0229833
0.0242453
0.025505899999999998
0.0267569
0.028014800000000003
0.029268000000000002
0.0305235
0.0317753
0.0330181
0.0342654
0.035502
0.036737399999999996
0.037969899999999994
0.039204
0.0404312
0.0416584
0.0428804
0.0441084
0.045324300000000005
0.046542599999999996
0.047750999999999995
0.0489641
0.0501687
0.0513736
0.0525708
0.053770200000000004
0.0549721
0.0561737
0.057361999999999996
0.0585511
0.0597376
0.0609171
0.0620968
0.0632638
0.064449
0.0656163
0.06679210000000001
0.06795240000000001
0.0691112
0.0702638
0.0714249
0.07256989999999999
0.07369730000000001
0.07486340000000001
0.0760067
0.0771507
0.07828819999999999
0.07941959999999999
0.0805662
0.0816999
0.0828214
0.08393830000000001
0.08506910000000001
0.08619539999999999
0.087315
0.0884277
0.0895524
0.0906695
0.0917915
0.0928925
0.09401
0.0951092
0.0962131

Vgs: 0.5
-7.37596e-07
0.00320258
0.00486587
0.00619106
0.00750372
0.00881971
0.0101496
0.0114781
0.0128093
0.014139599999999999
0.015467600000000001
0.016794800000000002
0.0181153
0.019434200000000002
0.02075
0.0220617
0.023374100000000002
0.0246774
0.0259794
0.0272815
0.0285772
0.0298608
0.031149299999999998
0.0324321
0.0337102
0.0349888
0.036270199999999995
0.037544299999999996
0.0388062
0.0400786
0.0413356
0.0425943
0.043849
0.0451086
0.0463542
0.0476187
0.048854999999999996
0.050096499999999995
0.0513386
0.052569399999999995
0.0538019
0.0550343
0.0562603
0.0574837
0.0587098
0.0599263
0.061145700000000004
0.0623564
0.06357020000000001
0.06476150000000001
0.0659632
0.0671638
0.06836049999999999
0.0695566
0.0707337
0.0719327
0.07312060000000001
0.07430819999999999
0.0754904
0.07667739999999999
0.0778377
0.0790204
0.0801919
0.08136170000000001
0.08252899999999999
0.0836724
0.0848438
0.0860011
0.0871685
0.0883315
0.0894737
0.0906241
0.09176959999999999
0.0929227
0.09407599999999999
0.0952504
0.0964121
0.0975533
0.0987193
0.09984409999999999
0.100993

Vgs: 1.0
-3.08649e-05
0.014648
0.0270952
0.037175200000000005
0.04483959999999999
0.0500192
0.053134799999999996
0.055108700000000004
0.0567992
0.058404
0.059988799999999995
0.06149639999999999
0.063011
0.0645662
0.0660722
0.0675629
0.0690585
0.07057189999999999
0.0720506
0.07357720000000001
0.0750101
0.0764501
0.0779239
0.0793288
0.08074060000000001
0.08216180000000001
0.0835572
0.0849358
0.0863189
0.0877231
0.08911409999999999
0.09048149999999999
0.09184350000000001
0.0931982
0.094558
0.0959182
0.09725779999999999
0.0985882
0.09992119999999999
0.101252
0.10257100000000001
0.1039
0.10522300000000001
0.10653399999999999
0.10785099999999999
0.109161
0.110465
0.111761
0.11308
0.11438
0.115685
0.116978
0.118273
0.11955600000000001
0.120842
0.122137
0.123421
0.12472199999999999
0.126006
0.12729700000000002
0.12858499999999998
0.12986799999999998
0.131146
0.13243400000000002
0.133718
0.135002
0.136287
0.137569
0.138862
0.14015
0.141208
0.14227
0.143562
0.144793
0.14614200000000002
0.147442
0.14874800000000002
0.15002400000000002
0.15130100000000002
0.152595
0.153874

Vgs: 1.5
-4.82345e-05
0.024938699999999998
0.0480056
0.06921169999999999
0.0884853
0.105809
0.120963
0.133809
0.14416299999999999
0.15208100000000002
0.157501
0.16089199999999998
0.163164
0.165074
0.166901
0.16865200000000002
0.170405
0.172056
0.173661
0.175251
0.176887
0.17845599999999998
0.18003999999999998
0.181588
0.183114
0.184642
0.18618700000000002
0.187693
0.189168
0.190675
0.192159
0.193676
0.19515600000000002
0.19660899999999998
0.198029
0.19947399999999998
0.200929
0.202384
0.203799
0.20521499999999998
0.206625
0.208044
0.209453
0.210854
0.212241
0.21363200000000002
0.215048
0.21640900000000002
0.217801
0.21919
0.220603
0.222002
0.223388
0.22478099999999998
0.226179
0.227577
0.228969
0.230391
0.23180900000000002
0.23323
0.234651
0.236069
0.237484
0.23892
0.240363
0.241813
0.24326299999999998
0.24475499999999997
0.24621
0.24769800000000003
0.249174
0.250657
0.252169
0.253676
0.255191
0.256716
0.258256
0.25982
0.26137099999999996
0.262937
0.264533

Vgs: 2.0
-6.09723e-05
0.0319985
0.0626621
0.09179140000000001
0.119868
0.146279
0.170897
0.19430599999999998
0.215832
0.235684
0.253311
0.268953
0.282652
0.29396700000000003
0.303141
0.310172
0.314717
0.31781000000000004
0.320257
0.32235800000000003
0.324364
0.326272
0.328156
0.329977
0.33177199999999996
0.333522
0.335233
0.33690499999999995
0.3386
0.340263
0.341906
0.34356000000000003
0.34515
0.346758
0.34832599999999997
0.349939
0.351479
0.353023
0.354576
0.35612099999999997
0.35766
0.359309
0.36084
0.362411
0.364108
0.365654
0.367136
0.368642
0.370193
0.371797
0.373307
0.374789
0.376297
0.37783
0.379369
0.38091200000000003
0.382403
0.383935
0.385405
0.386928
0.38849799999999995
0.390033
0.39161
0.393224
0.39485600000000004
0.396519
0.398115
0.399787
0.401482
0.403216
0.404996
0.406812
0.40866399999999997
0.410464
0.412386
0.414234
0.416136
0.41807900000000003
0.420102
0.422043
0.424019

Vgs: 2.5
-7.0089e-05
0.0397101
0.0782326
0.115327
0.151239
0.185622
0.21920199999999998
0.251311
0.28155399999999997
0.310656
0.337843
0.363505
0.38758
0.409773
0.42995300000000003
0.44832900000000003
0.465004
0.478688
0.49056
0.5004719999999999
0.507857
0.513076
0.516853
0.519617
0.521991
0.5242
0.5262990000000001
0.52832
0.530304
0.532202
0.534164
0.5360910000000001
0.5379010000000001
0.5397120000000001
0.541507
0.543312
0.545037
0.5467580000000001
0.548483
0.550201
0.5518689999999999
0.553546
0.555219
0.556852
0.558496
0.560129
0.561758
0.563385
0.565
0.5665899999999999
0.568197
0.569794
0.5714020000000001
0.573016
0.57463
0.576214
0.577835
0.5794739999999999
0.581073
0.582718
0.5843820000000001
0.586065
0.5877840000000001
0.589542
0.591257
0.593043
0.594855
0.5967
0.5985860000000001
0.600518
0.602518
0.6045119999999999
0.606579
0.608664
0.61078
0.612962
0.6151989999999999
0.617486
0.619818
0.6222270000000001
0.624674

Vgs: 3.0
-7.76922e-05
0.0390905
0.07668259999999999
0.114144
0.14958300000000002
0.18653699999999998
0.222422
0.256114
0.288516
0.318662
0.35112
0.38524400000000003
0.413027
0.436873
0.465204
0.491993
0.520397
0.5454439999999999
0.568128
0.591723
0.6155689999999999
0.63968
0.657638
0.680234
0.695003
0.710693
0.7253809999999999
0.736302
0.7442599999999999
0.749879
0.754441
0.757765
0.7603920000000001
0.7627740000000001
0.765049
0.767238
0.7695879999999999
0.771558
0.773631
0.775508
0.777688
0.779687
0.781681
0.783712
0.785565
0.7875949999999999
0.789732
0.791382
0.793261
0.794902
0.796767
0.798444
0.799848
0.801647
0.803338
0.805447
0.807214
0.8112389999999999
0.813895
0.816243
0.8178369999999999
0.819726
0.821475
0.823297
0.825229
0.827115
0.829132
0.8312900000000001
0.833208
0.835385
0.837599
0.839793
0.842071
0.844412
0.846866
0.84944
0.8519180000000001
0.854564
0.857227
0.8601260000000001
0.8630530000000001

Vgs: 3.5
-0.000113639
0.0512479
0.101468
0.15067999999999998
0.19906000000000001
0.246046
0.29170999999999997
0.337127
0.381546
0.42475599999999997
0.466748
0.507765
0.54696
0.585261
0.6222909999999999
0.658053
0.692586
0.726114
0.7583880000000001
0.788427
0.817363
0.844707
0.870587
0.894798
0.917377
0.937699
0.956875
0.973062
0.988124
1.00171
1.0120699999999998
1.0202799999999999
1.0266
1.0311599999999999
1.0347
1.0373400000000002
1.0401200000000002
1.04271
1.04509
1.04753
1.04989
1.0521
1.05433
1.05644
1.05861
1.06072
1.0627
1.0646900000000001
1.06669
1.0686499999999999
1.07063
1.07253
1.0744699999999998
1.07635
1.07814
1.07992
1.0817299999999999
1.08342
1.08523
1.08581
1.08643
1.08756
1.0893000000000002
1.0909900000000001
1.09264
1.09499
1.0972499999999998
1.0992300000000002
1.1009900000000001
1.1029900000000001
1.10516
1.1072300000000002
1.10923
1.11158
1.1136
1.1156300000000001
1.11819
1.1204800000000001
1.12322
1.1258100000000002
1.12866

Vgs: 4.0
-0.000108815
0.047786
0.0950968
0.139218
0.186013
0.23258299999999998
0.274048
0.318058
0.359739
0.402746
0.443476
0.483738
0.521947
0.584897
0.640257
0.684206
0.725776
0.767165
0.807385
0.8427410000000001
0.884364
0.921858
0.957794
0.991209
1.02559
1.0569
1.08721
1.11636
1.1411
1.1699
1.19509
1.2183300000000001
1.2400600000000002
1.26023
1.27849
1.29325
1.30729
1.31838
1.3277199999999998
1.3352600000000001
1.3402100000000001
1.34399
1.34763
1.35077
1.35344
1.3563399999999999
1.35893
1.36141
1.3639299999999999
1.36637
1.3685699999999998
1.37108
1.3735799999999998
1.37577
1.37806
1.38014
1.3822999999999999
1.38443
1.38652
1.38882
1.39101
1.3934
1.3954799999999998
1.39737
1.39946
1.4013
1.40334
1.40527
1.40718
1.40923
1.41126
1.4135499999999999
1.41567
1.4177199999999999
1.4199499999999998
1.42224
1.4246599999999998
1.4270800000000001
1.42978
1.43252
1.43535

Vgs: 4.5
-0.000129499
0.0594714
0.11639899999999999
0.172696
0.226939
0.28215500000000004
0.33468000000000003
0.387795
0.439927
0.49210499999999996
0.543099
0.594287
0.643559
0.69189
0.738647
0.7862560000000001
0.833609
0.8821429999999999
0.9407289999999999
0.987922
1.03686
1.0809000000000002
1.1242100000000002
1.16432
1.2050400000000001
1.2432999999999998
1.27838
1.31549
1.35066
1.3861299999999999
1.41941
1.4501600000000001
1.47869
1.5057099999999999
1.5317399999999999
1.55531
1.57713
1.59671
1.6151900000000001
1.6313
1.64563
1.6581700000000001
1.6677300000000002
1.67599
1.68198
1.68667
1.69072
1.69415
1.69726
1.70026
1.70312
1.70594
1.70864
1.7113099999999999
1.71385
1.71634
1.7188299999999999
1.7212399999999999
1.72354
1.72592
1.7281900000000001
1.7304
1.73262
1.73485
1.73701
1.73914
1.74129
1.74339
1.7455100000000001
1.7476
1.74968
1.75179
1.75399
1.7560900000000002
1.75827
1.76053
1.7628
1.76514
1.76759
1.77009
1.77261

Vgs: 5.0
-0.000139988
0.065229
0.129025
0.192549
0.253994
0.31605700000000003
0.377467
0.438445
0.49863900000000005
0.558218
0.615483
0.6719989999999999
0.728387
0.784952
0.839761
0.892281
0.94571
1.00214
1.05403
1.1052
1.15471
1.20466
1.25389
1.29983
1.34826
1.39293
1.43937
1.4797
1.52228
1.5631300000000001
1.60288
1.6417000000000002
1.67805
1.71291
1.7481300000000002
1.7807000000000002
1.81293
1.8417299999999999
1.8695599999999999
1.89558
1.92034
1.94352
1.96445
1.98359
2.0006899999999996
2.01571
2.02878
2.03923
2.0480199999999997
2.05493
2.06011
2.06446
2.06819
2.0716900000000003
2.07507
2.0781699999999996
2.0812600000000003
2.0841800000000004
2.08696
2.08967
2.09239
2.09498
2.09758
2.10007
2.1025699999999996
2.10498
2.1073899999999997
2.10977
2.1120900000000002
2.1143199999999998
2.11654
2.11879
2.12108
2.1233
2.1254899999999997
2.1277000000000004
2.12994
2.13229
2.13454
2.1368799999999997
2.13928

Vgs: 5.5
-0.000151741
0.0700325
0.139133
0.208025
0.276059
0.343373
0.409467
0.474897
0.5401079999999999
0.6043999999999999
0.667942
0.7311960000000001
0.792592
0.853684
0.912664
0.974209
1.0352700000000001
1.09417
1.15296
1.2102899999999999
1.2673599999999998
1.3231300000000001
1.37689
1.43085
1.48259
1.5345
1.58453
1.63408
1.6828800000000002
1.7310100000000002
1.7770299999999999
1.8232599999999999
1.86732
1.9100199999999998
1.9517200000000001
1.9920499999999999
2.03117
2.0690999999999997
2.1054899999999996
2.14122
2.17379
2.20561
2.2361899999999997
2.26495
2.29165
2.3161
2.3401099999999997
2.36221
2.3820799999999998
2.39959
2.4152299999999998
2.42859
2.44022
2.4496
2.45711
2.4631700000000003
2.46815
2.47241
2.47627
2.4798400000000003
2.4832500000000004
2.48654
2.48965
2.4926700000000004
2.49562
2.49846
2.50132
2.50404
2.50665
2.5092
2.5117999999999996
2.5143600000000004
2.5168299999999997
2.51921
2.5215799999999997
2.52396
2.52637
2.52876
2.53103
2.53335
2.53571

Vgs: 6.0
-0.000157348
0.0741146
0.14721
0.219684
0.29148599999999997
0.362694
0.433203
0.502814
0.571398
0.640776
0.709643
0.777173
0.843227
0.909189
0.973126
1.04162
1.10617
1.16922
1.23327
1.29634
1.35807
1.4141299999999999
1.4735
1.53162
1.59174
1.64977
1.70573
1.76127
1.81413
1.87082
1.9324999999999999
2.04944
2.11477
2.16949
2.2202200000000003
2.2695800000000004
2.31644
2.36151
2.40477
2.44657
2.4864800000000002
2.52569
2.56318
2.59861
2.6319
2.66337
2.69313
2.72098
2.7472
2.7713099999999997
2.79345
2.81352
2.83177
2.84751
2.86137
2.8730499999999997
2.8826199999999997
2.89039
2.89662
2.90185
2.9063700000000003
2.91053
2.91436
2.91799
2.92144
2.92468
2.92788
2.93101
2.93399
2.93689
2.9397699999999998
2.9425499999999998
2.9453
2.9479200000000003
2.95057
2.95316
2.9556999999999998
2.9582200000000003
2.96076
2.9632
2.96564

Vgs: 6.5
-0.000176783
0.0837813
0.166811
0.249053
0.330623
0.41148999999999997
0.49157400000000007
0.570891
0.649398
0.7272799999999999
0.804411
0.8806839999999999
0.955875
1.03222
1.10651
1.1803199999999998
1.25295
1.3250499999999998
1.3964699999999999
1.46675
1.53642
1.60457
1.67284
1.7397999999999998
1.80604
1.87123
1.93539
1.9984199999999999
2.06011
2.12168
2.18146
2.24007
2.29767
2.35406
2.40938
2.46341
2.51569
2.56744
2.61754
2.66654
2.71397
2.75947
2.80423
2.84719
2.88931
2.92935
2.96779
3.00501
3.0405699999999998
3.07412
3.1063699999999996
3.1365999999999996
3.16523
3.19186
3.21706
3.24004
3.261
3.28013
3.29702
3.31203
3.32487
3.33569
3.34463
3.35197
3.35792
3.36301
3.36714
3.36981
3.3735000000000004
3.37738
3.38105
3.3846000000000003
3.3880500000000002
3.3913200000000003
3.3945
3.3975899999999997
3.40064
3.40363
3.4065
3.4093299999999997
3.41209

Vgs: 7.0
-0.00017869700000000001
0.0849806
0.169158
0.252854
0.335876
0.418217
0.49998999999999993
0.581103
0.661658
0.7417530000000001
0.821033
0.8998339999999999
0.9782409999999999
1.05732
1.1347
1.21143
1.28749
1.3634000000000002
1.42634
1.4576
1.5399999999999998
1.6107
1.68177
1.75206
1.82559
1.88813
1.95072
2.01354
2.07689
2.13979
2.20244
2.26237
2.32297
2.38327
2.43851
2.49409
2.5517399999999997
2.60901
2.6634800000000003
2.71557
2.7551099999999997
2.79172
2.8994899999999997
2.9750699999999997
3.02803
3.0773900000000003
3.12306
3.17039
3.21649
3.26088
3.3040399999999996
3.34455
3.38624
3.4248600000000002
3.46166
3.49867
3.53253
3.56547
3.59612
3.6254
3.65249
3.67822
3.70238
3.72333
3.7447600000000003
3.76383
3.78165
3.7972
3.80993
3.82156
3.8304300000000002
3.8378599999999996
3.84434
3.84972
3.85422
3.8586699999999996
3.86287
3.86652
3.86997
3.8732100000000003
3.8760499999999998

Vgs: 7.5
-0.00018556
0.0881974
0.175886
0.262947
0.34952099999999997
0.435499
0.520905
0.605755
0.69014
0.773943
0.8572430000000001
0.940082
1.02396
1.1057700000000001
1.18722
1.26834
1.34881
1.42862
1.50804
1.58706
1.66521
1.7422
1.81912
1.89533
1.97109
2.04584
2.12002
2.19342
2.26593
2.33759
2.4081900000000003
2.4783
2.5470699999999997
2.6151199999999997
2.68211
2.7484800000000003
2.8134200000000003
2.8777
2.9407
3.00279
3.06377
3.12372
3.18262
3.24028
3.29728
3.35257
3.4070300000000002
3.46013
3.5122299999999997
3.5625999999999998
3.6122799999999997
3.65998
3.70682
3.7520700000000002
3.79601
3.83855
3.8795
3.9191800000000003
3.95738
3.9941999999999998
4.02949
4.06306
4.095009999999999
4.12528
4.1536100000000005
4.1804
4.2054
4.2286600000000005
4.24995
4.26929
4.28676
4.30216
4.31559
4.32711
4.33676
4.34478
4.35151
4.3572999999999995
4.36241
4.36713
4.37149

Vgs: 8.0
-0.00019434400000000002
0.090876
0.18129800000000001
0.27113400000000004
0.360536
0.449448
0.537826
0.6256919999999999
0.7132
0.800171
0.886751
0.972924
1.06013
1.14564
1.23075
1.31536
1.39961
1.48342
1.56679
1.64952
1.7318500000000001
1.8127
1.8940700000000001
1.97452
2.0545199999999997
2.13347
2.21217
2.28991
2.36699
2.44358
2.51917
2.59396
2.66789
2.74107
2.81344
2.8849299999999998
2.9553700000000003
3.02489
3.0934399999999997
3.1609
3.22777
3.2938400000000003
3.35838
3.42214
3.48525
3.5468100000000002
3.6074800000000002
3.66704
3.72539
3.78234
3.83855
3.89318
3.9467499999999998
3.99902
4.0501000000000005
4.09997
4.14808
4.1953499999999995
4.24128
4.2856
4.32853
4.37052
4.41089
4.449660000000001
4.4860500000000005
4.5207
4.555499999999999
4.588970000000001
4.621390000000001
4.65079
4.67899
4.70582
4.7304900000000005
4.753119999999999
4.77279
4.79235
4.81373
4.82927
4.842029999999999
4.85208
4.8658
