Vgs range: 0,8,0.1
Vds range: 0,8,0.5

Vgs: 0.0
-1.07653e-06
-1.07643e-06
-7.12771e-07
-7.376419999999999e-07
-1.10138e-06
-1.15108e-06
-9.86201e-07
-1.01104e-06
-1.52391e-06
-1.6730299999999999e-06
-1.55784e-06
-1.99616e-06
-2.17012e-06
-2.05492e-06
-2.27867e-06
-2.51809e-06
-2.58378e-06
-2.75086e-06
-3.23888e-06
-3.46255e-06
-3.2728000000000002e-06
-3.54936e-06
-4.05907e-06
-3.7753000000000005e-06
-3.84449e-06
-4.28279e-06
-4.58098e-06
-4.46583e-06
-4.85444e-06
-5.12783e-06
-5.02036e-06
-5.136900000000001e-06
-5.6249399999999995e-06
-5.9480099999999995e-06
-5.7831199999999994e-06
-6.2463e-06
-6.64396e-06
-6.43022e-06
-6.72761e-06
-7.16592e-06
-7.38961e-06
-7.18756e-06
-7.84004e-06
-8.30923e-06
-8.057069999999999e-06
-8.34315e-06
-9.12943e-06
-9.62651e-06
-9.39967e-06
-9.92477e-06
-9.72595e-06
-9.332380000000001e-06
-9.568729999999999e-06
-9.62653e-06
-9.800490000000001e-06
-6.56303e-05
-6.55206e-05
-6.62305e-05
-6.66547e-05
-6.66013e-05
-6.82584e-05
-6.8024e-05
-6.77914e-05
-6.82127e-05
-6.78018e-05
-6.76154e-05
-6.93573e-05
-7.12096e-05
-7.06133e-05
-7.078e-05
-7.19447e-05
-7.24982e-05
-7.14471e-05
-7.17383e-05
-7.18902e-05
-7.11302e-05
-7.04784e-05
-7.22541e-05
-7.28944e-05
-7.41089e-05
-7.359080000000001e-05

Vgs: 0.5
0.00667835
0.006678180000000001
0.0067039299999999994
0.00676066
0.00713364
0.008740620000000001
0.0130228
0.0181191
0.0264905
0.0369887
0.0492299
0.0616243
0.0741544
0.0855866
0.09648269999999999
0.108989
0.11716
0.126687
0.136083
0.14457399999999998
0.153049
0.161123
0.168892
0.176218
0.183552
0.19042199999999998
0.19716499999999998
0.203728
0.21004899999999999
0.21616300000000002
0.222244
0.228035
0.233786
0.238973
0.24435
0.249708
0.25489399999999995
0.260084
0.265071
0.269848
0.274677
0.279182
0.283794
0.28825999999999996
0.292376
0.29663999999999996
0.300734
0.305122
0.309113
0.313354
0.317118
0.320973
0.324749
0.328526
0.332118
0.33574
0.33910100000000004
0.34248500000000004
0.345981
0.348954
0.352418
0.355628
0.358707
0.362051
0.36537800000000004
0.36829799999999996
0.370901
0.37356100000000003
0.376252
0.379272
0.382437
0.3851
0.38761
0.379567
0.374357
0.376641
0.379087
0.38145300000000004
0.38322
0.387049
0.39846

Vgs: 1.0
0.0132413
0.013245600000000001
0.0132925
0.013362200000000001
0.013800100000000001
0.015474499999999999
0.0192728
0.025328299999999998
0.034116799999999996
0.0450628
0.0586039
0.0739452
0.0910989
0.114432
0.114473
0.11450099999999999
0.114503
0.114485
0.114494
0.11451599999999999
0.114508
0.18463600000000002
0.28665599999999997
0.306358
0.322206
0.336754
0.351292
0.36455
0.377899
0.390692
0.403183
0.415371
0.42687200000000003
0.437932
0.448373
0.458051
0.470644
0.48149
0.49211800000000006
0.502051
0.512019
0.521296
0.530539
0.539264
0.547591
0.556963
0.564741
0.574977
0.582683
0.5901460000000001
0.598337
0.605581
0.612951
0.619181
0.627037
0.633966
0.6409849999999999
0.647376
0.653857
0.658148
0.66474
0.671775
0.679402
0.685589
0.692029
0.699392
0.706487
0.711048
0.7117239999999999
0.71393
0.713719
0.715089
0.71519
0.715673
0.715431
0.7335520000000001
0.761808
0.7677740000000001
0.772045
0.777838
0.782986

Vgs: 1.5
0.0197851
0.019787199999999998
0.019846
0.01993
0.020426499999999997
0.0222749
0.0262721
0.0324371
0.041424600000000006
0.0524875
0.06594019999999999
0.0821731
0.0992149
0.12305199999999998
0.140938
0.165085
0.191297
0.218362
0.247103
0.276374
0.30776000000000003
0.337047
0.365576
0.392486
0.41915600000000003
0.444149
0.465694
0.49196500000000004
0.514299
0.536949
0.557854
0.584358
0.607276
0.629969
0.6490680000000001
0.66931
0.68767
0.707127
0.7255900000000001
0.743023
0.757996
0.7752
0.790941
0.808153
0.823951
0.8402769999999999
0.8552139999999999
0.870845
0.885233
0.899112
0.911035
0.923641
0.935519
0.9478620000000001
0.9588869999999999
0.972518
0.9851359999999999
0.997672
1.01414
1.02579
1.03798
1.04949
1.06044
1.07133
1.08444
1.09742
1.10761
1.11903
1.13015
1.14053
1.15047
1.15971
1.16848
1.18127
1.19205
1.20144
1.21187
1.22174
1.23102
1.23901
1.2481499999999999

Vgs: 2.0
0.0260672
0.0260615
0.0261416
0.0262704
0.0268169
0.028724799999999998
0.0327417
0.0391159
0.0477921
0.0595117
0.073107
0.0890146
0.110343
0.12727300000000003
0.148954
0.173364
0.199061
0.226356
0.256108
0.286702
0.319776
0.354452
0.390336
0.426165
0.46372399999999997
0.501406
0.5383439999999999
0.573578
0.606194
0.6399
0.6734990000000001
0.679439
0.679912
0.680195
0.6806829999999999
0.6814739999999999
0.682164
0.6829409999999999
0.803392
0.923903
0.956773
0.981425
1.01438
1.0338800000000001
1.05711
1.07973
1.10231
1.1246800000000001
1.14551
1.1675399999999998
1.18687
1.20675
1.2305199999999998
1.25056
1.2709100000000002
1.28936
1.30949
1.32949
1.34883
1.36856
1.38728
1.4046399999999999
1.42263
1.43997
1.45668
1.4731
1.49023
1.50629
1.52176
1.53752
1.55281
1.56723
1.5823
1.59712
1.6117499999999998
1.62648
1.64041
1.65567
1.6693
1.6829399999999999
1.6974

Vgs: 2.5
0.0327766
0.0327804
0.0328687
0.032984999999999993
0.0335623
0.0355953
0.0396822
0.0462907
0.0543842
0.0671109
0.0807364
0.0974386
0.118222
0.13531900000000002
0.157355
0.181876
0.208129
0.235673
0.265638
0.296693
0.330056
0.359958
0.401923
0.438825
0.47905000000000003
0.5196200000000001
0.563144
0.605764
0.6501560000000001
0.695584
0.741957
0.787543
0.830743
0.873538
0.914497
0.9544469999999999
0.9939040000000001
1.05955
1.09285
1.13006
1.16763
1.20427
1.24048
1.27569
1.3112300000000001
1.34427
1.37674
1.40986
1.4414099999999999
1.4743
1.50414
1.53422
1.5647499999999999
1.59369
1.62863
1.65238
1.68034
1.7079199999999999
1.73513
1.76252
1.78899
1.81502
1.84155
1.86673
1.89206
1.91676
1.94105
1.96591
1.98919
2.01295
2.0365
2.05889
2.08162
2.10377
2.1258000000000004
2.1482900000000003
2.1690199999999997
2.19015
2.21081
2.23095
2.25171

Vgs: 3.0
0.0391707
0.0391745
0.0392755
0.0394048
0.0400282
0.0421029
0.0464699
0.053038999999999996
0.062182999999999995
0.0740072
0.0877623
0.10691
0.12198099999999999
0.143416
0.164944
0.190118
0.215881
0.24392
0.274129
0.305381
0.339434
0.37394
0.41128
0.448596
0.488439
0.530311
0.573254
0.618043
0.6626960000000001
0.709902
0.760374
0.808608
0.859418
0.9111520000000001
0.964538
1.02893
1.0728300000000002
1.12485
1.176
1.1852500000000001
1.1854
1.18544
1.18551
1.18551
1.18553
1.1855200000000001
1.34295
1.57758
1.6265699999999998
1.66712
1.70626
1.74494
1.7830000000000001
1.82033
1.8577400000000002
1.89364
1.9291200000000002
1.96477
1.99908
2.03337
2.0671
2.1013300000000004
2.13299
2.16614
2.19759
2.22837
2.25923
2.28988
2.31973
2.35128
2.37974
2.4080299999999997
2.43675
2.46453
2.4925300000000004
2.52099
2.54657
2.5738499999999997
2.60006
2.6261200000000002
2.65227

Vgs: 3.5
0.045419600000000004
0.045427499999999996
0.045541099999999994
0.0456822
0.0463681
0.048510500000000005
0.0528016
0.0595545
0.06892129999999999
0.0808145
0.0945752
0.113849
0.129069
0.15011000000000002
0.17249499999999998
0.19667099999999998
0.224399
0.25154099999999996
0.28212099999999996
0.313527
0.348099
0.382556
0.41922200000000004
0.457727
0.49160299999999996
0.540652
0.582851
0.627016
0.67237
0.7199990000000001
0.76998
0.819567
0.871344
0.923945
0.9773099999999999
1.04481
1.09221
1.13876
1.2065400000000002
1.2660900000000002
1.32647
1.38478
1.44388
1.50108
1.55671
1.61102
1.66388
1.71662
1.76721
1.8177
1.8663900000000002
1.91382
1.96158
2.00763
2.05499
2.09821
2.14083
2.1852899999999997
2.2277
2.26996
2.31155
2.35176
2.3926
2.43153
2.47105
2.50968
2.5469899999999996
2.58461
2.62199
2.65798
2.6938999999999997
2.72932
2.76518
2.79866
2.8328699999999998
2.8638600000000003
2.89935
2.932
2.96455
2.9960299999999997
3.0273399999999997

Vgs: 4.0
0.051588300000000004
0.051592099999999995
0.0517105
0.0518685
0.0525668
0.0547887
0.059177
0.0660939
0.07547150000000001
0.08722849999999999
0.103893
0.118302
0.135847
0.156986
0.179645
0.204145
0.230766
0.258778
0.289109
0.320555
0.354646
0.390227
0.42725599999999997
0.46509999999999996
0.505404
0.5476749999999999
0.5913430000000001
0.635667
0.681545
0.730257
0.7790870000000001
0.787796
0.787892
0.787942
0.7879659999999999
0.787985
0.7879980000000001
0.788003
1.2172
1.2834299999999998
1.34381
1.40748
1.47106
1.5365199999999999
1.60422
1.66672
1.73092
1.79647
1.85798
1.92012
1.9789299999999999
2.0326400000000002
2.09605
2.15058
2.20661
2.26067
2.3133199999999996
2.36638
2.41718
2.46828
2.51898
2.5681800000000004
2.61518
2.66233
2.7099200000000003
2.75398
2.80239
2.8469900000000004
2.88971
2.93386
2.97667
3.02002
3.06082
3.10174
3.14278
3.18316
3.22211
3.2616899999999998
3.29988
3.3382400000000003
3.37566

Vgs: 4.5
0.0576412
0.0576538
0.057785199999999995
0.0579481
0.0586915
0.0609803
0.0654694
0.07237539999999999
0.0818533
0.09370200000000001
0.110473
0.12427099999999999
0.142632
0.163549
0.186108
0.211103
0.23777600000000002
0.262856
0.296547
0.32806399999999997
0.362482
0.397672
0.435158
0.47331
0.514031
0.556026
0.600186
0.6457900000000001
0.690177
0.738403
0.787727
0.839679
0.890836
0.943855
0.9990260000000001
1.06679
1.1139
1.17279
1.2325599999999999
1.2947099999999998
1.35656
1.42071
1.48487
1.55109
1.61781
1.6867500000000002
1.75438
1.82626
1.8953900000000001
1.9676500000000001
2.03979
2.1073899999999997
2.1775700000000002
2.24364
2.31096
2.37671
2.43994
2.50206
2.56442
2.6236800000000002
2.68291
2.7415
2.79834
2.85621
2.90976
2.9668799999999997
3.0176399999999997
3.07097
3.1225
3.17449
3.2265200000000003
3.27489
3.31899
3.37273
3.42203
3.4675700000000003
3.51356
3.5614000000000003
3.6049599999999997
3.64991
3.69396

Vgs: 5.0
0.0635988
0.06360539999999999
0.0637546
0.0639348
0.0645794
0.067043
0.07156069999999999
0.078619
0.0882661
0.102362
0.114444
0.130808
0.14921800000000002
0.17047500000000002
0.193141
0.218067
0.24596099999999999
0.269899
0.303881
0.336757
0.36966800000000005
0.40653199999999995
0.442847
0.481033
0.521502
0.564157
0.60785
0.652448
0.698543
0.7465310000000001
0.79685
0.847901
0.899934
0.953468
1.0198500000000001
1.0662
1.12431
1.1828400000000001
1.2423499999999998
1.30377
1.36764
1.43266
1.49709
1.5632700000000002
1.63074
1.70075
1.7693999999999999
1.84134
1.9120000000000001
1.98621
2.0601
2.13444
2.20993
2.2861000000000002
2.36383
2.43929
2.51355
2.58844
2.65336
2.73189
2.8021000000000003
2.86992
2.93827
3.00418
3.0688999999999997
3.13359
3.1946700000000003
3.25765
3.31789
3.3784
3.43749
3.49494
3.55233
3.6092199999999997
3.66569
3.71988
3.77382
3.82807
3.87937
3.9319200000000003
3.9844199999999996

Vgs: 5.5
0.06947969999999999
0.0694849
0.06963849999999999
0.0698318
0.070647
0.0730678
0.0776323
0.08481380000000001
0.0944592
0.10870300000000001
0.12101500000000001
0.137353
0.15579400000000002
0.177326
0.19961299999999998
0.225447
0.251834
0.280329
0.310984
0.34339800000000004
0.377269
0.412913
0.450991
0.48831099999999994
0.529525
0.573395
0.6155079999999999
0.660585
0.7074349999999999
0.755181
0.805956
0.856166
0.9085099999999999
0.962626
1.02891
1.07561
1.13338
1.1931800000000001
1.25519
1.3148000000000002
1.3780299999999999
1.4408299999999998
1.50775
1.5749
1.64321
1.71177
1.78118
1.8538700000000001
1.92634
2.00025
2.07495
2.15135
2.22713
2.3043500000000003
2.3834199999999996
2.4631499999999997
2.54281
2.62507
2.70519
2.7882800000000003
2.86973
2.94732
3.02936
3.10688
3.16851
3.25582
3.32921
3.3989599999999998
3.46948
3.5388300000000004
3.60713
3.6744299999999996
3.74074
3.80498
3.86965
3.9325699999999997
3.9956
4.05657
4.0678600000000005
4.0682
4.06839

Vgs: 6.0
0.0752501
0.0752651
0.0754338
0.0756445
0.0764691
0.078945
0.0837536
0.0910612
0.102409
0.112778
0.127121
0.14410900000000001
0.162475
0.183862
0.206601
0.231903
0.258645
0.287473
0.318245
0.35058300000000003
0.384715
0.421444
0.454252
0.49654400000000004
0.538259
0.580341
0.623731
0.668995
0.714898
0.765065
0.813728
0.865633
0.91694
0.970495
1.0377699999999999
1.0852
1.1440599999999999
1.20238
1.26294
1.32345
1.37831
1.4513200000000002
1.51833
1.58497
1.6531
1.72401
1.79233
1.8652600000000001
1.93778
2.0123699999999998
2.08855
2.1626000000000003
2.2418199999999997
2.3184400000000003
2.39832
2.47935
2.5623500000000003
2.6444
2.72512
2.81117
2.89494
2.98073
3.0667899999999997
3.15273
3.23856
3.3242800000000003
3.4071599999999997
3.4903299999999997
3.56286
3.65382
3.73058
3.80726
3.88392
3.95867
4.03296
4.10433
4.17426
4.2455799999999995
4.31508
4.38236
4.4492400000000005

Vgs: 6.5
0.0809153
0.08092529999999999
0.0810995
0.0813195
0.0821901
0.0848234
0.08946080000000001
0.0968114
0.108472
0.11899
0.133356
0.15027000000000001
0.169674
0.190508
0.213828
0.238878
0.265952
0.29474
0.325821
0.358595
0.392882
0.42866
0.462997
0.5048290000000001
0.5456080000000001
0.5882850000000001
0.632247
0.6776249999999999
0.723845
0.7723749999999999
0.823227
0.873739
0.927087
0.9795400000000001
1.04688
1.0873
1.15227
1.21078
1.2712
1.33384
1.39719
1.4621300000000002
1.52761
1.59465
1.663
1.73311
1.8030599999999999
1.87622
1.9492
2.02302
2.1002899999999998
2.17445
2.25659
2.33241
2.4116799999999996
2.4927799999999998
2.5738499999999997
2.6578399999999998
2.74052
2.8257999999999996
2.91175
3.0006500000000003
3.0855
3.17219
3.26345
3.35385
3.4419899999999997
3.53342
3.62315
3.71455
3.80356
3.8910899999999997
3.97871
4.06327
4.14763
4.2332
4.310910000000001
4.39201
4.46857
4.5464
4.62196

Vgs: 7.0
0.0865062
0.0865228
0.0867005
0.0869357
0.08784940000000001
0.0904586
0.0953087
0.10419700000000001
0.112762
0.124923
0.139595
0.156615
0.175519
0.19748500000000002
0.218211
0.24632
0.273224
0.302321
0.333555
0.366394
0.400496
0.436908
0.474886
0.513446
0.554203
0.5988490000000001
0.641422
0.686873
0.729144
0.782299
0.832439
0.883492
0.936562
0.9898100000000001
1.0567
1.10528
1.16175
1.22106
1.28283
1.34284
1.40714
1.46431
1.53837
1.60465
1.67355
1.7441900000000001
1.81294
1.88673
1.95955
2.0341299999999998
2.11027
2.18689
2.26403
2.34268
2.42364
2.50406
2.58867
2.67028
2.75334
2.8393300000000004
2.92566
3.01222
3.1010299999999997
3.18973
3.28019
3.3734699999999997
3.4627299999999996
3.55441
3.6465
3.74299
3.8353200000000003
3.9289499999999995
4.02599
4.119280000000001
4.21385
4.30745
4.39754
4.48925
4.57676
4.66822
4.75117

Vgs: 7.5
0.0920168
0.09202350000000001
0.0922172
0.09246059999999999
0.0934069
0.0960883
0.10207799999999999
0.10841999999999999
0.11853799999999999
0.13104300000000002
0.145789
0.160469
0.18223
0.203907
0.228
0.253166
0.280649
0.310195
0.341358
0.374002
0.408955
0.44566300000000003
0.48352300000000004
0.522713
0.563813
0.607287
0.652852
0.6969329999999999
0.7445550000000001
0.792267
0.8438760000000001
0.896027
0.946659
1.01227
1.05692
1.1143399999999999
1.173
1.23157
1.29235
1.35368
1.41788
1.48228
1.54835
1.61552
1.6846700000000001
1.75362
1.8244500000000001
1.89676
1.96949
2.04534
2.12275
2.19625
2.2742999999999998
2.35507
2.43455
2.51608
2.59876
2.68194
2.76566
2.85197
2.93869
3.0261799999999996
3.11454
3.20472
3.29417
3.38605
3.46643
3.57091
3.66308
3.76082
3.8544899999999997
3.94962
4.04737
4.14377
4.24301
4.34156
4.4392499999999995
4.5389100000000004
4.635549999999999
4.7342900000000006
4.82525

Vgs: 8.0
0.0974135
0.09742709999999999
0.0976247
0.0978831
0.09891459999999999
0.10223399999999999
0.106627
0.114086
0.12432599999999999
0.13708599999999999
0.151951
0.169965
0.188493
0.21066
0.234184
0.26058
0.287527
0.318221
0.349572
0.382328
0.418146
0.454769
0.493922
0.53287
0.574168
0.6178410000000001
0.662384
0.709661
0.755478
0.804936
0.850382
0.906456
0.960155
1.0249700000000002
1.02516
1.02523
1.02524
1.02533
1.02534
1.02535
1.0253700000000001
1.27083
1.55447
1.62773
1.6967700000000001
1.7658699999999998
1.83602
1.90881
1.9811899999999998
2.0568
2.13218
2.20794
2.28625
2.36526
2.44572
2.52237
2.60861
2.69325
2.77807
2.86345
2.9506300000000003
3.0377099999999997
3.12684
3.2177
3.30762
3.39909
3.49043
3.58634
3.67787
3.7734199999999998
3.8708
3.9662300000000004
4.06459
4.16206
4.261369999999999
4.3613100000000005
4.4604
4.56269
4.66434
4.76537
4.86773
