Vgs range: 0,8,0.1
Vds range: 0,8,0.5

Vgs: 0.0
-6.13363e-07
-1.0019800000000002e-06
-9.27396e-07
-6.63095e-07
-6.63067e-07
-7.37638e-07
-1.07654e-06
-1.12624e-06
-1.03588e-06
-1.13916e-06
-1.64819e-06
-1.43354e-06
-1.63242e-06
-2.1701599999999997e-06
-2.34412e-06
-2.22891e-06
-2.47465e-06
-2.8660800000000003e-06
-2.73268e-06
-2.87514e-06
-3.36318e-06
-3.63657e-06
-3.37224e-06
-3.58888e-06
-4.15854e-06
-3.9184500000000006e-06
-4.142720000000001e-06
-4.70534e-06
-4.854450000000001e-06
-4.73924e-06
-5.35156e-06
-5.7492299999999995e-06
-5.5823e-06
-5.7248799999999995e-06
-6.39546e-06
-6.6191199999999996e-06
-6.18083e-06
-6.5446e-06
-6.91741e-06
-6.8181899999999995e-06
-7.00111e-06
-7.5884800000000006e-06
-7.563590000000001e-06
-7.37385e-06
-8.011009999999999e-06
-8.03586e-06
-7.98103e-06
-8.70696e-06
-8.73181e-06
-8.96502e-06
-9.06399e-06
-9.80057e-06
-6.83516e-05
-6.97666e-05
-6.91524e-05
-6.987209999999999e-05
-7.120080000000001e-05
-7.11396e-05
-7.34391e-05
-7.28741e-05
-7.390660000000001e-05
-7.4762e-05
-7.492359999999999e-05
-7.52482e-05
-7.437629999999999e-05
-7.372740000000001e-05
-7.57485e-05
-7.59274e-05
-7.67481e-05
-7.75124e-05
-7.89982e-05
-7.897770000000001e-05
-7.932700000000001e-05
-8.03668e-05
-8.06479e-05
-8.09073e-05
-8.11194e-05
-8.16048e-05
-8.20941e-05
-8.35874e-05
-8.44344e-05

Vgs: 0.5
0.00670722
0.00671182
0.0067370699999999995
0.0067865799999999995
0.00715689
0.00871227
0.0129643
0.018031400000000003
0.0263408
0.036922399999999994
0.049499999999999995
0.062071900000000006
0.07469
0.0868483
0.0985123
0.111875
0.120776
0.130963
0.141128
0.15051699999999998
0.159909
0.169143
0.177644
0.186306
0.194156
0.202179
0.210094
0.217498
0.224715
0.23194
0.239155
0.245944
0.25270099999999995
0.259119
0.26570499999999997
0.272067
0.27835000000000004
0.28445800000000004
0.29029499999999997
0.29641500000000004
0.30224100000000004
0.30766099999999996
0.31332000000000004
0.318869
0.324408
0.329742
0.33471500000000004
0.33996200000000004
0.34495800000000004
0.350057
0.354964
0.35983899999999996
0.36445500000000003
0.369321
0.37392000000000003
0.37869899999999995
0.38302600000000003
0.387422
0.39174000000000003
0.396088
0.400308
0.404583
0.408637
0.412649
0.416605
0.420546
0.424196
0.428283
0.431911
0.435682
0.43928100000000003
0.442862
0.446393
0.449822
0.45326999999999995
0.45663000000000004
0.459949
0.463226
0.46649799999999997
0.469601
0.472724

Vgs: 1.0
0.013326000000000001
0.013325100000000001
0.013371899999999999
0.0134426
0.0138598
0.0155259
0.0192471
0.0253235
0.0339961
0.0451729
0.058352
0.0738669
0.0911619
0.114662
0.132692
0.155398
0.178683
0.201335
0.224293
0.24505300000000002
0.266533
0.286474
0.305174
0.32337
0.341262
0.358856
0.37598200000000004
0.391396
0.407914
0.423219
0.438477
0.453208
0.468025
0.481507
0.495489
0.5089520000000001
0.522027
0.5353880000000001
0.547469
0.559914
0.572517
0.584066
0.596098
0.607619
0.619041
0.630441
0.6414380000000001
0.6523909999999999
0.662885
0.6733169999999999
0.683625
0.6937939999999999
0.703801
0.713668
0.723383
0.73233
0.7422890000000001
0.751777
0.7609239999999999
0.76993
0.778907
0.7874829999999999
0.796239
0.804604
0.813083
0.821329
0.829378
0.837382
0.845178
0.852035
0.860736
0.868223
0.8756849999999999
0.8830039999999999
0.890371
0.8973289999999999
0.9043789999999999
0.911218
0.918084
0.924721
0.931318

Vgs: 1.5
0.0199244
0.0199279
0.0199841
0.0200697
0.0205437
0.022365
0.026216100000000003
0.0307748
0.0414423
0.052856099999999996
0.0663583
0.0818058
0.0992821
0.12337700000000001
0.141319
0.165353
0.190803
0.218415
0.247813
0.278221
0.310217
0.342445
0.37418199999999996
0.40448300000000004
0.434056
0.46316599999999997
0.491102
0.517884
0.54333
0.56885
0.593751
0.617521
0.640944
0.663098
0.685396
0.707122
0.727997
0.749049
0.7688499999999999
0.7886259999999999
0.808466
0.827341
0.84604
0.8647239999999999
0.880061
0.900543
0.917634
0.935162
0.9517990000000001
0.968504
0.984828
1.00525
1.0182
1.0337
1.04919
1.06442
1.07906
1.09399
1.10831
1.1227399999999998
1.13681
1.1506
1.1639899999999999
1.17787
1.19121
1.20433
1.21722
1.22995
1.2424700000000002
1.25482
1.26707
1.27891
1.2909300000000001
1.30254
1.31426
1.32547
1.33655
1.34771
1.35846
1.36921
1.3798300000000001

Vgs: 2.0
0.026466
0.0264724
0.026542100000000002
0.026643299999999998
0.0271747
0.029081199999999998
0.0330948
0.0394857
0.0486109
0.0598866
0.073556
0.0894988
0.11073000000000001
0.127718
0.149563
0.174029
0.199925
0.22748000000000002
0.257316
0.28805600000000003
0.321394
0.35195499999999996
0.392327
0.429588
0.468038
0.508004
0.5478590000000001
0.586878
0.624152
0.6615599999999999
0.697781
0.7324989999999999
0.766293
0.7989580000000001
0.830669
0.862092
0.892312
0.921964
0.950676
0.9788629999999999
1.01311
1.03509
1.06207
1.0885999999999998
1.1144200000000002
1.13856
1.1629500000000002
1.18773
1.21143
1.2349800000000002
1.2579200000000001
1.28053
1.30301
1.3071599999999999
1.3072599999999999
1.30729
1.30734
1.30738
1.3074199999999998
1.30744
1.37619
1.48435
1.50919
1.52824
1.5470300000000001
1.5656400000000001
1.58376
1.6019400000000001
1.6195700000000002
1.63727
1.6543599999999998
1.6712
1.6882
1.70471
1.72087
1.73779
1.7529
1.7688700000000002
1.78384
1.7992100000000002
1.8146900000000001

Vgs: 2.5
0.0329268
0.032933199999999996
0.0330174
0.033133
0.033698200000000005
0.0356709
0.039836
0.0463417
0.0555677
0.06727380000000001
0.08052139999999999
0.0966962
0.11815300000000001
0.135406
0.157389
0.181983
0.20778300000000002
0.235808
0.265737
0.29672299999999996
0.33013200000000004
0.36517
0.401656
0.43899
0.47912
0.5159020000000001
0.5627209999999999
0.606237
0.650701
0.696944
0.7442759999999999
0.791392
0.836953
0.881093
0.924955
0.967326
1.01701
1.0513700000000001
1.0892199999999999
1.12667
1.16439
1.20063
1.23733
1.2716699999999999
1.30505
1.3383
1.3709
1.40414
1.43487
1.46628
1.4969000000000001
1.5266
1.55642
1.58523
1.61418
1.64246
1.67038
1.69446
1.72488
1.75118
1.77745
1.80314
1.82869
1.85408
1.87876
1.90326
1.92705
1.95135
1.97451
1.99753
2.02038
2.04342
2.0648
2.0867
2.10823
2.12968
2.1501900000000003
2.17154
2.19145
2.2116700000000002
2.22899

Vgs: 3.0
0.0393014
0.0393095
0.039410299999999995
0.039539000000000005
0.0401412
0.0422017
0.046419999999999996
0.0530895
0.0622316
0.0742835
0.0878109
0.106737
0.121816
0.142643
0.16485
0.189275
0.216123
0.243504
0.271132
0.30480399999999996
0.338567
0.37378
0.410293
0.447988
0.48778200000000005
0.529784
0.572764
0.617444
0.661907
0.709355
0.7581060000000001
0.808215
0.858379
0.910833
0.9644159999999999
1.02803
1.07073
1.12345
1.1739000000000002
1.2230100000000002
1.27278
1.31871
1.3661999999999999
1.41174
1.45473
1.4972500000000002
1.53928
1.5817100000000002
1.62039
1.66062
1.69919
1.7371699999999999
1.77524
1.81219
1.8490799999999998
1.88478
1.9191799999999999
1.9546899999999998
1.98819
2.0231
2.0553
2.08773
2.1207000000000003
2.1516
2.18099
2.21416
2.24404
2.27453
2.30376
2.3335399999999997
2.36306
2.39039
2.4184699999999997
2.44637
2.47313
2.50101
2.5262700000000002
2.55272
2.57712
2.60385
2.6294500000000003

Vgs: 3.5
0.045575199999999996
0.04558
0.0456939
0.0458377
0.0464832
0.0485908
0.0528336
0.0595901
0.0688734
0.0804852
0.0926187
0.113697
0.129037
0.14959899999999998
0.172718
0.197018
0.223649
0.25093499999999996
0.281366
0.312637
0.346788
0.382075
0.419168
0.453585
0.49698899999999996
0.5387569999999999
0.5824699999999999
0.628001
0.67257
0.719503
0.768656
0.818937
0.8710169999999999
0.9229839999999999
0.97663
1.04414
1.09053
1.14821
1.20762
1.26553
1.32734
1.38397
1.44249
1.4989700000000001
1.55448
1.6079899999999998
1.66031
1.7126299999999999
1.76291
1.81255
1.86083
1.90939
1.95547
2.0006199999999996
2.04602
2.05381
2.0539400000000003
2.05405
2.0540599999999998
2.05415
2.05418
2.19318
2.37624
2.41806
2.4574000000000003
2.49484
2.53153
2.56916
2.60446
2.64154
2.67598
2.71033
2.74553
2.77857
2.81228
2.8438600000000003
2.8771999999999998
2.90974
2.94077
2.9723800000000002
3.00306

Vgs: 4.0
0.0517584
0.0517696
0.0518872
0.0520417
0.05275
0.0549148
0.0592884
0.0662046
0.07541149999999999
0.0874439
0.103795
0.117741
0.135876
0.156582
0.18018299999999998
0.203732
0.230201
0.25868
0.288793
0.320181
0.354348
0.38994799999999996
0.427148
0.46478600000000003
0.505683
0.5471710000000001
0.591203
0.6353329999999999
0.680922
0.72862
0.778494
0.8297960000000001
0.880522
0.934046
0.987721
1.05575
1.10222
1.1621
1.21993
1.2828
1.34468
1.40551
1.4706700000000001
1.53523
1.6009799999999998
1.66738
1.73004
1.79283
1.85586
1.91515
1.9748500000000002
2.03474
2.08967
2.14539
2.20024
2.2543699999999998
2.3053399999999997
2.3580799999999997
2.40799
2.4582900000000003
2.5076199999999997
2.55529
2.60333
2.64963
2.6967
2.7418
2.7864
2.83113
2.8745200000000004
2.91684
2.9592400000000003
3.0008600000000003
3.04176
3.08187
3.12207
3.16146
3.2001299999999997
3.2386899999999996
3.27625
3.31407
3.35094

Vgs: 4.5
0.057831799999999996
0.0578405
0.0579779
0.058144799999999996
0.058863
0.061139
0.0655129
0.072397
0.081839
0.0937176
0.110405
0.124241
0.14274399999999998
0.16338100000000003
0.185781
0.21061100000000002
0.23750600000000002
0.265958
0.29627400000000004
0.327835
0.361874
0.397484
0.434958
0.472791
0.514292
0.556758
0.59956
0.643637
0.689464
0.7341799999999999
0.7872079999999999
0.8380879999999999
0.8901640000000001
0.94323
0.997623
1.0661100000000001
1.1133899999999999
1.17284
1.23125
1.29441
1.35597
1.4185
1.48423
1.55013
1.61698
1.6855
1.7537
1.8245500000000001
1.89389
1.9662199999999999
2.03657
2.10766
2.16672
2.2414
2.30688
2.37318
2.43357
2.49596
2.55598
2.61769
2.67606
2.7285600000000003
2.78813
2.84307
2.89822
2.95223
3.0063899999999997
3.05674
3.1076699999999997
3.15926
3.20845
3.25704
3.30561
3.35344
3.4008100000000003
3.44686
3.49191
3.53754
3.5829
3.62596
3.66986

Vgs: 5.0
0.0638284
0.0638321
0.0639794
0.0641606
0.0649053
0.0672026
0.0716762
0.07868599999999999
0.08820589999999999
0.10235699999999999
0.114303
0.12645199999999998
0.149147
0.170181
0.19262200000000002
0.217569
0.24382399999999999
0.272594
0.304056
0.336404
0.369292
0.405228
0.442352
0.480591
0.522199
0.5637030000000001
0.607042
0.652777
0.697702
0.7475970000000001
0.795722
0.846953
0.899994
0.952216
1.01916
1.06551
1.1251
1.18252
1.24223
1.30342
1.36751
1.43008
1.49685
1.56355
1.63011
1.69918
1.76837
1.83991
1.9019300000000001
1.9853
2.05937
2.13654
2.2089700000000003
2.28443
2.36156
2.4383
2.51046
2.58434
2.6555099999999996
2.7267300000000003
2.79577
2.86238
2.9279100000000002
2.99389
3.0584000000000002
3.12209
3.1831300000000002
3.24437
3.3031699999999997
3.36304
3.42106
3.47771
3.53424
3.58986
3.64444
3.6986
3.70873
3.70899
3.7091
3.70926
3.70934

Vgs: 5.5
0.0697088
0.0697192
0.0698752
0.0700621
0.0708529
0.0727907
0.077733
0.0848174
0.0945367
0.108711
0.120878
0.13728500000000002
0.156363
0.17691300000000001
0.19942000000000001
0.2251
0.251445
0.28008
0.30533699999999997
0.342498
0.37677700000000003
0.412631
0.44975400000000004
0.488084
0.528864
0.572348
0.614951
0.66007
0.7060989999999999
0.75459
0.8060419999999999
0.856101
0.907376
0.9620650000000001
1.02811
1.07511
1.13113
1.19208
1.25122
1.31321
1.37696
1.44209
1.50712
1.5741500000000002
1.64222
1.71078
1.78032
1.8528200000000001
1.92443
1.99894
2.0735699999999997
2.14962
2.22648
2.3055100000000004
2.3827800000000003
2.45576
2.5413200000000002
2.6237500000000002
2.7033500000000004
2.78511
2.8667100000000003
2.9436
3.02195
3.09888
3.17368
3.2475
3.3175499999999998
3.38881
3.45726
3.51998
3.59359
3.65889
3.72446
3.78806
3.85236
3.91355
3.9737299999999998
4.03596
4.0934099999999995
4.15297
4.211880000000001

Vgs: 6.0
0.0754938
0.0755072
0.0756644
0.07586810000000001
0.07669379999999999
0.07911560000000001
0.0837341
0.08480879999999999
0.0848102
0.08481280000000001
0.0848118
0.0848125
0.084816
0.0848085
0.199769
0.23173200000000002
0.25853699999999996
0.287079
0.31788299999999997
0.349756
0.384796
0.420104
0.457562
0.49683099999999997
0.5378750000000001
0.579364
0.623106
0.665937
0.7143339999999999
0.762815
0.8147220000000001
0.8644959999999999
0.918261
0.970837
1.03705
1.0835199999999998
1.14205
1.20094
1.2630000000000001
1.32299
1.3841700000000001
1.45051
1.51705
1.5850499999999998
1.65226
1.722
1.79164
1.8638400000000002
1.93622
2.00642
2.08668
2.16141
2.23963
2.31845
2.39752
2.4814
2.55944
2.6417699999999997
2.72507
2.81127
2.8947399999999996
2.97777
3.06493
3.14264
3.23581
3.3201300000000002
3.40203
3.4850499999999998
3.56445
3.6444799999999997
3.7210799999999997
3.79706
3.87197
3.94621
4.01833
4.0883899999999995
4.15805
4.226859999999999
4.295059999999999
4.36167
4.42708

Vgs: 6.5
0.08119169999999999
0.0812831
0.0813748
0.0815813
0.0824622
0.0849429
0.08964430000000001
0.0968863
0.108553
0.118902
0.133527
0.150167
0.168921
0.190368
0.21318399999999998
0.23882499999999998
0.26611
0.295609
0.32545799999999997
0.357556
0.39279000000000003
0.42936
0.46574099999999996
0.5044780000000001
0.5455110000000001
0.587946
0.631759
0.6768259999999999
0.723096
0.7716770000000001
0.815119
0.8734940000000001
0.9257799999999999
0.9791859999999999
1.0461699999999998
1.09422
1.15022
1.21126
1.27011
1.3326900000000002
1.39673
1.46037
1.52664
1.59413
1.6628100000000001
1.73193
1.8017400000000001
1.87527
1.9466100000000002
2.02307
2.10006
2.17345
2.25248
2.33032
2.41064
2.49194
2.57238
2.6563899999999996
2.7399899999999997
2.8252099999999998
2.91087
2.99944
3.07596
3.17234
3.26166
3.35495
3.44057
3.53166
3.62087
3.71117
3.79935
3.88588
3.97167
4.05534
4.1385
4.21961
4.29751
4.37748
4.45386
4.53024
4.60571

Vgs: 7.0
0.0867975
0.08680790000000001
0.08699699999999999
0.08721129999999999
0.08811770000000001
0.090666
0.0954726
0.104352
0.11286
0.12498000000000001
0.139601
0.156606
0.175478
0.197292
0.220125
0.24567300000000003
0.272957
0.30217
0.32884500000000005
0.365455
0.40087
0.43770000000000003
0.474135
0.512959
0.553955
0.597062
0.6411140000000001
0.686181
0.7327279999999999
0.781176
0.831439
0.8836999999999999
0.9351280000000001
0.9889600000000001
1.05597
1.1025900000000002
1.16006
1.22007
1.28001
1.34199
1.40617
1.47149
1.5369
1.60411
1.6724
1.73679
1.81449
1.88549
1.9593399999999999
2.03341
2.1094299999999997
2.1853
2.26331
2.34163
2.42272
2.50433
2.58493
2.6719299999999997
2.7532
2.83875
2.9248600000000002
3.0112200000000002
3.10025
3.18841
3.27827
3.37004
3.46021
3.55346
3.64491
3.7410099999999997
3.83339
3.9271499999999997
4.02221
4.03975
4.04002
4.04016
4.04021
4.040290000000001
4.04036
4.0403899999999995
4.34097

Vgs: 7.5
0.0923522
0.0923605
0.0925498
0.0927862
0.0937292
0.09636600000000001
0.102299
0.10858
0.1186
0.131494
0.14585
0.163003
0.182086
0.200391
0.22714499999999999
0.253407
0.280232
0.30960299999999996
0.341689
0.373591
0.40917200000000004
0.446347
0.483315
0.522806
0.563295
0.606813
0.650991
0.690996
0.742678
0.791599
0.842035
0.893381
0.947405
0.999591
1.06685
1.11352
1.17132
1.23081
1.29214
1.3529
1.40697
1.4812200000000002
1.5475700000000001
1.61499
1.68334
1.75282
1.82314
1.89577
1.96972
2.04391
2.11976
2.1958699999999998
2.27399
2.3533299999999997
2.43313
2.5148599999999997
2.59967
2.68104
2.76471
2.85275
2.93757
3.02582
3.11364
3.20595
3.29312
3.3854900000000003
3.47634
3.57
3.6614
3.7577000000000003
3.85267
3.9478999999999997
4.04537
4.145969999999999
4.24425
4.33898
4.43703
4.5353900000000005
4.6319300000000005
4.73097
4.8240799999999995

Vgs: 8.0
0.0978065
0.0978193
0.0980109
0.0982645
0.0992456
0.10256699999999999
0.10694000000000001
0.114444
0.12457399999999999
0.137128
0.152225
0.16928700000000002
0.18904300000000002
0.210584
0.234811
0.26100100000000004
0.287979
0.317463
0.34715
0.382113
0.417881
0.45439599999999997
0.493071
0.532035
0.5735859999999999
0.6170680000000001
0.661834
0.709185
0.755127
0.804955
0.854327
0.905963
0.958483
1.02413
1.07067
1.12712
1.1842599999999999
1.245
1.30358
1.36706
1.42953
1.48872
1.56027
1.6270099999999998
1.69593
1.76461
1.8346
1.90849
1.9811500000000002
2.05536
2.1336
2.20755
2.2853600000000003
2.36388
2.44496
2.52888
2.60893
2.69375
2.7768100000000002
2.86442
2.9495400000000003
3.038
3.1273199999999997
3.21488
3.29725
3.39841
3.4917
3.5839499999999997
3.67759
3.77337
3.8690399999999996
3.9653400000000003
4.0630500000000005
4.163799999999999
4.26033
4.36338
4.45934
4.56085
4.6624300000000005
4.76373
4.86512
