Vgs range: 0,8,0.1
Vds range: 0,8,0.5

Vgs: 0.0
2.62924e-05
2.79635e-05
2.61904e-05
2.73671e-05
2.80452e-05
2.6012600000000002e-05
2.89184e-05
2.59664e-05
2.8403899999999998e-05
2.87541e-05
2.81796e-05
2.63586e-05
2.6465400000000002e-05
2.82704e-05
2.6216300000000002e-05
2.94928e-05
2.83776e-05
2.72818e-05
2.8600199999999998e-05
2.78036e-05
2.99581e-05
2.80808e-05
2.92781e-05
2.82144e-05
2.8979e-05
2.88055e-05
2.7590500000000003e-05
2.92368e-05
2.91753e-05
3.0088700000000002e-05
2.98632e-05
3.05605e-05
2.9085900000000002e-05
2.9180000000000002e-05
3.14338e-05
2.9096800000000002e-05
3.2974e-05
3.0416199999999995e-05
3.2200100000000004e-05
3.2499800000000003e-05
3.00687e-05
3.12095e-05
3.0641499999999995e-05
3.26154e-05
3.26677e-05
3.29894e-05
3.10338e-05
3.2697499999999997e-05
3.29793e-05
3.19346e-05
3.3958099999999996e-05
3.32867e-05
3.34888e-05
3.38032e-05
3.2817e-05
3.31453e-05
3.2112e-05
3.42612e-05
3.3639899999999996e-05
3.3209999999999995e-05
3.2988100000000004e-05
3.21484e-05
3.33169e-05
3.1971500000000004e-05
3.37315e-05
3.2772100000000004e-05
3.31111e-05
3.30169e-05
3.1999500000000004e-05
3.22483e-05
3.25382e-05
3.3858e-05
3.1961999999999997e-05
3.28559e-05
3.22158e-05
3.12309e-05
3.1927e-05
3.07719e-05
3.23769e-05
3.18761e-05
3.1180800000000005e-05

Vgs: 0.5
0.158
0.157996
0.15800699999999998
0.15801199999999999
0.15801300000000001
0.158014
0.158001
0.15801500000000002
0.158008
0.158025
0.158025
0.15802899999999998
0.158027
0.15802200000000002
0.15802000000000002
0.158026
0.158031
0.158023
0.15801500000000002
0.158008
0.158027
0.15803999999999999
0.158032
0.158034
0.158031
0.158037
0.158034
0.15805
0.158014
0.158045
0.158049
0.158056
0.158047
0.158053
0.15804200000000002
0.158049
0.158049
0.158052
0.158057
0.158063
0.15806199999999998
0.15805999999999998
0.158058
0.15807000000000002
0.158075
0.158049
0.158064
0.158075
0.15808
0.158083
0.158086
0.158083
0.15806800000000001
0.158064
0.158065
0.158072
0.158088
0.15809
0.158102
0.158103
0.158113
0.158113
0.15812
0.158107
0.158111
0.158106
0.158107
0.158109
0.158107
0.158111
0.158123
0.158109
0.158113
0.158113
0.15812
0.158118
0.15814099999999998
0.15813200000000002
0.158129
0.158129
0.158133

Vgs: 1.0
0.42157
0.421576
0.42156000000000005
0.421585
0.421567
0.421572
0.421563
0.421581
0.421589
0.421597
0.421601
0.42161
0.421611
0.421605
0.421634
0.421643
0.421628
0.421651
0.421642
0.421651
0.421651
0.42163900000000004
0.421662
0.421681
0.421684
0.421676
0.42168
0.421684
0.421678
0.42168
0.42167499999999997
0.421724
0.42173299999999997
0.421738
0.421744
0.421752
0.421748
0.421758
0.421779
0.421794
0.421826
0.42181599999999997
0.42182
0.421837
0.42183299999999996
0.421822
0.42181500000000005
0.421845
0.421855
0.421848
0.42185
0.421841
0.421842
0.421854
0.421881
0.421885
0.421885
0.42189099999999996
0.42190300000000003
0.4219
0.421918
0.421923
0.42192
0.42192500000000005
0.421929
0.421933
0.42194200000000004
0.421948
0.421935
0.421961
0.421962
0.42197799999999996
0.421982
0.42198
0.421975
0.421988
0.421996
0.421989
0.421996
0.422012
0.422008

Vgs: 1.5
0.7359330000000001
0.735932
0.735916
0.735919
0.735918
0.735908
0.735943
0.735946
0.735975
0.735979
0.735973
0.736008
0.736023
0.736041
0.736036
0.736046
0.7360869999999999
0.736091
0.736098
0.736135
0.736152
0.73616
0.736167
0.7361800000000001
0.7361989999999999
0.736193
0.7362160000000001
0.73623
0.7362519999999999
0.736257
0.736249
0.736283
0.73629
0.736299
0.7363409999999999
0.73635
0.736333
0.736336
0.736387
0.7364090000000001
0.736417
0.7364090000000001
0.736428
0.7364430000000001
0.736432
0.736412
0.7364160000000001
0.736395
0.736407
0.73645
0.736516
0.736552
0.736539
0.736575
0.7365889999999999
0.736591
0.736611
0.736645
0.736647
0.736662
0.736675
0.7366630000000001
0.736676
0.7367279999999999
0.736739
0.736739
0.736751
0.7367539999999999
0.7367670000000001
0.736763
0.736741
0.736756
0.736759
0.736739
0.736745
0.7368020000000001
0.736874
0.736904
0.736897
0.7369129999999999
0.736935

Vgs: 2.0
1.0738500000000002
1.07386
1.0737800000000002
1.0737999999999999
1.0738500000000002
1.0738500000000002
1.07383
1.0738699999999999
1.07386
1.07383
1.07388
1.0739
1.0739400000000001
1.07398
1.07399
1.074
1.07396
1.0740299999999998
1.07402
1.07405
1.07407
1.0741100000000001
1.0741699999999998
1.0741800000000001
1.07423
1.07423
1.07426
1.0742900000000002
1.07433
1.07435
1.07436
1.07443
1.07442
1.07442
1.07446
1.07448
1.07448
1.0745399999999998
1.0745900000000002
1.0746
1.0746
1.07463
1.07467
1.0746900000000001
1.07472
1.07476
1.07476
1.07478
1.0748199999999999
1.07483
1.07484
1.07485
1.07488
1.07492
1.0749799999999998
1.0749799999999998
1.07502
1.07504
1.0750499999999998
1.0750899999999999
1.07511
1.0751199999999999
1.07514
1.07516
1.07514
1.07518
1.0752
1.0752400000000002
1.07527
1.0752599999999999
1.07535
1.07536
1.07537
1.0754
1.0754
1.07541
1.07543
1.0754899999999998
1.07553
1.07552
1.0755700000000001

Vgs: 2.5
1.42179
1.42173
1.42172
1.42169
1.42167
1.4217
1.4217
1.42169
1.42169
1.42173
1.42179
1.42178
1.42182
1.42184
1.42187
1.42189
1.42194
1.42197
1.42198
1.4219899999999999
1.42204
1.4220599999999999
1.4221
1.4221
1.42215
1.42218
1.42225
1.42224
1.42225
1.42232
1.42234
1.4223700000000001
1.42241
1.42242
1.42241
1.4224299999999999
1.42246
1.42256
1.42254
1.4226
1.42266
1.42264
1.4226899999999998
1.4226899999999998
1.42275
1.42279
1.4228
1.4228299999999998
1.42286
1.4228800000000001
1.4229399999999999
1.42296
1.42298
1.42303
1.42306
1.42311
1.42314
1.42316
1.42315
1.42322
1.42329
1.4233399999999998
1.4233500000000001
1.4233399999999998
1.4234
1.42342
1.4234600000000002
1.42349
1.42352
1.42356
1.42358
1.42365
1.42367
1.42368
1.4236900000000001
1.4237600000000001
1.4237600000000001
1.4238
1.42387
1.4238600000000001
1.4239000000000002

Vgs: 3.0
1.77944
1.77942
1.77938
1.77938
1.77935
1.77935
1.77934
1.77939
1.77943
1.77943
1.77944
1.77949
1.77946
1.7795
1.7795400000000001
1.77958
1.7796100000000001
1.77958
1.77965
1.7796699999999999
1.7796800000000002
1.77972
1.77981
1.77983
1.77988
1.77989
1.77994
1.78002
1.78001
1.78004
1.78004
1.78009
1.78013
1.7801799999999999
1.78023
1.78023
1.78023
1.7802499999999999
1.78031
1.78038
1.78039
1.78041
1.78046
1.78047
1.7804900000000001
1.7805600000000001
1.7805799999999998
1.7806
1.7806300000000002
1.78064
1.78071
1.78075
1.78076
1.78082
1.78085
1.78089
1.78091
1.7809300000000001
1.7809499999999998
1.78101
1.7810700000000002
1.78108
1.78111
1.78118
1.7812299999999999
1.7812
1.78125
1.7812999999999999
1.78137
1.7814
1.78144
1.78147
1.7815
1.7815699999999999
1.78155
1.7815699999999999
1.7815800000000002
1.78162
1.78163
1.7817
1.7817399999999999

Vgs: 3.5
2.1437
2.14365
2.14356
2.1435299999999997
2.14356
2.14351
2.1435
2.1435500000000003
2.1435500000000003
2.14356
2.14357
2.1436200000000003
2.1436699999999997
2.1436699999999997
2.1436900000000003
2.14377
2.14378
2.14384
2.1438300000000003
2.1438300000000003
2.14387
2.14392
2.14392
2.14395
2.14391
2.14393
2.14393
2.14394
2.14397
2.14408
2.14425
2.1442900000000003
2.14435
2.1443399999999997
2.1443600000000003
2.14442
2.1444300000000003
2.14451
2.1444900000000002
2.14453
2.14461
2.1446
2.14463
2.1446400000000003
2.14467
2.1447100000000003
2.1447800000000004
2.14479
2.14482
2.14487
2.1449
2.14492
2.14496
2.14499
2.14501
2.14511
2.14512
2.1451700000000002
2.1452
2.14523
2.14525
2.14527
2.14532
2.14532
2.1453599999999997
2.14539
2.14541
2.14546
2.14556
2.14558
2.1456
2.14562
2.14565
2.1457
2.1457300000000004
2.14579
2.14581
2.14587
2.14589
2.14594
2.14596

Vgs: 4.0
2.51175
2.51175
2.51162
2.51156
2.51153
2.51154
2.5115
2.51153
2.51155
2.51155
2.51157
2.51161
2.5116
2.51162
2.51168
2.51168
2.51175
2.51177
2.5117999999999996
2.51186
2.51192
2.5119399999999996
2.51199
2.5120400000000003
2.5121
2.51207
2.51213
2.5121599999999997
2.51221
2.5122
2.5121700000000002
2.5121700000000002
2.51219
2.5122
2.51214
2.5121800000000003
2.51227
2.51244
2.51248
2.51251
2.51255
2.51265
2.51265
2.51272
2.51277
2.5127800000000002
2.51281
2.51286
2.5129599999999996
2.5129699999999997
2.5129900000000003
2.5130299999999997
2.5130500000000002
2.5130999999999997
2.51314
2.51315
2.51322
2.51326
2.51329
2.51333
2.51339
2.51339
2.5134100000000004
2.51346
2.51349
2.51352
2.51355
2.51361
2.51364
2.51364
2.51367
2.51374
2.51374
2.51379
2.5138700000000003
2.51395
2.5139400000000003
2.5139799999999997
2.5139899999999997
2.5140800000000003
2.5141400000000003

Vgs: 4.5
2.88286
2.8828899999999997
2.8827599999999998
2.8826899999999998
2.88265
2.8826899999999998
2.88267
2.8827100000000003
2.8826400000000003
2.8826099999999997
2.88266
2.8826300000000002
2.8826899999999998
2.8826199999999997
2.88274
2.8827800000000003
2.88284
2.88284
2.88286
2.88293
2.88302
2.88309
2.88309
2.88311
2.88314
2.8832
2.88324
2.88327
2.88334
2.8833499999999996
2.88337
2.88341
2.8834899999999997
2.8835
2.8835100000000002
2.88361
2.8836399999999998
2.8836500000000003
2.88368
2.8837200000000003
2.88376
2.88382
2.8838399999999997
2.8838700000000004
2.88392
2.88397
2.88402
2.88403
2.88405
2.88411
2.88416
2.88414
2.8842
2.88427
2.88427
2.88425
2.88434
2.88435
2.8843900000000002
2.8844399999999997
2.8844700000000003
2.8845099999999997
2.88455
2.8846000000000003
2.88463
2.88462
2.8846800000000004
2.88473
2.8847500000000004
2.8847899999999997
2.8848200000000004
2.8848599999999998
2.88488
2.8849299999999998
2.88497
2.8849600000000004
2.88501
2.88511
2.88512
2.88517
2.8852

Vgs: 5.0
3.2560800000000003
3.2561
3.2559400000000003
3.2558700000000003
3.25583
3.25583
3.2557799999999997
3.25583
3.25577
3.2557799999999997
3.25588
3.2558700000000003
3.2559400000000003
3.25593
3.25595
3.25598
3.2560599999999997
3.25604
3.2560800000000003
3.2560800000000003
3.25607
3.25609
3.2561999999999998
3.25621
3.2562200000000003
3.2562699999999998
3.25632
3.25635
3.25641
3.25646
3.25647
3.25653
3.25656
3.2566100000000002
3.2566800000000002
3.25673
3.2567500000000003
3.25681
3.25686
3.2568699999999997
3.2569
3.25699
3.2570099999999997
3.25707
3.25709
3.25711
3.2571700000000003
3.2572
3.25724
3.25727
3.25732
3.25737
3.2574
3.25743
3.25744
3.25747
3.25757
3.2576300000000002
3.2575999999999996
3.25765
3.25768
3.25769
3.25773
3.25779
3.2578199999999997
3.25788
3.2579000000000002
3.25793
3.2579599999999997
3.25801
3.2580500000000003
3.2580999999999998
3.25817
3.25823
3.25826
3.25827
3.25834
3.25837
3.25835
3.25839
3.2584400000000002

Vgs: 5.5
3.6303
3.6303099999999997
3.63021
3.6301200000000002
3.63007
3.63001
3.63001
3.62997
3.62997
3.62998
3.62998
3.6300299999999996
3.6300299999999996
3.63006
3.63011
3.6301200000000002
3.63014
3.63018
3.63021
3.6303
3.6303199999999998
3.63042
3.63044
3.63044
3.63049
3.63053
3.63054
3.63056
3.63063
3.63065
3.63068
3.63077
3.63084
3.63084
3.63088
3.63091
3.63094
3.63097
3.63103
3.63104
3.6311
3.6311
3.63118
3.6311899999999997
3.63123
3.63129
3.63132
3.63132
3.63141
3.63139
3.6314300000000004
3.63145
3.6315399999999998
3.63152
3.6316400000000004
3.63158
3.63165
3.63167
3.63168
3.63172
3.63176
3.63181
3.63188
3.63191
3.63196
3.6320200000000002
3.63211
3.63208
3.63212
3.6321600000000003
3.63224
3.6322799999999997
3.63234
3.63236
3.6323499999999997
3.63241
3.63248
3.6324899999999998
3.6325200000000004
3.63253
3.63253

Vgs: 6.0
3.9995200000000004
3.9994799999999997
3.9993399999999997
3.99927
3.9992099999999997
3.99912
3.99911
3.99904
3.999
3.9990099999999997
3.99899
3.99897
3.9989
3.9989099999999995
3.9988699999999997
3.99889
3.99889
3.9988200000000003
3.9988200000000003
3.99885
3.9988799999999998
3.9989
3.99885
3.99884
3.9988699999999997
3.99889
3.9988799999999998
3.9989300000000005
3.9989500000000002
3.99898
3.9990599999999996
3.99908
3.9990900000000003
3.99914
3.9991000000000003
3.9990900000000003
3.99913
3.99911
3.99911
3.99911
3.9991000000000003
3.99911
3.99912
3.99911
3.9991499999999998
3.99914
3.99918
3.99913
3.99914
3.99922
3.99922
3.99922
3.99927
3.99929
3.99929
3.9993299999999996
3.9993299999999996
3.9993900000000004
3.99944
3.9994699999999996
3.9994799999999997
3.9994899999999998
3.99954
3.9996
3.9996600000000004
3.99969
3.99972
3.9997499999999997
3.9998100000000005
3.9999199999999995
3.9999399999999996
3.99999
4.00002
4.00007
4.00014
4.00015
4.000240000000001
4.0003
4.00033
4.00036
4.0004100000000005

Vgs: 6.5
4.3805
4.38056
4.38048
4.38047
4.38049
4.38047
4.38047
4.38054
4.38049
4.3805
4.38047
4.38049
4.38046
4.3805
4.38055
4.38056
4.38058
4.38056
4.38058
4.38063
4.380669999999999
4.38068
4.3807100000000005
4.38073
4.38078
4.38084
4.38086
4.38089
4.38089
4.38097
4.38101
4.38102
4.3810400000000005
4.38107
4.38102
4.3810400000000005
4.38113
4.38117
4.3812
4.38121
4.38124
4.38128
4.38125
4.3813200000000005
4.3813699999999995
4.381460000000001
4.38152
4.38152
4.3815599999999995
4.38163
4.38163
4.38167
4.381740000000001
4.38175
4.381819999999999
4.38185
4.38193
4.38191
4.38194
4.38201
4.38201
4.38204
4.38212
4.382099999999999
4.38218
4.3822
4.38226
4.38231
4.38236
4.38239
4.38241
4.3825
4.38253
4.38253
4.38256
4.382610000000001
4.382610000000001
4.38268
4.38274
4.38279
4.38282

Vgs: 7.0
4.761139999999999
4.7612000000000005
4.7611
4.76109
4.7610600000000005
4.76107
4.76098
4.76104
4.761010000000001
4.76098
4.76104
4.76104
4.76098
4.76102
4.761010000000001
4.7609699999999995
4.76099
4.760999999999999
4.761010000000001
4.76105
4.76103
4.76107
4.76104
4.7611
4.76109
4.7611
4.76108
4.76116
4.76122
4.761279999999999
4.76131
4.76131
4.76133
4.76132
4.76138
4.7614600000000005
4.76147
4.76151
4.76152
4.76155
4.76165
4.76173
4.7617400000000005
4.76178
4.7618
4.76183
4.76189
4.76196
4.76197
4.76197
4.76197
4.762
4.76208
4.7621199999999995
4.76216
4.76222
4.7623
4.76232
4.762309999999999
4.76233
4.762309999999999
4.7623999999999995
4.76246
4.76251
4.76253
4.76256
4.76266
4.76274
4.7627
4.76275
4.76283
4.76286
4.76289
4.76293
4.7630099999999995
4.76303
4.7631000000000006
4.76312
4.7631499999999996
4.7632
4.76326

Vgs: 7.5
5.14107
5.14112
5.1409899999999995
5.14093
5.1409
5.1408499999999995
5.14076
5.14069
5.1407
5.14065
5.14065
5.14062
5.1406
5.140610000000001
5.1406
5.14065
5.1406
5.1406
5.14058
5.1406
5.14062
5.1406600000000005
5.14063
5.14068
5.1407
5.14068
5.14072
5.14072
5.140750000000001
5.14079
5.1408499999999995
5.1408499999999995
5.14091
5.140890000000001
5.14096
5.141019999999999
5.14106
5.1410800000000005
5.14111
5.1411299999999995
5.14128
5.14123
5.141299999999999
5.14133
5.1413199999999994
5.14135
5.141360000000001
5.14141
5.14149
5.14153
5.1415999999999995
5.14166
5.1417
5.141719999999999
5.14175
5.141780000000001
5.1418
5.14181
5.14184
5.14187
5.14189
5.14194
5.14199
5.142049999999999
5.14208
5.1421399999999995
5.14216
5.14224
5.14226
5.142329999999999
5.14234
5.14235
5.14239
5.14244
5.1424900000000004
5.14253
5.14256
5.14259
5.14263
5.14266
5.14271

Vgs: 8.0
5.519760000000001
5.5198
5.51963
5.51952
5.51941
5.51936
5.5193
5.5192499999999995
5.5192000000000005
5.5192000000000005
5.51915
5.51908
5.5190600000000005
5.51912
5.51909
5.5190600000000005
5.51905
5.51907
5.51905
5.51902
5.51905
5.51903
5.5190600000000005
5.51904
5.51902
5.5191
5.51915
5.51917
5.51912
5.51915
5.519139999999999
5.5192000000000005
5.51927
5.519279999999999
5.5192499999999995
5.51929
5.51931
5.51935
5.51938
5.5194
5.51938
5.51945
5.51943
5.51953
5.51955
5.51961
5.51965
5.51969
5.51978
5.519760000000001
5.519760000000001
5.51985
5.5198599999999995
5.51988
5.5199300000000004
5.52002
5.5200700000000005
5.52008
5.52011
5.5202
5.52022
5.52022
5.5203
5.52033
5.5203500000000005
5.5203999999999995
5.520490000000001
5.52054
5.52056
5.520589999999999
5.52064
5.5206800000000005
5.52075
5.52081
5.52085
5.520910000000001
5.52093
5.521
5.52106
5.52108
5.52117
