Vgs range: 0,8,0.5
Vds range: 0,8,0.1

Vgs: 0.0
-3.4116300000000004e-05
0.0241198
0.0483812
0.0761315
0.108655
0.14560800000000002
0.186424
0.23038999999999998
0.277171
0.326101
0.37672999999999995
0.428947
0.482553
0.536241
0.591704
0.64842
0.7046399999999999
0.763557
0.8231580000000001
0.882885
0.943078
1.00396
1.06697
1.13338
1.1994099999999999
1.26735
1.34082
1.40574
1.46856
1.51052
1.5680399999999999
1.64475
1.72408
1.78317
1.8619299999999999
1.92808
1.9977900000000002
2.0471399999999997
2.1376500000000003
2.20294
2.2680399999999996
2.33709
2.4149100000000003
2.5150799999999998
2.57847
2.6261900000000002
2.72989
2.78808
2.86165
2.9431499999999997
2.99897
3.0596799999999997
3.16271
3.22246
3.28977
3.36061
3.44654
3.5329200000000003
3.64134
3.7155
3.78277
3.83053
3.88927
3.9395999999999995
4.06967
4.17531
4.24996
4.32176
4.39086
4.45244
4.51016
4.57999
4.67732
4.735460000000001
4.81426
4.88155
4.97735
5.0578
5.149940000000001
5.21745
5.28741

Vgs: 0.5
-4.18425e-05
0.0250902
0.0505572
0.0801656
0.115299
0.155594
0.200393
0.248953
0.300666
0.35495699999999997
0.411407
0.46965199999999996
0.52947
0.590551
0.652737
0.715838
0.779776
0.844365
0.909541
0.975201
1.04287
1.1088
1.17593
1.2431
1.3109
1.37882
1.44725
1.51568
1.58446
1.65374
1.72299
1.79271
1.86247
1.93265
2.0027500000000003
2.07331
2.14361
2.2143699999999997
2.28501
2.35607
2.4271000000000003
2.49816
2.56932
2.64051
2.71211
2.7835
2.8552299999999997
2.92684
2.99867
3.0703300000000002
3.14217
3.21382
3.28587
3.35764
3.4297400000000002
3.50161
3.5734500000000002
3.6458
3.7177
3.78973
3.86167
3.9339099999999996
4.00579
4.0780199999999995
4.14989
4.22184
4.29361
4.36557
4.43743
4.50952
4.58114
4.651940000000001
4.72354
4.7950099999999996
4.8663300000000005
4.93751
5.0091
5.079809999999999
5.14972
5.21975
5.30202

Vgs: 1.0
-4.35701e-05
0.025131300000000002
0.050637299999999996
0.0803235
0.115525
0.155923
0.200848
0.249545
0.301433
0.355899
0.412547
0.47101899999999997
0.531046
0.592353
0.654809
0.718187
0.782409
0.847306
0.9127449999999999
0.978747
1.0466799999999998
1.11287
1.1802
1.24755
1.31544
1.38336
1.45188
1.5203499999999999
1.58914
1.65842
1.72767
1.7973100000000002
1.86706
1.9370699999999998
2.00716
2.07768
2.14798
2.21875
2.2893499999999998
2.36038
2.43124
2.5024499999999996
2.57362
2.64474
2.7163
2.78765
2.8591699999999998
2.93065
3.00246
3.07404
3.14583
3.21754
3.28942
3.36126
3.4332
3.50502
3.57679
3.64891
3.7207999999999997
3.79283
3.86463
3.93672
4.0086
4.08069
4.1525099999999995
4.2245
4.29611
4.36814
4.43981
4.51164
4.583259999999999
4.6545
4.72608
4.79769
4.86949
4.94087
5.01227
5.0832999999999995
5.15487
5.2254
5.29723

Vgs: 1.5
-3.67847e-05
0.0251373
0.0506368
0.0802979
0.11547600000000001
0.155837
0.200693
0.249346
0.301178
0.355583
0.412154
0.470564
0.5305489999999999
0.591824
0.654209
0.717561
0.7817419999999999
0.846597
0.912037
0.9779960000000001
1.0458699999999999
1.11202
1.17933
1.24657
1.3143799999999999
1.3821700000000001
1.45053
1.5188599999999999
1.5874400000000002
1.65655
1.72558
1.79512
1.86459
1.93447
2.00428
2.07458
2.14467
2.21516
2.28557
2.35631
2.4270400000000003
2.4979899999999997
2.56886
2.63971
2.7109199999999998
2.78206
2.85339
2.92466
2.9962500000000003
3.06758
3.13926
3.2106600000000003
3.2822799999999996
3.35393
3.4257400000000002
3.4972499999999997
3.5687800000000003
3.6405700000000003
3.71207
3.7837199999999998
3.85526
3.9269700000000003
3.99841
4.06999
4.1414
4.21294
4.284409999999999
4.35598
4.427020000000001
4.498270000000001
4.569400000000001
4.6402
4.7113700000000005
4.78265
4.85346
4.92379
4.99492
5.06496
5.13582
5.20594
5.27613

Vgs: 2.0
-4.0410899999999996e-05
0.0251039
0.0505835
0.080197
0.11530699999999999
0.15557900000000002
0.200351
0.248884
0.30058599999999996
0.354852
0.411312
0.469581
0.529381
0.590499
0.652754
0.715944
0.779973
0.844658
0.909952
0.975711
1.0434999999999999
1.10954
1.17661
1.24373
1.31132
1.3789399999999998
1.44711
1.5151999999999999
1.58355
1.65235
1.72112
1.7904
1.8596400000000002
1.92925
1.99883
2.06886
2.1387
2.2089700000000003
2.27919
2.3497399999999997
2.42008
2.49081
2.56141
2.63205
2.70301
2.77384
2.8448700000000002
2.9158
2.9869
3.0579
3.12904
3.2002900000000003
3.2717300000000002
3.34281
3.41437
3.48584
3.55693
3.6286899999999997
3.69967
3.7712499999999998
3.84267
3.9138699999999997
3.9847099999999998
4.05579
4.1271700000000004
4.19782
4.26749
4.33602
4.40233
4.46135
4.512020000000001
4.61857
4.696940000000001
4.7641
4.84372
4.92072
5.012779999999999
5.0906199999999995
5.16094
5.23116
5.29565

Vgs: 2.5
-3.8581199999999996e-05
0.0252187
0.0508313
0.0806301
0.116024
0.156659
0.201844
0.250878
0.30310200000000004
0.357966
0.415022
0.47394400000000003
0.5344479999999999
0.596257
0.659199
0.72312
0.787882
0.853309
0.919365
0.985928
1.05441
1.12119
1.18907
1.25698
1.32534
1.39375
1.46258
1.5314599999999998
1.60065
1.67024
1.73979
1.80985
1.8798700000000002
1.9503000000000001
2.0206500000000003
2.0914900000000003
2.16213
2.23317
2.3041300000000002
2.37546
2.4466
2.51812
2.58948
2.6609200000000004
2.73276
2.8043899999999997
2.87633
2.9480999999999997
3.0201300000000004
3.09196
3.1641
3.23602
3.3082
3.3802
3.4525200000000003
3.5246399999999998
3.5967
3.6691
3.74117
3.81345
3.8856300000000004
3.9579999999999997
4.0300199999999995
4.10232
4.1742799999999995
4.246589999999999
4.31856
4.39069
4.46253
4.53465
4.60645
4.67805
4.75003
4.82179
4.89359
4.96483
5.0366
5.10802
5.17925
5.250419999999999
5.32144

Vgs: 3.0
-3.64049e-05
0.0252159
0.05082879999999999
0.0806371
0.11601500000000001
0.156635
0.201828
0.250836
0.303045
0.357873
0.414917
0.473809
0.5343089999999999
0.596124
0.659051
0.722965
0.787734
0.853186
0.919226
0.9857699999999999
1.05422
1.12096
1.18885
1.25668
1.3251000000000002
1.39344
1.4622700000000002
1.53112
1.60025
1.6698
1.73927
1.80927
1.87921
1.94954
2.01988
2.0906000000000002
2.16121
2.2322800000000003
2.3031200000000003
2.37429
2.4454
2.51689
2.58816
2.65956
2.7313
2.80285
2.87464
2.94631
3.01836
3.09009
3.1621599999999996
3.2341599999999997
3.3062899999999997
3.37823
3.45038
3.5224100000000003
3.59444
3.66674
3.73878
3.81095
3.88299
3.95529
4.0272499999999996
4.09963
4.17174
4.243989999999999
4.31591
4.38801
4.4598700000000004
4.53186
4.60365
4.67596
4.74861
4.82064
4.89323
4.96545
5.03714
5.10837
5.18026
5.25124
5.3214999999999995

Vgs: 3.5
-3.8825800000000004e-05
0.0252327
0.050853499999999996
0.0806821
0.116085
0.156743
0.201951
0.251009
0.303252
0.358128
0.415215
0.474162
0.534691
0.596542
0.6595369999999999
0.723495
0.788301
0.853768
0.919871
0.9864870000000001
1.05498
1.12184
1.1898
1.25769
1.3260699999999999
1.39446
1.46335
1.53226
1.6014
1.671
1.7405700000000002
1.81062
1.88057
1.95093
2.02131
2.0920900000000002
2.1627
2.23371
2.30466
2.3759699999999997
2.4471100000000003
2.51869
2.59
2.6614400000000002
2.73322
2.8049
2.87683
2.94858
3.02062
3.0924199999999997
3.16453
3.23646
3.30868
3.38075
3.45305
3.52517
3.5971699999999998
3.6695
3.74169
3.81408
3.8863399999999997
3.9587
4.03078
4.10302
4.17503
4.24749
4.31951
4.3916900000000005
4.4634599999999995
4.5357
4.607489999999999
4.6791100000000005
4.7513700000000005
4.82331
4.89512
4.96739
5.03916
5.11062
5.18211
5.25329
5.32479

Vgs: 4.0
-3.28384e-05
0.0252371
0.0508467
0.08066899999999999
0.11605
0.156695
0.20188399999999998
0.250917
0.303148
0.35799600000000004
0.41507499999999997
0.47399600000000003
0.534496
0.596327
0.659331
0.723256
0.788055
0.853508
0.919561
0.986151
1.0546799999999998
1.12151
1.1894099999999999
1.2573
1.3257500000000002
1.3941299999999999
1.46298
1.53182
1.60093
1.67049
1.7399799999999999
1.81001
1.87996
1.95026
2.0205800000000003
2.09129
2.1618700000000004
2.23285
2.30376
2.37501
2.44605
2.51755
2.58886
2.6602200000000003
2.73201
2.80356
2.8754
2.94714
3.0191100000000004
3.09089
3.16296
3.23481
3.30701
3.37892
3.4511
3.52317
3.59516
3.66754
3.73955
3.81176
3.88383
3.95619
4.0282800000000005
4.10054
4.17243
4.24451
4.31654
4.38875
4.46065
4.532760000000001
4.60463
4.676480000000001
4.74841
4.8202799999999995
4.89215
4.96347
5.03498
5.10646
5.17821
5.24917
5.3195500000000004

Vgs: 4.5
-3.74552e-05
0.0251075
0.050569499999999996
0.0801527
0.11519
0.15539899999999998
0.200043
0.24846200000000002
0.3
0.35411299999999996
0.41039899999999996
0.468514
0.528151
0.5890920000000001
0.651142
0.714144
0.7779739999999999
0.842465
0.907579
0.9731759999999999
1.04071
1.1065
1.17337
1.24024
1.30755
1.3748799999999999
1.4426599999999998
1.51038
1.5784099999999999
1.6467999999999998
1.7151200000000002
1.784
1.85281
1.92197
1.9910800000000002
2.06061
2.12993
2.19967
2.26925
2.3391800000000003
2.40901
2.47914
2.54919
2.61924
2.68966
2.75994
2.83047
2.90078
2.97147
3.0419
3.11264
3.18295
3.25399
3.32461
3.39518
3.46591
3.5365800000000003
3.60726
3.67779
3.7484900000000003
3.81934
3.8900699999999997
3.9600800000000005
4.0306500000000005
4.1009
4.1719100000000005
4.24225
4.3122300000000005
4.38187
4.45249
4.5226299999999995
4.59267
4.66228
4.73209
4.80283
4.87734
4.943020000000001
5.01067
5.07476
5.13971
5.218999999999999

Vgs: 5.0
-3.52189e-05
0.0251225
0.050600299999999994
0.08019899999999999
0.115273
0.155489
0.200191
0.248626
0.300222
0.354382
0.41069799999999995
0.468854
0.528559
0.5895549999999999
0.651646
0.714703
0.778625
0.843195
0.908369
0.974028
1.04162
1.1075499999999998
1.17453
1.2414399999999999
1.30887
1.37628
1.44415
1.51199
1.5801100000000001
1.64862
1.71702
1.7860099999999999
1.85484
1.92405
1.9932499999999997
2.06298
2.1324400000000003
2.2023099999999998
2.27203
2.34209
2.41207
2.48238
2.55259
2.62275
2.69331
2.7637400000000003
2.83431
2.90484
2.9755599999999998
3.04606
3.1168799999999997
3.18783
3.25861
3.32932
3.40035
3.47111
3.54174
3.6128
3.68358
3.75465
3.82499
3.89596
3.9666099999999997
4.03763
4.1081900000000005
4.17877
4.24986
4.32099
4.39151
4.4616
4.53228
4.602519999999999
4.672820000000001
4.74415
4.81577
4.88663
4.955369999999999
5.0244
5.09308
5.16124
5.23187

Vgs: 5.5
-3.47329e-05
0.0251246
0.050599200000000004
0.0802134
0.115301
0.155518
0.200184
0.248619
0.300222
0.354381
0.410723
0.468878
0.5285949999999999
0.589592
0.651683
0.7147450000000001
0.778639
0.843212
0.9083910000000001
0.974106
1.0416699999999999
1.10759
1.17455
1.2414800000000001
1.3089600000000001
1.3764
1.4442599999999999
1.5120699999999998
1.58015
1.64863
1.71712
1.7860800000000001
1.85499
1.92438
1.9936699999999998
2.06326
2.13271
2.20259
2.27246
2.34259
2.41251
2.48285
2.55302
2.62319
2.69378
2.76405
2.83468
2.90517
2.97596
3.04655
3.1174000000000004
3.18796
3.25904
3.32996
3.40089
3.4716
3.5425500000000003
3.6131599999999997
3.68361
3.75515
3.8258300000000003
3.89638
3.9678400000000003
4.03852
4.1090800000000005
4.18073
4.25151
4.32205
4.3934500000000005
4.46421
4.5337700000000005
4.60157
4.67205
4.74231
4.8093900000000005
4.87848
4.91913
5.02239
5.09141
5.20624
5.29602

Vgs: 6.0
-3.6182699999999995e-05
0.0252472
0.0508744
0.0807103
0.11609799999999999
0.15677200000000002
0.201992
0.25103400000000003
0.303311
0.35818900000000004
0.415292
0.47424
0.534798
0.5966520000000001
0.659619
0.723593
0.7884
0.853902
0.920005
0.98663
1.05518
1.12203
1.18998
1.25788
1.32628
1.39466
1.46346
1.5323
1.6014499999999998
1.67107
1.7406
1.81064
1.88056
1.9509
2.0212199999999996
2.09196
2.1625
2.23353
2.3044
2.37559
2.44664
2.51811
2.58943
2.6608500000000004
2.73258
2.8041099999999997
2.8758999999999997
2.94756
3.0196
3.0913500000000003
3.1634200000000003
3.23529
3.30739
3.37933
3.4515000000000002
3.5234799999999997
3.59551
3.66792
3.73991
3.81211
3.88414
3.9564200000000005
4.02847
4.10068
4.172689999999999
4.244829999999999
4.31684
4.38891
4.46082
4.53297
4.60501
4.676699999999999
4.7485100000000005
4.820139999999999
4.89192
4.96345
5.03562
5.106590000000001
5.17897
5.2507600000000005
5.32255

Vgs: 6.5
-3.02712e-05
0.0252619
0.0508981
0.0807585
0.11621
0.156917
0.202193
0.25129999999999997
0.303642
0.358625
0.415827
0.474883
0.53553
0.597504
0.660605
0.724684
0.7896179999999999
0.8552409999999999
0.921447
0.988185
1.05683
1.1238299999999999
1.1918600000000001
1.25989
1.3284
1.39696
1.46594
1.53495
1.60418
1.6738499999999998
1.7434900000000002
1.8136700000000001
1.88373
1.95415
2.0246
2.09546
2.1661699999999997
2.23727
2.30828
2.37963
2.4509100000000004
2.52245
2.59392
2.66539
2.73726
2.80891
2.8808499999999997
2.9526499999999998
3.02477
3.0966299999999998
3.16885
3.24079
3.313
3.3851
3.45742
3.52953
3.60161
3.67402
3.7461399999999996
3.8185900000000004
3.89079
3.96325
4.03535
4.10767
4.17977
4.25218
4.324190000000001
4.3965000000000005
4.4685999999999995
4.54076
4.61282
4.68486
4.75682
4.828790000000001
4.90088
4.972589999999999
5.04486
5.11655
5.18844
5.26011
5.33204

Vgs: 7.0
-3.6258e-05
0.0252566
0.0508985
0.0807569
0.116199
0.156935
0.20222400000000001
0.251375
0.303745
0.358749
0.41596
0.475047
0.53571
0.597687
0.6608379999999999
0.724946
0.7899149999999999
0.855561
0.921813
0.988587
1.05728
1.12425
1.1923400000000002
1.2604300000000002
1.3290000000000002
1.3975199999999999
1.46658
1.53562
1.6048900000000001
1.67459
1.74424
1.81443
1.88452
1.95502
2.02549
2.0963499999999997
2.16708
2.23822
2.3093
2.38065
2.45191
2.52353
2.59498
2.66649
2.7384000000000004
2.8100899999999998
2.88203
2.9539
3.0260399999999996
3.09794
3.17014
3.24215
3.3145000000000002
3.3866500000000004
3.45904
3.53127
3.6033
3.6757500000000003
3.74792
3.82033
3.89259
3.9650199999999995
4.03723
4.10971
4.1818100000000005
4.25413
4.32622
4.39857
4.47063
4.54294
4.61484
4.68677
4.75876
4.8307899999999995
4.902970000000001
4.97452
5.04662
5.1182
5.1899299999999995
5.261380000000001
5.33344

Vgs: 7.5
-3.3162000000000005e-05
0.0252705
0.050924699999999996
0.0808077
0.11627499999999999
0.15701199999999998
0.202332
0.251464
0.303853
0.358863
0.416123
0.475204
0.53589
0.597898
0.661053
0.725173
0.79015
0.8558180000000001
0.92211
0.9889009999999999
1.0576100000000002
1.12458
1.19269
1.2608000000000001
1.3293899999999998
1.39797
1.46704
1.53609
1.60536
1.67505
1.74479
1.81495
1.88507
1.95558
2.02603
2.09693
2.16767
2.23886
2.30992
2.38136
2.45261
2.5242400000000003
2.59577
2.66731
2.73917
2.8108999999999997
2.8828899999999997
2.95476
3.0269500000000003
3.09885
3.17109
3.24311
3.31547
3.3875699999999997
3.46
3.5322
3.60434
3.67673
3.74889
3.82137
3.89359
3.9661
4.03817
4.1105100000000006
4.18281
4.25515
4.32725
4.39958
4.4718
4.54399
4.61604
4.68815
4.7604
4.83226
4.9043
4.97598
5.04789
5.1196
5.191409999999999
5.26302
5.334700000000001

Vgs: 8.0
-3.3955299999999997e-05
0.025278000000000002
0.050940099999999995
0.0808174
0.116296
0.157049
0.202376
0.251542
0.303924
0.358958
0.41621600000000003
0.475348
0.53606
0.5980840000000001
0.661247
0.725396
0.790402
0.85608
0.922362
0.9891850000000001
1.05795
1.12498
1.1931
1.2612299999999999
1.3298699999999999
1.3984699999999999
1.46751
1.53655
1.6058299999999999
1.6756
1.74531
1.81551
1.8856000000000002
1.9561600000000001
2.0266300000000004
2.09758
2.1683499999999998
2.23952
2.31056
2.3820099999999997
2.4533
2.52495
2.5963499999999997
2.66794
2.7398700000000002
2.81141
2.8834400000000002
2.95536
3.02757
3.09956
3.1717899999999997
3.2438599999999997
3.31623
3.3883799999999997
3.4608299999999996
3.53301
3.60517
3.6776500000000003
3.74995
3.82244
3.89458
3.9670900000000002
4.03925
4.11171
4.18396
4.25642
4.32859
4.40092
4.4731
4.54543
4.61747
4.6893
4.76136
4.83329
4.90534
4.9772
5.04907
5.12094
5.19285
5.26445
5.3361600000000005
