Vgs range: 0,8,0.5
Vds range: 0,8,0.1

Vgs: 0.0
-3.9601099999999996e-05
0.024785
0.0498446
0.0789235
0.113332
0.15274900000000002
0.19648
0.243818
0.294142
0.346929
0.401748
0.458298
0.516329
0.575574
0.635884
0.697152
0.759255
0.822101
0.885681
0.949844
1.01626
1.08103
1.14707
1.21325
1.28006
1.34704
1.4144100000000002
1.48203
1.55001
1.61847
1.68671
1.75559
1.82443
1.89364
1.96291
2.03258
2.10217
2.17222
2.24201
2.31225
2.38242
2.45296
2.52337
2.5935799999999998
2.66426
2.7348899999999996
2.80582
2.87647
2.9476099999999996
3.01836
3.0894500000000003
3.1601500000000002
3.2313300000000003
3.30237
3.37412
3.44564
3.51688
3.58827
3.65991
3.73134
3.8024
3.8739500000000002
3.9456300000000004
4.0175
4.087829999999999
4.15861
4.2303999999999995
4.30206
4.37269
4.4465
4.51848
4.5889299999999995
4.6617999999999995
4.755750000000001
4.826160000000001
4.89534
4.9680599999999995
5.03956
5.10836
5.1757
5.24547

Vgs: 0.5
-5.02217e-05
0.0249248
0.0502058
0.0795445
0.11430399999999999
0.15412499999999998
0.198338
0.246265
0.297248
0.350757
0.40635600000000005
0.46373600000000004
0.522612
0.582742
0.6439459999999999
0.706071
0.768969
0.832553
0.896674
0.96134
1.02803
1.09295
1.15898
1.22522
1.2919699999999998
1.35888
1.42631
1.4938900000000002
1.56151
1.62978
1.6980199999999999
1.76684
1.83569
1.90478
1.97393
2.0435499999999998
2.11283
2.18278
2.25249
2.32262
2.39264
2.46288
2.53316
2.60353
2.67427
2.74471
2.8154500000000002
2.88608
2.9570299999999996
3.02786
3.09898
3.16955
3.24079
3.31212
3.38293
3.45407
3.5250500000000002
3.59596
3.66734
3.73844
3.80946
3.8806499999999997
3.95195
4.02349
4.09507
4.16645
4.2374600000000004
4.3091099999999996
4.380529999999999
4.45219
4.52247
4.59288
4.66458
4.73511
4.806559999999999
4.87778
4.94843
5.01878
5.090039999999999
5.1579
5.228619999999999

Vgs: 1.0
-4.6470099999999994e-05
0.024957399999999998
0.0502657
0.0796497
0.114434
0.15432
0.198635
0.24665199999999998
0.297773
0.351401
0.407166
0.46470300000000003
0.523757
0.584094
0.645516
0.707869
0.7710119999999999
0.834828
0.899202
0.96409
1.03098
1.09603
1.16225
1.2285300000000001
1.29539
1.36234
1.42971
1.4972500000000002
1.56502
1.63317
1.70148
1.7703
1.83906
1.90822
1.9773299999999998
2.0468100000000002
2.11633
2.18616
2.25579
2.32584
2.39586
2.4659999999999997
2.53628
2.6067899999999997
2.6775
2.7479
2.81876
2.88945
2.9604000000000004
3.03132
3.10218
3.17324
3.2444599999999997
3.31534
3.38637
3.45736
3.52819
3.5990800000000003
3.67067
3.74179
3.81292
3.8845300000000003
3.9558400000000002
4.02655
4.09807
4.1698
4.24049
4.31196
4.383360000000001
4.455019999999999
4.52597
4.59703
4.66794
4.73937
4.8102
4.88093
4.95174
5.02295
5.09328
5.16397
5.23315

Vgs: 1.5
-4.88589e-05
0.0249927
0.0503466
0.0797943
0.11469800000000001
0.15472
0.199153
0.24732900000000002
0.298605
0.352464
0.408438
0.466204
0.525499
0.5860639999999999
0.647736
0.710343
0.773745
0.837793
0.902451
0.9675900000000001
1.0347600000000001
1.1001800000000002
1.16662
1.23308
1.30016
1.36725
1.43484
1.50252
1.5704600000000002
1.63895
1.70727
1.77621
1.84515
1.91451
1.98372
2.0533
2.12282
2.1928
2.26261
2.33289
2.403
2.4734499999999997
2.54373
2.6141900000000002
2.68485
2.75553
2.82649
2.8970900000000004
2.9685699999999997
3.0396300000000003
3.11077
3.18185
3.25287
3.32368
3.3948799999999997
3.4660699999999998
3.53722
3.60866
3.68006
3.75116
3.82234
3.8934
3.9649300000000003
4.036709999999999
4.10814
4.17952
4.25051
4.3210999999999995
4.39232
4.46457
4.53557
4.60649
4.67744
4.748460000000001
4.81997
4.890549999999999
4.9619800000000005
5.03316
5.10486
5.17615
5.24702

Vgs: 2.0
-4.28411e-05
0.025024900000000003
0.0504032
0.07988390000000001
0.11482
0.154879
0.199382
0.24761999999999998
0.298981
0.352923
0.409024
0.466906
0.5262990000000001
0.5870139999999999
0.648798
0.711523
0.775083
0.839284
0.9040549999999999
0.969341
1.03665
1.10211
1.16872
1.2353500000000002
1.30258
1.36986
1.4375499999999999
1.50522
1.57332
1.64178
1.7102899999999999
1.7792999999999999
1.8481800000000002
1.91745
1.98672
2.05638
2.1259400000000004
2.19605
2.26604
2.3363099999999997
2.40632
2.47684
2.5472699999999997
2.6175
2.68827
2.7589300000000003
2.8298300000000003
2.90071
2.97184
3.04258
3.11383
3.18474
3.25598
3.32715
3.39872
3.46978
3.54097
3.6123499999999997
3.68336
3.75481
3.8258900000000002
3.8971299999999998
3.9677999999999995
4.03924
4.110250000000001
4.18225
4.25338
4.32459
4.39541
4.46648
4.53747
4.60947
4.680219999999999
4.75143
4.8234699999999995
4.8941799999999995
4.96531
5.03581
5.10674
5.17748
5.248799999999999

Vgs: 2.5
-4.53501e-05
0.025032600000000002
0.0504161
0.07990799999999999
0.11486400000000001
0.15493099999999999
0.19944099999999998
0.247697
0.29907399999999995
0.35303
0.40913
0.46702899999999997
0.526454
0.587167
0.648992
0.711749
0.7753410000000001
0.8395870000000001
0.904402
0.96972
1.03711
1.1026799999999999
1.16929
1.23592
1.30315
1.37035
1.43806
1.50581
1.57384
1.64236
1.71075
1.77972
1.84867
1.91793
1.98713
2.05688
2.1265
2.1964799999999998
2.26642
2.33656
2.4066899999999998
2.47736
2.54745
2.618
2.68891
2.7596399999999996
2.8305499999999997
2.9013099999999996
2.9723800000000002
3.04314
3.1142600000000003
3.18527
3.25611
3.32741
3.39872
3.47007
3.54124
3.61286
3.6839500000000003
3.7551799999999997
3.82621
3.8978300000000004
3.9691199999999998
4.0409
4.1121300000000005
4.183400000000001
4.25422
4.325810000000001
4.39699
4.46811
4.5392399999999995
4.61036
4.681229999999999
4.75237
4.82343
4.89432
4.96582
5.0367
5.10803
5.17908
5.25064

Vgs: 3.0
-4.57907e-05
0.0251844
0.050763899999999994
0.0805493
0.115935
0.15655899999999998
0.201742
0.250748
0.302973
0.357802
0.414831
0.473728
0.534194
0.5959789999999999
0.658881
0.722742
0.7874369999999999
0.8528239999999999
0.918793
0.98529
1.05376
1.12045
1.18825
1.2560799999999999
1.32443
1.3928099999999999
1.46173
1.5306600000000001
1.59985
1.6695499999999999
1.7392
1.80936
1.8795000000000002
1.94996
2.0204899999999997
2.0914200000000003
2.1622
2.2334
2.30445
2.3758999999999997
2.44723
2.51895
2.59053
2.6621599999999996
2.73412
2.80599
2.878
2.9500300000000004
3.02235
3.09436
3.16673
3.2388999999999997
3.31139
3.38362
3.45603
3.52837
3.60061
3.6730199999999997
3.7457100000000003
3.8182799999999997
3.8906
3.9633200000000004
4.0357199999999995
4.108149999999999
4.18018
4.25262
4.3248
4.3970199999999995
4.46903
4.54148
4.61346
4.6854499999999994
4.75773
4.82924
4.90102
4.9721
5.0437
5.11481
5.18638
5.2577300000000005
5.32866

Vgs: 3.5
-4.23606e-05
0.0251569
0.0506962
0.080422
0.1157
0.15621
0.201256
0.250081
0.30212300000000003
0.35678400000000005
0.413611
0.472304
0.532539
0.594102
0.65678
0.720425
0.784895
0.850018
0.915764
0.98199
1.05028
1.1167799999999999
1.1844
1.25194
1.32005
1.38817
1.45682
1.52546
1.5943699999999998
1.6637799999999998
1.73317
1.80303
1.8728900000000002
1.94308
2.0131900000000003
2.08381
2.15437
2.22523
2.29601
2.36714
2.43821
2.5095400000000003
2.58082
2.6522
2.72391
2.79535
2.86707
2.9387499999999998
3.01067
3.08247
3.1545
3.22622
3.29843
3.37032
3.44257
3.5146100000000002
3.5866499999999997
3.65899
3.73108
3.8032399999999997
3.87546
3.9477899999999995
4.01993
4.09212
4.16406
4.236400000000001
4.30824
4.380389999999999
4.4522900000000005
4.52432
4.59634
4.66802
4.7399000000000004
4.8116900000000005
4.88347
4.95419
5.02614
5.097510000000001
5.16897
5.2404
5.31161

Vgs: 4.0
-4.51753e-05
0.025157899999999997
0.0506973
0.0804127
0.11566299999999999
0.156127
0.20111
0.24989499999999998
0.30184500000000003
0.35639899999999997
0.413131
0.471736
0.531881
0.593346
0.655898
0.719424
0.783794
0.8488330000000001
0.9144650000000001
0.980589
1.04868
1.11509
1.18252
1.24994
1.3179299999999998
1.38584
1.45441
1.5229499999999998
1.5917800000000002
1.6610399999999998
1.73029
1.80001
1.86975
1.93982
2.00985
2.08034
2.15069
2.22143
2.2920499999999997
2.36307
2.43395
2.50513
2.5762300000000002
2.6473999999999998
2.71893
2.7904
2.8619600000000003
2.93343
3.00535
3.077
3.14896
3.2207999999999997
3.29285
3.36471
3.43682
3.50862
3.58047
3.65277
3.7246699999999997
3.79663
3.86871
3.94093
4.01294
4.08507
4.15673
4.228960000000001
4.30074
4.37286
4.445
4.5168800000000005
4.58847
4.6604
4.73228
4.804069999999999
4.87589
4.94728
5.0193
5.09103
5.16243
5.23338
5.30438

Vgs: 4.5
-4.03014e-05
0.0251508
0.0506625
0.0803594
0.11558800000000001
0.156011
0.20093
0.24965099999999998
0.30157300000000004
0.356087
0.412791
0.471305
0.531372
0.592773
0.6552720000000001
0.718745
0.783064
0.848034
0.913575
0.9796670000000001
1.04772
1.11401
1.18145
1.24881
1.31668
1.3846399999999999
1.45307
1.52149
1.5902100000000001
1.65941
1.72854
1.79824
1.86782
1.93778
2.00779
2.07815
2.14831
2.21895
2.28964
2.36053
2.43141
2.50265
2.5737300000000003
2.64465
2.7161199999999996
2.7873300000000003
2.8588
2.93023
3.00205
3.0737
3.1455699999999998
3.21704
3.28898
3.36069
3.43269
3.50462
3.57636
3.64845
3.7202200000000003
3.79242
3.8642
3.9366899999999996
4.008290000000001
4.08061
4.15239
4.224119999999999
4.2963000000000005
4.36836
4.4400699999999995
4.51186
4.58393
4.65565
4.72783
4.79911
4.87094
4.9422299999999995
5.01415
5.08573
5.15718
5.2286
5.3003

Vgs: 5.0
-4.37138e-05
0.025150199999999998
0.0506781
0.0803688
0.11558299999999999
0.15601600000000002
0.200974
0.24970199999999998
0.301638
0.356174
0.41286300000000004
0.471391
0.5314789999999999
0.592893
0.65544
0.718888
0.783253
0.848236
0.913814
0.9798910000000001
1.04795
1.11429
1.18173
1.2490999999999999
1.317
1.38496
1.45336
1.52183
1.5906
1.65981
1.72896
1.79864
1.86824
1.93827
2.00826
2.07871
2.14898
2.21967
2.2903
2.3611600000000004
2.4318999999999997
2.50311
2.57414
2.64534
2.71684
2.78803
2.85956
2.9310899999999998
3.0028799999999998
3.0744000000000002
3.1463300000000003
3.2178799999999996
3.2898300000000003
3.36158
3.4335899999999997
3.5054600000000002
3.57727
3.6494
3.72112
3.79327
3.86529
3.9373400000000003
4.0091600000000005
4.08131
4.153289999999999
4.22544
4.29717
4.36921
4.44093
4.51295
4.58434
4.65656
4.7282399999999996
4.8001700000000005
4.872
4.94353
5.01477
5.08582
5.15708
5.228370000000001
5.2994699999999995

Vgs: 5.5
-4.23468e-05
0.0251354
0.050661000000000005
0.0803381
0.11553200000000001
0.155965
0.200874
0.24959800000000001
0.301498
0.355999
0.412676
0.471182
0.531209
0.5926049999999999
0.65511
0.718554
0.782829
0.847811
0.913361
0.9794120000000001
1.04751
1.1137899999999998
1.18112
1.24854
1.31635
1.38427
1.45269
1.5211000000000001
1.58985
1.65899
1.72811
1.79769
1.86727
1.93727
2.0072200000000002
2.0776000000000003
2.14787
2.2185400000000004
2.2890800000000002
2.36001
2.43073
2.50185
2.57295
2.6441
2.7155199999999997
2.78679
2.85834
2.92977
3.00151
3.07302
3.14484
3.21648
3.28834
3.36016
3.4321099999999998
3.50381
3.5756
3.64775
3.71963
3.79168
3.86344
3.93574
4.00755
4.07961
4.15143
4.22349
4.2951
4.36717
4.43879
4.51077
4.582260000000001
4.654
4.72583
4.797540000000001
4.86905
4.94073
5.01212
5.08386
5.155530000000001
5.2267
5.29772

Vgs: 6.0
-4.0250900000000005e-05
0.0251439
0.050658699999999994
0.0803406
0.115559
0.15597699999999998
0.200901
0.24963200000000002
0.30153599999999997
0.356035
0.4127
0.471229
0.5312929999999999
0.5926739999999999
0.655196
0.718646
0.782942
0.84791
0.91347
0.9795579999999999
1.0476400000000001
1.1138700000000001
1.1812
1.2485899999999999
1.31653
1.3844
1.4526599999999998
1.52111
1.58992
1.65911
1.72828
1.79791
1.86748
1.93747
2.00737
2.07782
2.1479899999999996
2.21866
2.2892300000000003
2.35996
2.43096
2.50204
2.57292
2.64406
2.7155199999999997
2.78682
2.85837
2.9298599999999997
3.00169
3.07316
3.1447
3.21632
3.28844
3.3600399999999997
3.43209
3.5039
3.57557
3.64772
3.71958
3.7916299999999996
3.86355
3.9358500000000003
4.0075400000000005
4.07968
4.15176
4.223669999999999
4.29544
4.3673
4.4388700000000005
4.5108
4.58274
4.654669999999999
4.726649999999999
4.79824
4.87003
4.94145
5.01347
5.08547
5.15703
5.2285200000000005
5.30008

Vgs: 6.5
-4.36977e-05
0.0251463
0.0506756
0.0803687
0.115575
0.156003
0.20096799999999998
0.2497
0.301602
0.356135
0.412807
0.471331
0.531424
0.592817
0.655354
0.718819
0.7831319999999999
0.84809
0.913659
0.979738
1.04776
1.11413
1.18151
1.24887
1.31674
1.3846399999999999
1.4530999999999998
1.52152
1.5903
1.65947
1.72864
1.79829
1.86788
1.9379600000000001
2.00796
2.0783400000000003
2.14863
2.21938
2.2900300000000002
2.3608700000000002
2.43173
2.5028799999999998
2.5739199999999998
2.64502
2.7164200000000003
2.78777
2.85941
2.9307600000000003
3.0025500000000003
3.07406
3.14584
3.21747
3.28948
3.3610900000000004
3.43312
3.50482
3.5766999999999998
3.64891
3.72052
3.7927500000000003
3.8646000000000003
3.93663
4.00866
4.080710000000001
4.15268
4.22466
4.29662
4.3687700000000005
4.4403500000000005
4.512160000000001
4.58397
4.6556999999999995
4.727539999999999
4.79928
4.87056
4.94231
5.01398
5.08566
5.1572
5.22844
5.29939

Vgs: 7.0
-3.72621e-05
0.0251497
0.0506763
0.0803644
0.115559
0.155978
0.200899
0.24962600000000001
0.301531
0.35604
0.41269
0.47119700000000003
0.531255
0.592629
0.655107
0.718547
0.782834
0.8477619999999999
0.913294
0.97934
1.04728
1.11357
1.1809399999999999
1.24832
1.31619
1.3841
1.45248
1.52096
1.58971
1.65887
1.72797
1.7975700000000001
1.86721
1.93725
2.00721
2.07757
2.14784
2.21846
2.2889999999999997
2.3598500000000002
2.43071
2.5017799999999997
2.5727800000000003
2.64397
2.71542
2.78671
2.85826
2.9297199999999997
3.00144
3.07282
3.14461
3.21618
3.28818
3.3599200000000002
3.4319699999999997
3.5036099999999997
3.5753
3.6474900000000003
3.71937
3.79141
3.8632
3.93527
4.00737
4.07929
4.1508899999999995
4.22304
4.294840000000001
4.36689
4.43875
4.51078
4.582949999999999
4.6543399999999995
4.726089999999999
4.79744
4.868919999999999
4.94046
5.01208
5.08366
5.1551599999999995
5.22668
5.29781

Vgs: 7.5
-4.2201000000000005e-05
0.0251551
0.0506824
0.0803748
0.11558299999999999
0.156017
0.200951
0.249673
0.301568
0.356062
0.412729
0.471235
0.5313180000000001
0.592703
0.655189
0.718673
0.78297
0.847928
0.913464
0.9795450000000001
1.04755
1.1138599999999999
1.18123
1.2486000000000002
1.3165099999999998
1.38443
1.45291
1.52137
1.5900599999999998
1.6592600000000002
1.72837
1.79796
1.86755
1.9375
2.0074899999999998
2.07789
2.14811
2.21878
2.28934
2.3602800000000004
2.4311100000000003
2.50231
2.57331
2.6443600000000003
2.71583
2.78718
2.85862
2.93008
3.00176
3.0733
3.14528
3.2169299999999996
3.28874
3.36056
3.43231
3.5042799999999996
3.57604
3.64798
3.71991
3.7919300000000002
3.86383
3.93617
4.00788
4.079840000000001
4.15157
4.2235
4.29573
4.36779
4.43966
4.51175
4.58369
4.655130000000001
4.7265500000000005
4.79866
4.870410000000001
4.942410000000001
5.01428
5.08519
5.15649
5.227779999999999
5.29915

Vgs: 8.0
-3.8435199999999994e-05
0.0251611
0.050697900000000004
0.0803983
0.11560799999999999
0.15603399999999998
0.200966
0.249677
0.30159600000000003
0.35609599999999997
0.412769
0.471282
0.531352
0.59274
0.6552370000000001
0.718669
0.782959
0.8479209999999999
0.913476
0.979532
1.04761
1.11389
1.18122
1.24865
1.31653
1.3844599999999998
1.45293
1.52127
1.5899899999999998
1.65917
1.72832
1.79791
1.86751
1.93741
2.00737
2.07773
2.1480200000000003
2.21853
2.2892
2.35996
2.4306900000000002
2.50191
2.57288
2.64398
2.71551
2.78676
2.85826
2.92975
3.00135
3.07267
3.1445499999999997
3.21631
3.2882599999999997
3.35989
3.43193
3.50374
3.57562
3.64766
3.7196
3.79189
3.86367
3.93564
4.007499999999999
4.0796
4.15154
4.2236
4.29568
4.3676
4.43948
4.51078
4.58289
4.6548300000000005
4.72649
4.79812
4.86998
4.9415700000000005
5.013199999999999
5.08418
5.15578
5.22675
5.29855
