Vgs range: 0,8,0.5
Vds range: 0,8,0.1

Vgs: 0.0
-2.1974299999999997e-05
0.0253379
0.051038700000000006
0.0810815
0.116867
0.158037
0.203873
0.25359299999999996
0.30657999999999996
0.362238
0.420076
0.47981199999999996
0.541106
0.603709
0.667433
0.732127
0.7976679999999999
0.863942
0.930871
0.998412
1.06809
1.13621
1.20561
1.27521
1.3454300000000001
1.4158199999999999
1.4868
1.55789
1.6293600000000001
1.70128
1.77326
1.84569
1.91811
1.9909799999999997
2.06386
2.1372
2.21035
2.28398
2.35747
2.43136
2.50509
2.57925
2.65332
2.72739
2.80185
2.87615
2.9507000000000003
3.02515
3.0999600000000003
3.17447
3.24932
3.3239799999999997
3.3989
3.4735899999999997
3.5486
3.62336
3.6981599999999997
3.77325
3.84809
3.9231400000000005
3.99797
4.0730200000000005
4.1477900000000005
4.22279
4.29759
4.37264
4.4473899999999995
4.5224
4.59719
4.67216
4.74696
4.8217099999999995
4.89661
4.97128
5.04618
5.12083
5.19573
5.27029
5.34511
5.41965
5.4944

Vgs: 0.5
-3.17665e-05
0.0254739
0.0513897
0.0817036
0.117823
0.159416
0.20576
0.256091
0.30974300000000005
0.36612500000000003
0.424816
0.485429
0.54767
0.611271
0.676061
0.741842
0.808439
0.87574
0.943658
1.0136399999999999
1.0825
1.1512499999999999
1.2211100000000001
1.29099
1.36151
1.4321
1.50326
1.57448
1.64602
1.7181
1.79009
1.86261
1.9351500000000001
2.00799
2.08092
2.15427
2.22745
2.30106
2.37461
2.4485
2.52225
2.59639
2.67033
2.7443400000000002
2.81883
2.8930800000000003
2.96761
3.042
3.11678
3.19126
3.26604
3.34061
3.41554
3.49012
3.56511
3.63988
3.71455
3.78949
3.86428
3.9393
4.01406
4.08909
4.16383
4.23882
4.31359
4.38854
4.46328
4.53824
4.6128599999999995
4.68765
4.76223
4.8367
4.91135
4.98583
5.06044
5.134790000000001
5.20931
5.28359
5.358029999999999
5.43218
5.5065599999999995

Vgs: 1.0
-3.48792e-05
0.0255141
0.051467
0.0818444
0.118059
0.159773
0.206235
0.256718
0.310558
0.36715400000000004
0.426044
0.486901
0.54938
0.613248
0.678289
0.74434
0.8112790000000001
0.8788980000000001
0.947162
1.01746
1.08671
1.15572
1.22586
1.29593
1.36661
1.43736
1.5086
1.5798699999999999
1.65147
1.72355
1.79562
1.8681699999999999
1.94071
2.01364
2.08658
2.1599700000000004
2.2331600000000003
2.30685
2.38036
2.45423
2.52802
2.60213
2.6762
2.75023
2.82465
2.8989
2.97342
3.04779
3.12251
3.19695
3.27175
3.34637
3.42121
3.49585
3.5707999999999998
3.64554
3.72021
3.79528
3.8699899999999996
3.9450099999999995
4.01974
4.09475
4.16952
4.24446
4.31923
4.39412
4.46877
4.54367
4.6182799999999995
4.6931
4.76764
4.84214
4.91678
4.991149999999999
5.06583
5.14014
5.21471
5.28891
5.36324
5.43727
5.51153

Vgs: 1.5
-2.98378e-05
0.0255407
0.0515209
0.0819155
0.118176
0.159919
0.20644500000000002
0.25701
0.310928
0.367592
0.42659199999999997
0.487533
0.550128
0.614108
0.67928
0.745457
0.812517
0.880294
0.948702
1.01915
1.08853
1.1577
1.22797
1.2982099999999999
1.36904
1.43984
1.5111700000000001
1.58249
1.6541100000000002
1.72622
1.7982799999999999
1.8709099999999999
1.94342
2.01639
2.08927
2.1626499999999997
2.23586
2.3095
2.38305
2.45694
2.5307
2.60486
2.67888
2.75296
2.82739
2.90163
2.97614
3.05031
3.12508
3.19957
3.2743300000000004
3.34896
3.42384
3.49851
3.5734500000000002
3.64825
3.72292
3.79791
3.87268
3.9476499999999994
4.022290000000001
4.097230000000001
4.1719599999999994
4.24695
4.32165
4.39657
4.47125
4.5461599999999995
4.62082
4.695600000000001
4.7702
4.844720000000001
4.91938
4.99383
5.0684
5.14269
5.2171199999999995
5.2913
5.365670000000001
5.43975
5.51401

Vgs: 2.0
-3.1452200000000004e-05
0.0255494
0.0515336
0.0819561
0.118223
0.160011
0.206562
0.257144
0.31110099999999996
0.367807
0.42685500000000004
0.48786199999999996
0.55052
0.614564
0.679796
0.746058
0.813182
0.881058
0.94951
1.02007
1.0895499999999998
1.15879
1.22915
1.29945
1.37032
1.4411800000000001
1.5125799999999998
1.58393
1.65557
1.7277
1.79979
1.8723800000000002
1.94489
2.01782
2.09077
2.16419
2.2374199999999997
2.3110600000000003
2.38457
2.4584300000000003
2.5322299999999998
2.60637
2.6803600000000003
2.75439
2.8288100000000003
2.90306
2.97765
3.05206
3.1268
3.2012199999999997
3.27603
3.3506199999999997
3.42552
3.50011
3.57504
3.6498
3.72451
3.79948
3.8742099999999997
3.9491400000000003
4.02386
4.09893
4.17369
4.24861
4.32339
4.3982600000000005
4.47291
4.54781
4.62237
4.69721
4.77184
4.84635
4.92098
4.9954
5.06994
5.14416
5.2186699999999995
5.292800000000001
5.36716
5.44118
5.51544

Vgs: 2.5
-3.06247e-05
0.0255592
0.0515535
0.0819869
0.118269
0.160056
0.206625
0.257212
0.311205
0.367959
0.427022
0.48805000000000004
0.5507380000000001
0.614821
0.680083
0.746363
0.813533
0.881415
0.94991
1.0205
1.09001
1.15934
1.22972
1.3001
1.37101
1.4418600000000001
1.51326
1.58465
1.6562199999999998
1.72841
1.80051
1.87313
1.94563
2.01862
2.0915600000000003
2.16491
2.2380999999999998
2.3117900000000002
2.38531
2.4592199999999997
2.5329900000000003
2.6071000000000004
2.68108
2.7551799999999997
2.8295999999999997
2.90383
2.97835
3.05273
3.1274599999999997
3.20192
3.27669
3.35128
3.4261500000000003
3.50074
3.5756400000000004
3.65036
3.72503
3.8
3.87474
3.94973
4.02449
4.09948
4.17425
4.2492
4.323910000000001
4.39886
4.47353
4.54843
4.6230400000000005
4.69784
4.77239
4.8468
4.92141
4.99585
5.07048
5.14478
5.21927
5.29343
5.36772
5.441750000000001
5.51598

Vgs: 3.0
-2.17057e-05
0.025560199999999998
0.0515715
0.08201309999999999
0.118298
0.160085
0.206675
0.25728399999999996
0.311263
0.368035
0.42713
0.48817
0.550863
0.614958
0.680274
0.746577
0.813763
0.8816689999999999
0.950186
1.02076
1.0903200000000002
1.15961
1.2300600000000002
1.30044
1.37134
1.44225
1.51366
1.58504
1.65669
1.72882
1.8009199999999999
1.87355
1.9460899999999999
2.01905
2.09198
2.16539
2.2386
2.31228
2.38579
2.45967
2.53345
2.6076099999999998
2.68162
2.75568
2.8301200000000004
2.90436
2.97887
3.0532100000000004
3.12797
3.2024000000000004
3.27717
3.3517400000000004
3.4266
3.50126
3.57619
3.6509300000000002
3.72558
3.80061
3.87536
3.9502900000000003
4.02502
4.10004
4.17483
4.24969
4.32439
4.39933
4.47394
4.54888
4.62354
4.69829
4.77285
4.8473
4.92192
4.99628
5.07086
5.145160000000001
5.21966
5.29382
5.36813
5.44212
5.516369999999999

Vgs: 3.5
-3.18062e-05
0.0255707
0.051584700000000004
0.0820304
0.118317
0.160132
0.206717
0.257326
0.311339
0.368114
0.427213
0.48828
0.5510069999999999
0.615096
0.680416
0.74673
0.813939
0.881878
0.9504239999999999
1.02102
1.09061
1.15992
1.23038
1.30076
1.37169
1.44256
1.51399
1.5854199999999998
1.6570999999999998
1.72922
1.80129
1.87389
1.94645
2.01938
2.0923000000000003
2.16572
2.2389699999999997
2.31262
2.38615
2.46003
2.53384
2.6079800000000004
2.682
2.7560800000000003
2.83051
2.90474
2.97928
3.0536399999999997
3.1283499999999997
3.2027900000000002
3.2776099999999997
3.35215
3.427
3.50161
3.57657
3.6512900000000004
3.7259200000000003
3.80095
3.87572
3.9507199999999996
4.02544
4.1004
4.17509
4.25003
4.32476
4.3997
4.47435
4.5493
4.62392
4.69866
4.7731900000000005
4.84765
4.92229
4.996709999999999
5.07132
5.145549999999999
5.22004
5.29417
5.36852
5.4425300000000005
5.51677

Vgs: 4.0
-1.98815e-05
0.0255918
0.051620099999999995
0.0820788
0.118386
0.160215
0.206816
0.257437
0.31143099999999996
0.368225
0.42734300000000003
0.488403
0.5511370000000001
0.61524
0.6805319999999999
0.746887
0.814099
0.882049
0.950636
1.02127
1.09086
1.1601700000000001
1.23063
1.30104
1.37195
1.44291
1.51433
1.58575
1.65739
1.72953
1.80164
1.8742800000000002
1.9467700000000001
2.01973
2.0926500000000003
2.1660999999999997
2.23933
2.313
2.3865499999999997
2.46045
2.53419
2.6083399999999997
2.6823099999999998
2.75637
2.8308
2.9051099999999996
2.97962
3.05396
3.1286899999999997
3.20316
3.2779599999999998
3.3525500000000004
3.42738
3.50196
3.57691
3.65158
3.72622
3.80125
3.87602
3.9509499999999997
4.0257000000000005
4.10068
4.17539
4.2503400000000005
4.32503
4.4000200000000005
4.47467
4.5495600000000005
4.6241900000000005
4.699
4.77356
4.84812
4.9227300000000005
4.99707
5.07163
5.145860000000001
5.2203800000000005
5.2945199999999994
5.36887
5.44285
5.51713

Vgs: 4.5
-2.83301e-05
0.0255989
0.051629
0.0820853
0.118379
0.160195
0.20679699999999998
0.25742099999999996
0.31142000000000003
0.368211
0.427311
0.488396
0.551115
0.615247
0.680566
0.7469020000000001
0.8141309999999999
0.882069
0.950607
1.0212
1.09077
1.16011
1.23058
1.30101
1.3719999999999999
1.4429
1.5143000000000002
1.58568
1.6573799999999999
1.72952
1.80165
1.87425
1.9468400000000001
2.01985
2.0927200000000004
2.16615
2.2393199999999998
2.31298
2.38651
2.46045
2.53424
2.60838
2.6823900000000003
2.75643
2.83088
2.90508
2.97966
3.054
3.12873
3.2031300000000003
3.27793
3.35251
3.42737
3.50199
3.57692
3.65163
3.72629
3.80133
3.87609
3.9509899999999996
4.02572
4.1007
4.17541
4.25035
4.32508
4.39997
4.47464
4.549530000000001
4.62417
4.6989
4.7734700000000005
4.84797
4.9226
4.996989999999999
5.07163
5.14585
5.22037
5.2945199999999994
5.36883
5.442810000000001
5.51699

Vgs: 5.0
-2.3356e-05
0.025591
0.05162
0.0820763
0.11838299999999999
0.16019999999999998
0.206817
0.25745
0.311473
0.36827000000000004
0.427386
0.488474
0.55121
0.6153540000000001
0.680678
0.747027
0.814272
0.882231
0.95082
1.02149
1.0910600000000001
1.1604
1.2308899999999998
1.30135
1.37236
1.44328
1.51464
1.58608
1.65777
1.72993
1.80205
1.8746699999999998
1.94723
2.02015
2.09307
2.1664499999999998
2.23967
2.31331
2.38683
2.46075
2.53452
2.6087
2.68268
2.75673
2.83118
2.9054200000000003
2.9799499999999997
3.05431
3.12899
3.20346
3.27825
3.35286
3.4277499999999996
3.5023400000000002
3.5772299999999997
3.65197
3.7266399999999997
3.80164
3.8763500000000004
3.9513300000000005
4.02611
4.10105
4.17574
4.25069
4.3253900000000005
4.40032
4.47497
4.54982
4.62444
4.69919
4.77378
4.8482400000000005
4.92285
4.99723
5.07189
5.146129999999999
5.2206
5.29472
5.369009999999999
5.4430700000000005
5.51723

Vgs: 5.5
-1.64233e-05
0.0255974
0.0516267
0.08209469999999999
0.118411
0.16022899999999998
0.206847
0.257494
0.311527
0.368312
0.427429
0.488521
0.551257
0.615406
0.6807150000000001
0.747062
0.814299
0.88227
0.950881
1.02152
1.0910900000000001
1.16048
1.2309599999999998
1.3013899999999998
1.37239
1.4433200000000002
1.5147599999999999
1.5861200000000002
1.6578199999999998
1.72997
1.80211
1.87476
1.9472800000000001
2.0202
2.09316
2.16656
2.2398000000000002
2.31344
2.38698
2.46089
2.53463
2.6087599999999997
2.68277
2.75678
2.83126
2.9055
2.9800199999999997
3.05437
3.12909
3.20355
3.27831
3.35286
3.4277800000000003
3.5024
3.57728
3.6520099999999998
3.72669
3.8017
3.87645
3.9514099999999996
4.02616
4.10112
4.17579
4.2507600000000005
4.325500000000001
4.40042
4.475
4.54996
4.62455
4.69929
4.77386
4.84833
4.922969999999999
4.99739
5.07197
5.14624
5.220619999999999
5.29474
5.36912
5.44313
5.51728

Vgs: 6.0
-2.8141399999999998e-05
0.0255986
0.051633
0.0820991
0.11840700000000001
0.160228
0.206847
0.257481
0.311521
0.368335
0.427447
0.48851700000000003
0.551248
0.6153909999999999
0.680729
0.747099
0.8143389999999999
0.8823019999999999
0.950903
1.02143
1.09102
1.16039
1.23087
1.30129
1.37229
1.44327
1.51468
1.5860699999999999
1.65778
1.72996
1.80205
1.87469
1.94722
2.02018
2.09312
2.16652
2.23974
2.31336
2.3869
2.46076
2.53455
2.60874
2.68271
2.75671
2.83116
2.90537
2.9798899999999997
3.05425
3.12901
3.20344
3.27823
3.3528
3.42767
3.5023099999999996
3.57722
3.6518800000000002
3.7265699999999997
3.80158
3.87634
3.9512899999999997
4.026059999999999
4.10105
4.17579
4.25072
4.32538
4.40037
4.47501
4.54986
4.62455
4.69927
4.7738499999999995
4.8483600000000004
4.922980000000001
4.99734
5.0719199999999995
5.146170000000001
5.22068
5.29474
5.3690999999999995
5.443090000000001
5.51726

Vgs: 6.5
-1.16629e-05
0.0256016
0.051633
0.082097
0.11841399999999999
0.16023099999999998
0.20684
0.257481
0.311525
0.36832899999999996
0.42744400000000005
0.488533
0.551277
0.615437
0.6807500000000001
0.747107
0.814345
0.882296
0.9509110000000001
1.0215400000000001
1.0911300000000002
1.1604700000000001
1.231
1.30141
1.3723800000000002
1.44334
1.51475
1.58615
1.65781
1.72997
1.80207
1.87463
1.94717
2.02019
2.09308
2.1665
2.23968
2.31336
2.38694
2.4608299999999996
2.53463
2.60877
2.68275
2.75681
2.83124
2.9054800000000003
2.97999
3.05434
3.12909
3.20347
3.27826
3.35284
3.42767
3.50228
3.5772500000000003
3.65197
3.7266299999999997
3.80161
3.87634
3.9513
4.02605
4.10107
4.17569
4.25064
4.325329999999999
4.40025
4.474889999999999
4.54987
4.6245
4.6992400000000005
4.773750000000001
4.84822
4.922829999999999
4.99728
5.07193
5.14616
5.22067
5.29477
5.3690999999999995
5.4430700000000005
5.51727

Vgs: 7.0
-2.7405899999999998e-05
0.0255925
0.0516159
0.08207199999999999
0.11839
0.16020600000000002
0.206819
0.25746800000000003
0.311496
0.36828
0.42739699999999997
0.48847699999999994
0.551239
0.615387
0.6807259999999999
0.747099
0.814332
0.882319
0.9509059999999999
1.0215400000000001
1.0911499999999998
1.16052
1.23098
1.30141
1.3724
1.44335
1.51475
1.58618
1.65785
1.73004
1.80216
1.87473
1.94732
2.02028
2.09319
2.16658
2.23979
2.3134900000000003
2.38704
2.46096
2.53474
2.60887
2.68284
2.75692
2.83135
2.90561
2.9800999999999997
3.05446
3.12918
3.20356
3.27835
3.3529
3.42773
3.5024
3.57729
3.6520300000000003
3.7266999999999997
3.80175
3.8765
3.9514299999999998
4.02618
4.10116
4.17587
4.250839999999999
4.325500000000001
4.40043
4.47509
4.55
4.62458
4.69933
4.773890000000001
4.848380000000001
4.92299
4.99737
5.07197
5.14623
5.22069
5.29475
5.36912
5.44313
5.51734

Vgs: 7.5
-1.88616e-05
0.0255999
0.0516307
0.0820907
0.11840099999999999
0.160243
0.20685800000000001
0.257512
0.311536
0.368339
0.427465
0.488557
0.551306
0.6154259999999999
0.680766
0.747119
0.8143640000000001
0.882348
0.95093
1.0216100000000001
1.0911899999999999
1.16056
1.23101
1.3014400000000002
1.3723800000000002
1.44334
1.5147400000000002
1.58617
1.6578199999999998
1.7299900000000001
1.80207
1.8747
1.94725
2.02023
2.09317
2.16659
2.23981
2.31345
2.38698
2.46089
2.53464
2.60874
2.6827199999999998
2.75677
2.83121
2.90544
2.9799800000000003
3.05435
3.12905
3.2035
3.27829
3.35286
3.4276799999999996
3.50232
3.5772299999999997
3.6519
3.7266299999999997
3.80167
3.8764
3.9513200000000004
4.026079999999999
4.10105
4.1757599999999995
4.25075
4.32536
4.40031
4.47501
4.54987
4.6244700000000005
4.69928
4.7738
4.84827
4.92291
4.99726
5.071899999999999
5.1462
5.2206600000000005
5.2947999999999995
5.36911
5.44313
5.517379999999999

Vgs: 8.0
-1.52693e-05
0.0256141
0.0516574
0.08213319999999999
0.11843799999999999
0.160258
0.20689300000000002
0.257533
0.311556
0.368357
0.427466
0.48855100000000007
0.551283
0.6154240000000001
0.6807570000000001
0.747119
0.814362
0.882312
0.950883
1.0215400000000001
1.0910799999999998
1.16045
1.23091
1.30136
1.37233
1.44326
1.51466
1.5860500000000002
1.65774
1.72988
1.8019699999999998
1.87461
1.94717
2.02015
2.09309
2.16644
2.23968
2.31334
2.38687
2.46078
2.53452
2.6086199999999997
2.68262
2.75669
2.8311
2.9053299999999997
2.97986
3.05422
3.12896
3.20345
3.27823
3.35286
3.4276799999999996
3.50232
3.57727
3.65197
3.7266
3.80158
3.8763199999999998
3.9512799999999997
4.02599
4.10084
4.17557
4.2505299999999995
4.32526
4.4002
4.47482
4.54973
4.6243
4.6991000000000005
4.77367
4.84814
4.9227799999999995
4.99716
5.07177
5.14601
5.22047
5.29463
5.36889
5.4429099999999995
5.517110000000001
