Vgs range: 0,8,0.1
Vds range: 0,8,0.5

Vgs: 0.0
-3.07034e-05
-2.92716e-05
-3.0475199999999996e-05
-2.59985e-05
-2.71888e-05
-2.94683e-05
-2.71857e-05
-3.02482e-05
-3.00094e-05
-2.70201e-05
-2.6796e-05
-2.97816e-05
-2.5815e-05
-2.5226699999999997e-05
-2.5594e-05
-2.61542e-05
-2.4938800000000003e-05
-2.72394e-05
-2.7871600000000003e-05
-3.0595499999999995e-05
-2.94728e-05
-2.62434e-05
-2.87191e-05
-2.5771099999999998e-05
-2.71708e-05
-2.9891300000000003e-05
-2.96405e-05
-2.799e-05
-3.17566e-05
-3.12016e-05
-2.9566e-05
-3.0123499999999997e-05
-3.02348e-05
-3.09786e-05
-3.05925e-05
-3.11389e-05
-3.22219e-05
-3.21078e-05
-3.04994e-05
-3.233e-05
-3.22074e-05
-3.1436700000000003e-05
-3.19278e-05
-3.17214e-05
-3.2151000000000004e-05
-3.27894e-05
-3.31739e-05
-3.23546e-05
-3.32299e-05
-3.3736800000000005e-05
-3.33659e-05
-3.34559e-05
-3.3176499999999997e-05
-3.33312e-05
-3.34355e-05
-3.34548e-05
-3.34209e-05
-3.4259000000000005e-05
-3.36128e-05
-3.36287e-05
-3.35713e-05
-3.3884099999999996e-05
-3.3077900000000004e-05
-3.50675e-05
-3.3775999999999996e-05
-3.3267999999999994e-05
-3.41306e-05
-3.46377e-05
-3.3374700000000004e-05
-3.30854e-05
-3.33778e-05
-3.2657800000000004e-05
-3.3547600000000004e-05
-3.4183899999999996e-05
-3.3433200000000004e-05
-3.21671e-05
-3.3199e-05
-3.3843799999999996e-05
-3.26494e-05
-3.25271e-05
-3.24731e-05

Vgs: 0.5
0.15494
0.154949
0.154948
0.15495799999999998
0.154954
0.154964
0.154957
0.154955
0.154943
0.154945
0.154941
0.154954
0.154967
0.154977
0.15498599999999998
0.154967
0.154965
0.154963
0.15498
0.154977
0.154975
0.154978
0.154983
0.154989
0.154995
0.15501299999999998
0.15500799999999998
0.155006
0.155014
0.155007
0.155009
0.15502
0.155021
0.155015
0.15501600000000001
0.155034
0.155036
0.155046
0.155044
0.155046
0.15504700000000002
0.155059
0.155048
0.155052
0.155044
0.155054
0.155061
0.155056
0.15503899999999998
0.155038
0.15504099999999998
0.155059
0.155059
0.15508000000000002
0.155066
0.15506299999999998
0.155062
0.15506
0.15506
0.155058
0.155074
0.155084
0.155086
0.155086
0.155077
0.15506999999999999
0.15507300000000002
0.155083
0.155074
0.15506499999999998
0.15508000000000002
0.155077
0.155075
0.15507300000000002
0.155085
0.155088
0.155076
0.155086
0.155085
0.15509
0.155092

Vgs: 1.0
0.409154
0.409132
0.409151
0.40915999999999997
0.409158
0.409179
0.409164
0.409177
0.40917299999999995
0.409177
0.409163
0.409166
0.409174
0.409176
0.40918299999999996
0.40918600000000005
0.409217
0.40921799999999997
0.409211
0.409222
0.409212
0.409228
0.409219
0.40922400000000003
0.409219
0.409222
0.409233
0.409244
0.409249
0.40924499999999997
0.409267
0.409272
0.409268
0.409277
0.40926500000000005
0.409277
0.409284
0.409279
0.409311
0.409316
0.409316
0.40931799999999996
0.409324
0.409341
0.409346
0.40934899999999996
0.409366
0.409371
0.409364
0.40936199999999995
0.40937500000000004
0.409377
0.409381
0.40941099999999997
0.409418
0.409397
0.40942
0.409409
0.409417
0.409429
0.40945499999999996
0.40946
0.40945899999999996
0.409465
0.40947100000000003
0.40948599999999996
0.409501
0.40948599999999996
0.409481
0.409493
0.40950600000000004
0.40951699999999996
0.40951699999999996
0.409508
0.409516
0.409509
0.409529
0.409539
0.409541
0.40955800000000003
0.409567

Vgs: 1.5
0.710877
0.710867
0.710887
0.710893
0.710922
0.710908
0.710893
0.710882
0.710853
0.7108639999999999
0.7108709999999999
0.71085
0.710862
0.710882
0.710873
0.710878
0.71087
0.710919
0.7109660000000001
0.710989
0.711008
0.711018
0.7110299999999999
0.711005
0.711031
0.7110559999999999
0.7110620000000001
0.7110489999999999
0.7110489999999999
0.711068
0.7110839999999999
0.711101
0.71109
0.711105
0.711127
0.711166
0.711165
0.71117
0.711162
0.7111770000000001
0.711189
0.7112
0.711228
0.711234
0.711243
0.71127
0.71129
0.7113109999999999
0.7113119999999999
0.711321
0.711327
0.711327
0.711322
0.711352
0.7113860000000001
0.711385
0.711396
0.7114400000000001
0.7114400000000001
0.711463
0.711474
0.711498
0.711489
0.711488
0.711518
0.7115360000000001
0.711496
0.711514
0.711553
0.711588
0.711605
0.711613
0.7116359999999999
0.711622
0.71163
0.711626
0.711613
0.711614
0.711627
0.711612
0.711637

Vgs: 2.0
1.03479
1.03472
1.0347799999999998
1.03471
1.03475
1.03472
1.03479
1.03479
1.03477
1.03477
1.0347
1.03474
1.0348300000000001
1.03482
1.03481
1.0348300000000001
1.0348600000000001
1.03482
1.0348600000000001
1.03488
1.03488
1.03491
1.0349199999999998
1.0349700000000002
1.03498
1.0349899999999999
1.03501
1.03505
1.03505
1.03507
1.03505
1.03508
1.03512
1.03511
1.03514
1.03517
1.0352000000000001
1.03518
1.0352000000000001
1.03521
1.03521
1.0352000000000001
1.03526
1.03532
1.0353400000000001
1.0352899999999998
1.0353
1.03531
1.03531
1.03531
1.03538
1.03535
1.03535
1.0353700000000001
1.0353599999999998
1.03538
1.0354400000000001
1.0354400000000001
1.03554
1.03554
1.03551
1.03553
1.0355500000000002
1.03554
1.03558
1.0356
1.0356
1.03567
1.03565
1.0357299999999998
1.03571
1.03565
1.03572
1.03575
1.03577
1.0357999999999998
1.03582
1.0357999999999998
1.0358500000000002
1.0358399999999999
1.0358800000000001

Vgs: 2.5
1.36856
1.36856
1.3686099999999999
1.36859
1.36859
1.3685800000000001
1.36859
1.3686099999999999
1.36866
1.36865
1.3687099999999999
1.3686900000000002
1.36874
1.3687
1.36872
1.36872
1.36881
1.36874
1.36878
1.36877
1.36884
1.36878
1.36883
1.36883
1.3688500000000001
1.3688500000000001
1.3689200000000001
1.36891
1.36888
1.3689500000000001
1.3689799999999999
1.36897
1.3689900000000002
1.369
1.36907
1.3690799999999999
1.3690900000000001
1.3690600000000002
1.3691499999999999
1.36917
1.3691499999999999
1.36918
1.36921
1.36928
1.36929
1.36932
1.36933
1.36929
1.36932
1.36937
1.3693799999999998
1.36941
1.36939
1.36944
1.3695000000000002
1.36958
1.36961
1.36963
1.36965
1.3696599999999999
1.36968
1.3697
1.3697
1.3697
1.36974
1.36979
1.36973
1.36976
1.36979
1.3698199999999998
1.36986
1.36986
1.36991
1.36991
1.36999
1.36993
1.3700100000000002
1.3700299999999999
1.3700400000000001
1.3700800000000002
1.37013

Vgs: 3.0
1.71229
1.71231
1.71232
1.71221
1.71221
1.71226
1.71228
1.71228
1.71222
1.71221
1.71221
1.71226
1.71222
1.71229
1.71226
1.71222
1.71232
1.71226
1.71233
1.71228
1.71228
1.71228
1.71231
1.71232
1.71234
1.7123799999999998
1.71246
1.71244
1.71248
1.71247
1.7125000000000001
1.71249
1.7125599999999999
1.71253
1.71249
1.7125599999999999
1.71259
1.71262
1.71254
1.71262
1.7126299999999999
1.71261
1.71265
1.71267
1.7127100000000002
1.7127100000000002
1.71275
1.71274
1.71276
1.71281
1.71283
1.71285
1.7128700000000001
1.71286
1.71286
1.71291
1.71293
1.71292
1.71292
1.71292
1.71295
1.71302
1.71302
1.7130699999999999
1.71309
1.71311
1.7131399999999999
1.71318
1.71325
1.71327
1.71327
1.71339
1.71335
1.7133800000000001
1.7133999999999998
1.71339
1.71344
1.71346
1.71349
1.7134699999999998
1.7135500000000001

Vgs: 3.5
2.06215
2.06222
2.06221
2.0622000000000003
2.0622000000000003
2.06217
2.06215
2.06216
2.06216
2.06208
2.0621300000000002
2.0621799999999997
2.06214
2.0621799999999997
2.06215
2.06221
2.0621799999999997
2.06219
2.06214
2.0622000000000003
2.06219
2.06217
2.0621799999999997
2.06216
2.06221
2.06224
2.06216
2.06214
2.06217
2.06221
2.06221
2.0622700000000003
2.06217
2.0623400000000003
2.06237
2.06235
2.0624599999999997
2.0624
2.06244
2.0624800000000003
2.0625299999999998
2.06257
2.0625999999999998
2.06259
2.06262
2.06266
2.0626300000000004
2.06264
2.06267
2.0627000000000004
2.06265
2.06264
2.06262
2.06264
2.06267
2.0627000000000004
2.06273
2.06272
2.06269
2.06269
2.06274
2.06273
2.06277
2.06281
2.06278
2.06282
2.06287
2.06289
2.06289
2.06297
2.06296
2.0630599999999997
2.06311
2.0631
2.0631500000000003
2.0632699999999997
2.06325
2.0631999999999997
2.0631299999999997
2.06324
2.06333

Vgs: 4.0
2.4154
2.41539
2.41541
2.41547
2.4155499999999996
2.41545
2.41546
2.41539
2.4153
2.4153700000000002
2.41545
2.41541
2.4152299999999998
2.41527
2.41522
2.41519
2.4151200000000004
2.41517
2.41513
2.41519
2.41524
2.41519
2.41527
2.41532
2.41525
2.41521
2.41519
2.41528
2.4152
2.41525
2.41536
2.41546
2.41543
2.4154400000000003
2.41542
2.4153700000000002
2.41539
2.4154400000000003
2.41546
2.41541
2.4155
2.41554
2.4155499999999996
2.41553
2.4156199999999997
2.41557
2.4156400000000002
2.4157100000000002
2.41574
2.41568
2.4157900000000003
2.4158299999999997
2.41581
2.4158
2.4157699999999998
2.4158600000000003
2.4158999999999997
2.4159300000000004
2.41602
2.41608
2.41608
2.41612
2.41619
2.41617
2.41605
2.41606
2.41608
2.41612
2.4161099999999998
2.4161400000000004
2.41616
2.41612
2.41608
2.4161400000000004
2.41615
2.41622
2.41626
2.41631
2.41627
2.41648
2.41645

Vgs: 4.5
2.7354100000000003
2.7587800000000002
2.76215
2.7669
2.76832
2.76859
2.76845
2.7688499999999996
2.7688800000000002
2.76886
2.76891
2.76894
2.76874
2.7683400000000002
2.76837
2.7682800000000003
2.76868
2.76867
2.76878
2.76867
2.76851
2.76857
2.76844
2.7684200000000003
2.76844
2.7684699999999998
2.7684699999999998
2.7684200000000003
2.76858
2.76858
2.76867
2.76865
2.76878
2.76877
2.76881
2.7689500000000002
2.76897
2.7688499999999996
2.7689899999999996
2.7689199999999996
2.76891
2.76898
2.76901
2.7689899999999996
2.76896
2.76882
2.76886
2.7690900000000003
2.7688800000000002
2.76884
2.7689899999999996
2.76896
2.76891
2.76891
2.7691
2.76911
2.7691500000000002
2.76925
2.7692699999999997
2.7690900000000003
2.76917
2.76917
2.76907
2.76919
2.76917
2.76924
2.76931
2.76918
2.769
2.76894
2.76912
2.7691600000000003
2.76925
2.7691999999999997
2.7691399999999997
2.7692300000000003
2.76919
2.76939
2.76964
2.7694
2.76961

Vgs: 5.0
3.1284899999999998
3.12854
3.1283600000000003
3.1281299999999996
3.12838
3.12802
3.12792
3.12819
3.12818
3.12839
3.1282900000000002
3.1281
3.1281600000000003
3.1282699999999997
3.12831
3.1284899999999998
3.1282699999999997
3.12839
3.12838
3.12825
3.1282300000000003
3.12796
3.12769
3.12769
3.12759
3.1275999999999997
3.12783
3.12794
3.12796
3.12775
3.1278799999999998
3.12793
3.12803
3.12791
3.12778
3.1277000000000004
3.12773
3.12817
3.12802
3.1278099999999998
3.1278799999999998
3.128
3.128
3.12801
3.1280900000000003
3.12807
3.12817
3.12803
3.12807
3.12817
3.12797
3.12806
3.1282200000000002
3.12824
3.1282699999999997
3.12828
3.12845
3.1284400000000003
3.12845
3.12838
3.1284
3.1285000000000003
3.12847
3.1284
3.1285000000000003
3.12853
3.1286199999999997
3.1287599999999998
3.1287
3.12878
3.12889
3.12864
3.1286199999999997
3.12894
3.12888
3.12895
3.12898
3.12894
3.12898
3.12905
3.1291499999999997

Vgs: 5.5
3.48706
3.48723
3.4877100000000003
3.48765
3.48766
3.4875599999999998
3.48778
3.48761
3.48763
3.48775
3.48735
3.4873600000000002
3.48697
3.48705
3.4871
3.48727
3.48724
3.4868799999999998
3.4869800000000004
3.48714
3.4869800000000004
3.48699
3.48696
3.4869100000000004
3.48686
3.48699
3.48694
3.48657
3.48647
3.48657
3.4863
3.4865
3.48665
3.4865500000000003
3.48665
3.48668
3.4865500000000003
3.48657
3.48636
3.48664
3.4867600000000003
3.48677
3.4865
3.48668
3.48694
3.48682
3.48685
3.4869100000000004
3.48685
3.4868400000000004
3.48687
3.48692
3.487
3.487
3.48705
3.48708
3.48712
3.487
3.48679
3.4868799999999998
3.48702
3.48704
3.48703
3.48696
3.48714
3.48707
3.4867600000000003
3.4868400000000004
3.48665
3.4868
3.48683
3.4868799999999998
3.48683
3.48683
3.4868400000000004
3.48668
3.4866099999999998
3.48682
3.4867
3.4869100000000004
3.4869

Vgs: 6.0
3.84856
3.84881
3.84898
3.84896
3.8485899999999997
3.8486800000000003
3.84881
3.84855
3.84857
3.8487999999999998
3.84884
3.84896
3.84884
3.8486000000000002
3.8486100000000003
3.84878
3.84881
3.84876
3.8485899999999997
3.84862
3.84831
3.84808
3.8479
3.84821
3.84808
3.84814
3.84829
3.84831
3.84824
3.84836
3.84831
3.8482600000000002
3.84843
3.8485400000000003
3.84887
3.84843
3.84862
3.8488200000000004
3.84913
3.84892
3.84887
3.849
3.84898
3.84923
3.8491799999999996
3.84906
3.8498799999999997
3.85005
3.84998
3.85003
3.85012
3.85082
3.85147
3.85162
3.85186
3.85186
3.85221
3.85242
3.8528
3.85284
3.85293
3.8525500000000004
3.85261
3.8524100000000003
3.8523199999999997
3.85257
3.8525500000000004
3.85254
3.85229
3.8527299999999998
3.85274
3.85284
3.85281
3.85263
3.8524000000000003
3.85223
3.8523400000000003
3.85264
3.85235
3.8522600000000002
3.85207

Vgs: 6.5
4.2505299999999995
4.25088
4.25101
4.25151
4.251600000000001
4.2517700000000005
4.25216
4.25234
4.25237
4.2522
4.252470000000001
4.25264
4.25265
4.252599999999999
4.25267
4.2527800000000004
4.25297
4.25298
4.25309
4.25321
4.25333
4.25346
4.253500000000001
4.25359
4.2535300000000005
4.25341
4.25348
4.25362
4.25365
4.2537199999999995
4.25376
4.25374
4.254
4.25402
4.253909999999999
4.254
4.25421
4.2544699999999995
4.25462
4.2546800000000005
4.254499999999999
4.25475
4.25519
4.255369999999999
4.25549
4.2556199999999995
4.25577
4.25574
4.255850000000001
4.25591
4.255990000000001
4.25614
4.25631
4.25639
4.25634
4.25622
4.2563
4.25632
4.25633
4.2565
4.2565800000000005
4.25685
4.2569799999999995
4.25701
4.25694
4.25715
4.25722
4.25735
4.25736
4.2575199999999995
4.25756
4.25781
4.257890000000001
4.25781
4.25779
4.2579
4.2579899999999995
4.25797
4.25812
4.25808
4.25823

Vgs: 7.0
4.63845
4.6383600000000005
4.63817
4.63816
4.63808
4.638129999999999
4.63794
4.63788
4.63783
4.63783
4.63784
4.63784
4.637849999999999
4.63784
4.63783
4.63784
4.6378699999999995
4.63792
4.63779
4.6378
4.63783
4.63778
4.637770000000001
4.637770000000001
4.63769
4.63767
4.6377299999999995
4.63779
4.63772
4.63774
4.63758
4.63779
4.63779
4.63768
4.63784
4.63788
4.63788
4.637910000000001
4.63798
4.63792
4.63794
4.6380099999999995
4.63811
4.63806
4.63812
4.63812
4.63814
4.63824
4.63827
4.63831
4.6383
4.63842
4.63829
4.63841
4.63848
4.63842
4.63835
4.63834
4.63859
4.63867
4.63868
4.638739999999999
4.63872
4.6387
4.63865
4.63862
4.6388300000000005
4.6388
4.63875
4.63886
4.63891
4.638920000000001
4.6390199999999995
4.63909
4.63908
4.63909
4.63912
4.63923
4.63938
4.63934
4.63944

Vgs: 7.5
5.00569
5.00556
5.00551
5.00526
5.00544
5.00525
5.005210000000001
5.00514
5.005039999999999
5.0051000000000005
5.00497
5.00502
5.00485
5.00483
5.00484
5.0047299999999995
5.00495
5.0048699999999995
5.00484
5.00481
5.00481
5.0046800000000005
5.0046800000000005
5.0047
5.00478
5.00484
5.00488
5.00464
5.00465
5.00471
5.00471
5.00474
5.0048200000000005
5.00462
5.0048
5.00502
5.00485
5.00497
5.00495
5.0051000000000005
5.00527
5.0053399999999995
5.00537
5.00545
5.00553
5.00551
5.0056199999999995
5.00558
5.00553
5.00572
5.00571
5.005660000000001
5.00569
5.00564
5.00569
5.00586
5.00579
5.00598
5.00615
5.00617
5.00614
5.0061
5.00623
5.00623
5.00641
5.00633
5.00643
5.00645
5.006489999999999
5.00645
5.0064400000000004
5.00652
5.00661
5.0065800000000005
5.00655
5.0066299999999995
5.00673
5.006810000000001
5.0068600000000005
5.00702
5.00706

Vgs: 8.0
5.37653
5.37653
5.37629
5.37602
5.37589
5.37595
5.37568
5.3756200000000005
5.3755
5.3756200000000005
5.3754800000000005
5.37542
5.37537
5.37518
5.37496
5.374829999999999
5.37494
5.3749
5.37516
5.375450000000001
5.37536
5.37542
5.37537
5.375450000000001
5.37533
5.375450000000001
5.37555
5.375450000000001
5.375590000000001
5.37566
5.37533
5.3751
5.37516
5.37505
5.37521
5.37543
5.37541
5.3755
5.37555
5.37546
5.37541
5.37542
5.37546
5.37554
5.37541
5.3754800000000005
5.375579999999999
5.37579
5.37566
5.375590000000001
5.37583
5.3759999999999994
5.37591
5.37593
5.37593
5.37599
5.3762799999999995
5.37643
5.3763700000000005
5.3765
5.37641
5.37624
5.37622
5.37624
5.3764199999999995
5.3766300000000005
5.37666
5.3767499999999995
5.37688
5.37684
5.37702
5.37696
5.377
5.37683
5.37698
5.37709
5.3771
5.3772
5.37737
5.37747
5.377490000000001
