Vgs range: 0,8,0.1
Vds range: 0,8,0.5

Vgs: 0.0
-3.02308e-05
-3.0065700000000003e-05
-2.9946e-05
-3.0174100000000003e-05
-2.9929499999999995e-05
-3.10639e-05
-3.0034299999999998e-05
-2.9057e-05
-2.94329e-05
-2.8431799999999998e-05
-3.0466499999999997e-05
-2.94395e-05
-2.96777e-05
-2.97215e-05
-2.8918900000000002e-05
-2.93659e-05
-2.87393e-05
-2.86163e-05
-2.80686e-05
-2.9376300000000002e-05
-2.82695e-05
-2.8367600000000003e-05
-2.50049e-05
-2.8277900000000002e-05
-2.55385e-05
-2.42752e-05
-2.48546e-05
-2.56419e-05
-2.39394e-05
-2.42009e-05
-2.48183e-05
-2.37063e-05
-2.3185799999999997e-05
-2.19677e-05
-2.2297e-05
-2.21748e-05
-2.24605e-05
-2.16218e-05
-2.2203099999999998e-05
-2.11862e-05
-2.22214e-05
-1.9953399999999998e-05
-1.92424e-05
-1.8575299999999998e-05
-1.9732800000000002e-05
-1.9615e-05
-1.7440100000000003e-05
-1.80466e-05
-1.6143e-05
-1.58673e-05
-1.59364e-05
-1.60198e-05
-1.5072300000000001e-05
-1.40563e-05
-1.44533e-05
-1.35576e-05
-1.4271e-05
-1.31355e-05
-1.3723599999999999e-05
-1.5193299999999999e-05
-1.52743e-05
-1.4962799999999998e-05
-1.5141e-05
-1.55284e-05
-1.3698e-05
-1.41633e-05
-1.46797e-05
-1.49862e-05
-1.5869e-05
-1.43469e-05
-1.5349200000000002e-05
-1.54995e-05
-1.6231199999999998e-05
-1.5033700000000001e-05
-1.5933099999999998e-05
-1.5324600000000002e-05
-1.62898e-05
-1.76229e-05
-1.6318999999999997e-05
-1.7542e-05
-1.72607e-05

Vgs: 0.5
0.15599200000000002
0.155998
0.15599200000000002
0.155989
0.155999
0.155996
0.156002
0.155995
0.156001
0.15600799999999998
0.15601199999999998
0.156021
0.156028
0.15603899999999998
0.15601600000000002
0.156032
0.156026
0.15601600000000002
0.156014
0.156019
0.156027
0.15601600000000002
0.156028
0.15602
0.156028
0.156024
0.156026
0.156005
0.155847
0.155848
0.155862
0.15587199999999998
0.155861
0.155881
0.155716
0.15578999999999998
0.15579400000000002
0.155805
0.155807
0.155811
0.1558
0.1558
0.155806
0.15582200000000002
0.155823
0.15582700000000002
0.155828
0.155828
0.155826
0.155837
0.155833
0.155826
0.155836
0.15582700000000002
0.15583
0.155831
0.155836
0.15584299999999998
0.15584099999999998
0.155848
0.155839
0.15585
0.155847
0.15584499999999998
0.155856
0.15585100000000002
0.15586
0.155852
0.155854
0.155866
0.155848
0.155856
0.155878
0.155868
0.15587
0.155861
0.155866
0.15586
0.155875
0.155865
0.155869

Vgs: 1.0
0.411632
0.411613
0.411596
0.411578
0.411553
0.411529
0.411516
0.411483
0.41143799999999997
0.411425
0.411405
0.41141
0.411399
0.411379
0.411373
0.41136100000000003
0.411374
0.411379
0.411372
0.411394
0.41141099999999997
0.41141700000000003
0.411435
0.41145899999999996
0.411474
0.411512
0.411516
0.411544
0.411571
0.411592
0.411617
0.411636
0.411674
0.41169500000000003
0.411732
0.411737
0.411752
0.411764
0.41179
0.41182
0.411835
0.411858
0.411874
0.411889
0.411908
0.411937
0.411953
0.411961
0.411987
0.412014
0.412018
0.412015
0.41202900000000003
0.412053
0.41206499999999996
0.41209
0.412111
0.412133
0.412128
0.412136
0.41216400000000003
0.412169
0.412182
0.41218
0.4122
0.4122
0.412207
0.41220900000000005
0.412224
0.41222600000000004
0.412245
0.41225
0.412245
0.41225700000000004
0.41226799999999997
0.41228800000000004
0.412296
0.412311
0.41230500000000003
0.41230900000000004
0.41232399999999997

Vgs: 1.5
0.717755
0.71774
0.71774
0.717727
0.717739
0.7177250000000001
0.717724
0.717731
0.717739
0.717758
0.7177629999999999
0.7177699999999999
0.7177690000000001
0.717775
0.7177979999999999
0.717802
0.7178380000000001
0.717836
0.717841
0.7178370000000001
0.717839
0.717854
0.717854
0.71788
0.71788
0.717885
0.7178869999999999
0.717881
0.717908
0.717942
0.717947
0.717968
0.7179880000000001
0.718004
0.718004
0.718013
0.718043
0.718043
0.7180449999999999
0.718075
0.7180930000000001
0.71809
0.718099
0.7181069999999999
0.718152
0.718133
0.718125
0.718161
0.718186
0.718186
0.7181960000000001
0.718203
0.718215
0.718237
0.718254
0.718256
0.718261
0.718277
0.718262
0.7182850000000001
0.7183069999999999
0.7183050000000001
0.718317
0.7183400000000001
0.718359
0.718359
0.7183740000000001
0.718395
0.7184010000000001
0.718425
0.718423
0.718422
0.718447
0.718456
0.718486
0.7185079999999999
0.718504
0.718514
0.718519
0.71852
0.718529

Vgs: 2.0
1.04589
1.04588
1.0458500000000002
1.0457800000000002
1.04579
1.0458100000000001
1.04582
1.0458100000000001
1.04582
1.04586
1.04588
1.04589
1.0459200000000002
1.0459200000000002
1.0459399999999999
1.0459399999999999
1.04595
1.04599
1.04604
1.04606
1.04609
1.04603
1.04609
1.04609
1.04612
1.04613
1.0461699999999998
1.04619
1.0462099999999999
1.04623
1.0462500000000001
1.0462200000000001
1.0463
1.0463200000000001
1.04634
1.04634
1.04633
1.0463799999999999
1.04634
1.0463600000000002
1.0464
1.04644
1.04647
1.04648
1.04651
1.04655
1.04654
1.04656
1.0465900000000001
1.04667
1.0467
1.0467
1.04671
1.0467199999999999
1.04677
1.04681
1.04678
1.0467899999999999
1.04681
1.0468000000000002
1.04684
1.04684
1.04688
1.0468700000000002
1.0468899999999999
1.04691
1.04695
1.04696
1.04701
1.04699
1.04702
1.04707
1.04711
1.04707
1.04709
1.0471199999999998
1.04716
1.0471899999999998
1.0471899999999998
1.0472000000000001
1.04721

Vgs: 2.5
1.3825
1.38248
1.38243
1.38241
1.3823699999999999
1.38238
1.38239
1.3823699999999999
1.38242
1.3824
1.38242
1.38248
1.38248
1.3825
1.38252
1.38256
1.38254
1.38259
1.38256
1.38265
1.3826699999999998
1.38272
1.3827399999999999
1.3827500000000001
1.38278
1.3828
1.3828099999999999
1.38289
1.3829
1.38292
1.38294
1.38296
1.383
1.38304
1.38308
1.3831099999999998
1.3831200000000001
1.3831900000000001
1.3831900000000001
1.3832499999999999
1.38324
1.38331
1.38334
1.38334
1.38337
1.38345
1.38344
1.38347
1.3835
1.38358
1.38358
1.38357
1.3836199999999999
1.38364
1.38364
1.3836899999999999
1.38373
1.3837599999999999
1.38379
1.38383
1.38385
1.38388
1.38389
1.38391
1.38396
1.38399
1.38399
1.38401
1.38405
1.3840899999999998
1.38405
1.3840899999999998
1.38415
1.38418
1.38419
1.38422
1.38424
1.38425
1.38433
1.3843
1.38434

Vgs: 3.0
1.7273399999999999
1.72731
1.7272800000000001
1.72723
1.72719
1.72719
1.72718
1.72715
1.72716
1.72718
1.72729
1.7273
1.7272699999999999
1.7273
1.72733
1.72741
1.72745
1.72745
1.7275
1.72754
1.72762
1.72766
1.72769
1.72767
1.7277200000000001
1.72777
1.7278
1.72783
1.7278499999999999
1.72786
1.72788
1.7279
1.72796
1.72797
1.7280200000000001
1.72806
1.7280799999999998
1.7281
1.7281900000000001
1.72818
1.7282300000000002
1.7282300000000002
1.72835
1.72836
1.72838
1.72847
1.72849
1.72847
1.72854
1.7285899999999998
1.72861
1.72863
1.7286599999999999
1.72871
1.7287
1.72872
1.72879
1.7288
1.72883
1.72887
1.72886
1.72893
1.7289899999999998
1.72901
1.7290599999999998
1.7291100000000001
1.72915
1.72913
1.72921
1.72926
1.72928
1.72929
1.72931
1.72934
1.72937
1.72945
1.72947
1.72946
1.72952
1.72956
1.72956

Vgs: 3.5
2.0786200000000004
2.0786
2.07849
2.0784100000000003
2.0784100000000003
2.07837
2.07838
2.07842
2.07842
2.07838
2.07843
2.07843
2.07847
2.07847
2.07854
2.0785500000000003
2.07858
2.07861
2.07868
2.07874
2.07876
2.07878
2.07877
2.07884
2.0789
2.07892
2.079
2.079
2.07903
2.07906
2.07906
2.0791199999999996
2.07916
2.0792200000000003
2.07923
2.07924
2.0792800000000002
2.0793399999999997
2.0793999999999997
2.07945
2.0794699999999997
2.07953
2.07956
2.07958
2.0796
2.07963
2.07963
2.07962
2.07964
2.07962
2.07962
2.07966
2.07966
2.07979
2.0799600000000003
2.08001
2.0800300000000003
2.08009
2.0801000000000003
2.08018
2.08019
2.0802099999999997
2.0802300000000002
2.0802899999999998
2.0802899999999998
2.08033
2.0803800000000003
2.0804199999999997
2.08044
2.08047
2.0805200000000004
2.08057
2.08063
2.08064
2.0807
2.08074
2.08073
2.08079
2.0808400000000002
2.08086
2.08089

Vgs: 4.0
2.4334000000000002
2.43342
2.4332999999999996
2.43326
2.43319
2.43319
2.43314
2.43314
2.43323
2.43327
2.43325
2.43325
2.43325
2.43328
2.43334
2.43335
2.43345
2.43348
2.4335400000000003
2.4335400000000003
2.43357
2.43355
2.4336
2.4336100000000003
2.4336800000000003
2.43371
2.43376
2.43378
2.43384
2.4338200000000003
2.43381
2.43381
2.4338200000000003
2.43384
2.43384
2.4338200000000003
2.434
2.43421
2.4342
2.43429
2.4343
2.4343500000000002
2.43436
2.4344599999999996
2.43447
2.43451
2.4345299999999996
2.43457
2.4345999999999997
2.4346200000000002
2.43465
2.43471
2.43476
2.43476
2.4348400000000003
2.43487
2.43493
2.4349100000000004
2.43498
2.43499
2.43503
2.43502
2.43508
2.43515
2.43516
2.4352300000000002
2.43528
2.43533
2.43531
2.4353700000000003
2.4354400000000003
2.43545
2.43552
2.43559
2.43559
2.4356299999999997
2.4356999999999998
2.4356899999999997
2.4356999999999998
2.43578
2.43584

Vgs: 4.5
2.79102
2.79109
2.7909699999999997
2.79088
2.7908
2.79077
2.79073
2.7907499999999996
2.79074
2.79079
2.79077
2.79076
2.79077
2.7908500000000003
2.79094
2.7909599999999997
2.7909599999999997
2.79108
2.79109
2.79108
2.7911
2.7911799999999998
2.7912000000000003
2.7912700000000004
2.79132
2.79135
2.79137
2.79139
2.79143
2.79143
2.79148
2.79154
2.79157
2.79162
2.79167
2.79167
2.79178
2.79179
2.7918399999999997
2.7918700000000003
2.79188
2.7919099999999997
2.79196
2.7920599999999998
2.7921199999999997
2.79214
2.79217
2.79218
2.79221
2.7923
2.7923
2.79232
2.79241
2.79242
2.79248
2.7925
2.79245
2.79253
2.7925
2.7925099999999996
2.79248
2.7925400000000002
2.79249
2.79262
2.7928100000000002
2.7928699999999997
2.7928599999999997
2.79299
2.7930099999999998
2.7930699999999997
2.79313
2.7931700000000004
2.79318
2.79326
2.7932799999999998
2.79329
2.79329
2.7933
2.79337
2.79345
2.79347

Vgs: 5.0
3.1508700000000003
3.15088
3.15071
3.15063
3.15055
3.1504800000000004
3.15046
3.1504499999999998
3.1504499999999998
3.15046
3.15047
3.1505
3.15049
3.15055
3.15058
3.15058
3.15055
3.15061
3.1507
3.15068
3.15073
3.15073
3.15082
3.15089
3.15095
3.15099
3.15103
3.15111
3.15111
3.15117
3.1511400000000003
3.1511400000000003
3.15117
3.15117
3.1512100000000003
3.15125
3.1513299999999997
3.15141
3.15144
3.15145
3.15153
3.15154
3.1516
3.15162
3.15166
3.1517
3.15175
3.15171
3.15177
3.15184
3.15191
3.1519299999999997
3.15198
3.15204
3.15204
3.15213
3.1522099999999997
3.15222
3.1522799999999997
3.15226
3.15233
3.15234
3.1524199999999998
3.15241
3.15246
3.15251
3.15247
3.15254
3.15254
3.15258
3.15263
3.15265
3.1527399999999997
3.15272
3.1527399999999997
3.15284
3.15287
3.1528799999999997
3.15299
3.1530400000000003
3.15306

Vgs: 5.5
3.51115
3.5112099999999997
3.51101
3.51091
3.51086
3.51087
3.5109
3.51083
3.5108800000000002
3.51086
3.51083
3.51085
3.51092
3.51092
3.5109500000000002
3.51098
3.51099
3.51103
3.5110699999999997
3.5110900000000003
3.51113
3.51117
3.5112
3.51131
3.5113000000000003
3.51133
3.51138
3.5114
3.51152
3.51159
3.51158
3.51163
3.51169
3.51172
3.51172
3.51178
3.51178
3.51182
3.51186
3.51191
3.51196
3.5119700000000003
3.5119700000000003
3.5120199999999997
3.5121
3.51212
3.5122
3.51226
3.51229
3.51235
3.5123699999999998
3.51238
3.51246
3.51247
3.51246
3.5125
3.51254
3.51255
3.51261
3.51265
3.51269
3.51276
3.51277
3.51281
3.51288
3.5129200000000003
3.51289
3.51298
3.51301
3.51308
3.51314
3.51321
3.5132000000000003
3.5132700000000003
3.51333
3.51339
3.51348
3.51351
3.5135
3.51347
3.51352

Vgs: 6.0
3.87202
3.87195
3.87179
3.87174
3.87163
3.87161
3.87156
3.87155
3.8715
3.87147
3.87157
3.87159
3.87166
3.87164
3.87174
3.87168
3.87174
3.87174
3.87182
3.87188
3.87186
3.87191
3.87191
3.87195
3.87195
3.8719599999999996
3.87208
3.8720600000000003
3.87207
3.8721699999999997
3.8721799999999997
3.8721699999999997
3.8722499999999997
3.87236
3.8723899999999998
3.87242
3.87244
3.87246
3.87254
3.87262
3.87263
3.87267
3.87275
3.87271
3.87271
3.87278
3.87282
3.87286
3.87299
3.8729
3.8728700000000003
3.8728700000000003
3.87299
3.8730100000000003
3.8730100000000003
3.8730100000000003
3.87302
3.8731
3.8731500000000003
3.8731400000000002
3.8732599999999997
3.8732699999999998
3.8731999999999998
3.87335
3.8734300000000004
3.87357
3.87358
3.87357
3.87366
3.87365
3.87371
3.87371
3.87375
3.87381
3.8738200000000003
3.8738900000000003
3.8739600000000003
3.87398
3.8739
3.8739500000000002
3.8739999999999997

Vgs: 6.5
4.23195
4.23197
4.231730000000001
4.2316
4.231590000000001
4.2315499999999995
4.23134
4.23134
4.23126
4.23133
4.2314099999999994
4.23138
4.23149
4.23144
4.23146
4.2315
4.2314
4.23136
4.231269999999999
4.23139
4.23133
4.23148
4.23171
4.23178
4.2318299999999995
4.231859999999999
4.231859999999999
4.23189
4.23191
4.231920000000001
4.23205
4.232139999999999
4.23209
4.2321
4.23225
4.23225
4.23233
4.232340000000001
4.2324399999999995
4.232340000000001
4.232419999999999
4.23249
4.23254
4.23267
4.23271
4.232729999999999
4.23275
4.2326999999999995
4.23282
4.23287
4.23291
4.23296
4.233040000000001
4.233040000000001
4.23309
4.2331
4.23315
4.23316
4.2332
4.23337
4.23332
4.23338
4.23337
4.23338
4.2335
4.23352
4.23353
4.2336
4.2336
4.23366
4.23364
4.233759999999999
4.23381
4.23389
4.2339400000000005
4.233899999999999
4.234039999999999
4.233899999999999
4.23383
4.2339400000000005
4.23399

Vgs: 7.0
4.59119
4.59121
4.59119
4.59112
4.59094
4.59092
4.59094
4.5907
4.5906899999999995
4.5907
4.59085
4.59084
4.59076
4.59088
4.59088
4.59088
4.5909699999999996
4.59085
4.59077
4.5908299999999995
4.59075
4.590870000000001
4.590999999999999
4.59103
4.59108
4.59108
4.59112
4.59109
4.59105
4.59106
4.5909699999999996
4.59106
4.59109
4.59119
4.59116
4.59108
4.59108
4.59131
4.59133
4.59141
4.59136
4.59163
4.59164
4.59161
4.59192
4.59191
4.59194
4.59222
4.59208
4.592009999999999
4.59214
4.59223
4.5921
4.59216
4.5923099999999994
4.5923099999999994
4.59242
4.5923099999999994
4.59239
4.5924
4.59239
4.5925899999999995
4.59252
4.59241
4.59254
4.59253
4.59254
4.5925
4.5924499999999995
4.59256
4.59264
4.59271
4.5927299999999995
4.59269
4.59266
4.59276
4.59296
4.59293
4.59293
4.592899999999999
4.593039999999999

Vgs: 7.5
4.95104
4.95113
4.951
4.950869999999999
4.95083
4.95082
4.9508
4.95069
4.95061
4.95073
4.9509
4.95089
4.9509
4.95089
4.9511199999999995
4.95085
4.95108
4.95114
4.95106
4.95103
4.95104
4.95113
4.95138
4.9512599999999996
4.95142
4.9513
4.95113
4.95146
4.9516
4.95167
4.95164
4.9515
4.951630000000001
4.95182
4.951849999999999
4.95174
4.95176
4.95181
4.9519
4.95202
4.952039999999999
4.9521
4.95207
4.95197
4.95174
4.95176
4.9519400000000005
4.95182
4.95196
4.9519899999999994
4.952179999999999
4.95209
4.9521299999999995
4.95212
4.95223
4.95211
4.952
4.95192
4.95224
4.95239
4.95237
4.95229
4.9522
4.952459999999999
4.95245
4.952459999999999
4.95248
4.952319999999999
4.95248
4.95266
4.95272
4.95257
4.95272
4.95261
4.95276
4.953
4.953189999999999
4.95313
4.95322
4.9533
4.95296

Vgs: 8.0
5.30482
5.30532
5.304900000000001
5.30488
5.30468
5.30458
5.30461
5.30433
5.30434
5.30468
5.3042300000000004
5.303579999999999
5.30296
5.30257
5.302720000000001
5.30202
5.30069
5.29945
5.29867
5.29839
5.29727
5.29489
5.2922899999999995
5.2928999999999995
5.29082
5.2887
5.28362
5.28029
5.26955
5.237699999999999
5.2776000000000005
5.2840300000000004
5.28642
5.28768
5.28865
5.28816
5.28892
5.28902
5.28935
5.28994
5.29074
5.29199
5.292660000000001
5.29296
5.29362
5.294700000000001
5.29536
5.295529999999999
5.29572
5.29586
5.29589
5.29556
5.29574
5.29577
5.29616
5.29629
5.29614
5.29614
5.2966999999999995
5.2973300000000005
5.2973
5.297750000000001
5.29796
5.29814
5.298920000000001
5.2988100000000005
5.29841
5.29894
5.29855
5.29912
5.2990900000000005
5.2992799999999995
5.29964
5.29982
5.29958
5.29945
5.29924
5.29917
5.29932
5.29972
5.29952
