Vgs range: 0,8,0.5
Vds range: 0,8,0.1

Vgs: 0.0
3.30891e-05
0.0031054
0.00551266
0.00774702
0.00995202
0.0121396
0.014311800000000001
0.0164699
0.018613
0.020743200000000003
0.0228587
0.024963100000000002
0.0270556
0.029141200000000003
0.031217
0.0332829
0.035341
0.037391100000000004
0.039432299999999997
0.0414732
0.0435051
0.045513899999999996
0.0475398
0.049555499999999995
0.0515676
0.0535659
0.0555672
0.0575557
0.0595382
0.0615282
0.0635095
0.065485
0.0674566
0.0694245
0.0713783
0.0733342
0.0752819
0.07723390000000001
0.079171
0.081107
0.0830422
0.08497460000000001
0.0869037
0.0888216
0.0907445
0.0926587
0.0945662
0.0964711
0.098382
0.10026
0.102161
0.104046
0.105941
0.107816
0.109696
0.111561
0.11343600000000001
0.115313
0.117167
0.119041
0.120895
0.12275799999999999
0.124621
0.126467
0.12831900000000002
0.13016
0.132014
0.13386299999999998
0.135721
0.13755599999999998
0.139395
0.141215
0.143034
0.144871
0.146687
0.148515
0.150329
0.15213100000000002
0.153945
0.15576
0.15756599999999998

Vgs: 0.5
4.81416e-06
0.00638615
0.00982286
0.0122078
0.014445
0.0166543
0.018847100000000002
0.0210208
0.023180199999999998
0.025321600000000003
0.0274499
0.0295664
0.03167
0.033762600000000004
0.0358449
0.037920699999999995
0.0399884
0.0420472
0.044098899999999996
0.0461438
0.0481849
0.0502021
0.052236
0.054252600000000005
0.0562731
0.0582754
0.0602823
0.0622768
0.0642759
0.06627279999999999
0.0682556
0.0702435
0.07222189999999999
0.074195
0.0761533
0.0781237
0.0800824
0.08204389999999999
0.08399240000000001
0.0859481
0.08788850000000001
0.0898264
0.0917647
0.0936917
0.0956333
0.0975522
0.0994781
0.101383
0.10331
0.10522300000000001
0.107143
0.10903099999999999
0.11093900000000001
0.11283800000000001
0.114735
0.116631
0.118515
0.12040999999999999
0.12229999999999999
0.124184
0.126072
0.127945
0.12981900000000002
0.131691
0.133542
0.135405
0.137276
0.13913799999999998
0.141001
0.14287
0.144697
0.146561
0.148418
0.15025300000000003
0.152117
0.153971
0.15579400000000002
0.157643
0.15949
0.161333
0.163172

Vgs: 1.0
5.06784e-05
0.018665099999999997
0.0340863
0.0466057
0.056313600000000005
0.0632044
0.0676269
0.07049419999999999
0.07286720000000001
0.07514
0.0773728
0.0795803
0.0817514
0.0839127
0.0860612
0.0882006
0.09032620000000001
0.0924345
0.0945338
0.09663780000000001
0.0987245
0.100791
0.102864
0.10494400000000001
0.107015
0.109058
0.111108
0.11315399999999999
0.115193
0.11722199999999999
0.119245
0.121282
0.12329100000000001
0.125303
0.12731099999999998
0.129324
0.13131199999999998
0.133297
0.135292
0.137278
0.13925400000000002
0.141236
0.143215
0.14517100000000002
0.14715099999999998
0.149119
0.15108100000000002
0.15304399999999999
0.155003
0.156943
0.158902
0.160851
0.162809
0.164747
0.166701
0.168644
0.170588
0.172567
0.17448999999999998
0.176425
0.17836100000000002
0.180287
0.182227
0.18417999999999998
0.186089
0.188027
0.18995700000000001
0.191892
0.19381800000000002
0.195749
0.197677
0.199614
0.201546
0.203473
0.205401
0.207317
0.209266
0.211208
0.213148
0.21509
0.217021

Vgs: 1.5
6.509489999999999e-06
0.028269600000000002
0.053794800000000004
0.07703729999999999
0.0981002
0.11690500000000001
0.13336
0.147368
0.158836
0.167732
0.17410599999999998
0.178358
0.181333
0.183844
0.186223
0.188555
0.190835
0.193074
0.195296
0.197504
0.19967800000000002
0.201828
0.203968
0.20609599999999997
0.208229
0.210331
0.212447
0.21453
0.21662499999999998
0.21870599999999998
0.220781
0.222857
0.22490300000000002
0.226968
0.22901200000000002
0.231055
0.233093
0.235145
0.237175
0.239208
0.241238
0.24327100000000002
0.24528899999999998
0.24730500000000002
0.24930900000000003
0.251295
0.25333799999999995
0.255314
0.257336
0.259371
0.26137000000000005
0.263363
0.265373
0.267379
0.269398
0.271408
0.27340699999999996
0.275409
0.277405
0.27943199999999996
0.28145
0.283489
0.285495
0.287546
0.289172
0.29154
0.29329500000000003
0.29536900000000005
0.297428
0.299402
0.301718
0.303693
0.305786
0.307727
0.31004699999999996
0.312017
0.314203
0.316288
0.318282
0.320487
0.322666

Vgs: 2.0
6.714170000000001e-05
0.0357164
0.0691153
0.100625
0.130381
0.158343
0.184466
0.208681
0.23095000000000002
0.251148
0.26923600000000003
0.28511
0.298679
0.309903
0.318714
0.32520200000000005
0.32976099999999997
0.333043
0.335786
0.33833
0.340798
0.34317000000000003
0.34555
0.34786300000000003
0.350168
0.35244
0.354676
0.35686799999999996
0.359097
0.361278
0.363472
0.36562900000000004
0.36776000000000003
0.369899
0.37202399999999997
0.374159
0.376261
0.37836400000000003
0.38046
0.382475
0.384604
0.38666
0.388737
0.390715
0.392866
0.39491899999999996
0.396963
0.399033
0.40106400000000003
0.402887
0.405126
0.407114
0.409136
0.41129699999999997
0.413251
0.415349
0.417432
0.419559
0.421572
0.42347799999999997
0.425752
0.42787800000000004
0.430013
0.432171
0.43432699999999996
0.436476
0.438614
0.440796
0.44298200000000004
0.445237
0.447422
0.449615
0.451845
0.45408299999999996
0.456414
0.45861300000000005
0.46100399999999997
0.463101
0.46559599999999995
0.467945
0.47028400000000004

Vgs: 2.5
7.998e-05
0.041965699999999995
0.0818398
0.120084
0.15685300000000002
0.192128
0.225878
0.25807599999999997
0.2887
0.31767900000000004
0.34496899999999997
0.370525
0.394295
0.41620999999999997
0.43619399999999997
0.45418
0.470077
0.483819
0.495336
0.504614
0.511675
0.516776
0.5205350000000001
0.5236190000000001
0.5264
0.529041
0.5316379999999999
0.534125
0.536588
0.539
0.541385
0.543747
0.546067
0.548364
0.550619
0.5528879999999999
0.555132
0.557349
0.559556
0.561752
0.563922
0.566097
0.5682740000000001
0.5704100000000001
0.5725669999999999
0.5746990000000001
0.5768369999999999
0.578949
0.581058
0.5831700000000001
0.585269
0.587382
0.589485
0.591589
0.5936300000000001
0.59583
0.597931
0.600067
0.602204
0.604383
0.606524
0.6087100000000001
0.610883
0.6130960000000001
0.61531
0.617566
0.619826
0.622109
0.624407
0.626732
0.629105
0.631471
0.633912
0.636347
0.638814
0.6412749999999999
0.643802
0.64633
0.6489170000000001
0.651499
0.654162

Vgs: 3.0
8.27116e-05
0.0473066
0.0926911
0.136619
0.17927099999999999
0.22063200000000002
0.260687
0.299417
0.33683399999999997
0.372862
0.407494
0.440712
0.472459
0.5027299999999999
0.5314490000000001
0.558591
0.5841000000000001
0.607901
0.6299260000000001
0.650135
0.6684479999999999
0.684609
0.698981
0.711082
0.721183
0.729095
0.735103
0.739524
0.7430270000000001
0.746125
0.749017
0.751797
0.754497
0.757131
0.75968
0.762187
0.764666
0.767116
0.769521
0.771921
0.7742610000000001
0.776627
0.7789579999999999
0.7812509999999999
0.7835420000000001
0.785812
0.7880619999999999
0.7903209999999999
0.79256
0.794764
0.7969919999999999
0.7992049999999999
0.801384
0.803564
0.805761
0.8079419999999999
0.810148
0.812331
0.814534
0.8167460000000001
0.818937
0.821173
0.823414
0.825687
0.827968
0.8302710000000001
0.832557
0.834921
0.837288
0.839711
0.842125
0.844603
0.847144
0.849685
0.852319
0.8549760000000001
0.857652
0.86038
0.8632340000000001
0.86609
0.869025

Vgs: 3.5
8.9798e-05
0.0520023
0.102219
0.151089
0.198844
0.24545699999999998
0.29091799999999995
0.335232
0.378408
0.42039
0.46117400000000003
0.500764
0.539119
0.5762630000000001
0.612099
0.646645
0.6798839999999999
0.711699
0.742135
0.771066
0.798495
0.82409
0.84837
0.8708400000000001
0.8916339999999999
0.910532
0.9275950000000001
0.942616
0.955628
0.966627
0.9755290000000001
0.982552
0.987825
0.991951
0.9954440000000001
0.9986719999999999
1.00326
1.00613
1.00898
1.01173
1.01439
1.01707
1.01962
1.0221500000000001
1.02464
1.02711
1.0296100000000001
1.03202
1.03444
1.0368
1.03919
1.04156
1.04386
1.04619
1.04849
1.05082
1.05312
1.05541
1.0576299999999998
1.05992
1.06217
1.06451
1.06676
1.0690899999999999
1.07144
1.07379
1.0761
1.07846
1.08086
1.08326
1.08581
1.0882699999999998
1.09084
1.09339
1.09608
1.0987900000000002
1.1015899999999998
1.1044500000000002
1.10738
1.11033
1.11338

Vgs: 4.0
8.358169999999999e-05
0.0561915
0.110681
0.163931
0.21618099999999998
0.267401
0.31760700000000003
0.366791
0.414982
0.462114
0.508211
0.5532819999999999
0.5973
0.640279
0.682161
0.722985
0.762683
0.801168
0.838546
0.874645
0.90952
0.942744
0.975058
1.0074
1.03686
1.0647600000000002
1.09117
1.11592
1.13903
1.1605
1.1800599999999999
1.19791
1.21381
1.2277900000000002
1.23971
1.2497
1.25772
1.2639699999999998
1.2688199999999998
1.27283
1.27637
1.27969
1.2828
1.2858500000000002
1.28868
1.29161
1.29434
1.29708
1.29972
1.3024099999999998
1.30498
1.3076100000000002
1.31012
1.31265
1.31518
1.31762
1.32008
1.3225
1.3249
1.32735
1.3297
1.3321100000000001
1.33453
1.3368900000000001
1.33921
1.3415899999999998
1.34397
1.34633
1.34876
1.3511300000000002
1.35365
1.35612
1.3586200000000002
1.36113
1.36381
1.36647
1.36918
1.3719400000000002
1.37482
1.37784
1.38087

Vgs: 4.5
8.741450000000001e-05
0.0599418
0.118267
0.175442
0.231718
0.287052
0.341486
0.394989
0.447625
0.49932600000000005
0.550116
0.6000289999999999
0.649038
0.6971689999999999
0.744378
0.790667
0.836013
0.880363
0.923702
0.96598
1.00875
1.04856
1.08769
1.12545
1.1621299999999999
1.19743
1.23152
1.26417
1.29549
1.3254199999999998
1.35383
1.3808399999999998
1.4062000000000001
1.4300199999999998
1.45205
1.4725599999999999
1.49115
1.50796
1.52285
1.53595
1.5468899999999999
1.55612
1.5634100000000002
1.56915
1.57379
1.5777700000000001
1.58121
1.58487
1.58799
1.5912199999999999
1.59414
1.59724
1.60005
1.6029499999999999
1.60571
1.6083399999999999
1.61118
1.6138700000000001
1.61635
1.61903
1.62151
1.6241999999999999
1.62666
1.62884
1.63148
1.63359
1.6364299999999998
1.6387699999999998
1.6408200000000002
1.64346
1.6461100000000002
1.64861
1.65108
1.6535300000000002
1.65612
1.6586400000000001
1.66133
1.66402
1.6668500000000002
1.6695200000000001
1.67255

Vgs: 5.0
8.08292e-05
0.0633072
0.125117
0.185818
0.245704
0.304745
0.36294400000000004
0.420333
0.476935
0.532717
0.587732
0.641974
0.695464
0.748185
0.800116
0.8513000000000001
0.9016780000000001
0.9511959999999999
0.9998450000000001
1.04912
1.0959800000000002
1.1415
1.18651
1.23031
1.27324
1.31495
1.35559
1.395
1.43313
1.47025
1.5060799999999999
1.54067
1.57388
1.6056899999999998
1.6360999999999999
1.6652500000000001
1.69275
1.7187400000000002
1.74313
1.7660900000000002
1.7872999999999999
1.80683
1.8244699999999998
1.84042
1.8544
1.8665100000000001
1.87673
1.8851600000000002
1.89194
1.8973
1.90196
1.90592
1.90957
1.91293
1.9164500000000002
1.9196199999999999
1.92276
1.92584
1.92864
1.9318300000000002
1.93469
1.9376
1.94031
1.94298
1.9456600000000002
1.94845
1.9511100000000001
1.95377
1.95626
1.95884
1.96143
1.96403
1.96649
1.9691499999999997
1.9715700000000003
1.97419
1.97664
1.9792199999999998
1.9819299999999997
1.98465
1.9873999999999998

Vgs: 5.5
8.26388e-05
0.0663634
0.13127899999999998
0.195184
0.25834399999999996
0.320718
0.382336
0.443224
0.503427
0.5629190000000001
0.621735
0.6798839999999999
0.737425
0.794317
0.850551
0.906118
0.961063
1.0167799999999998
1.07017
1.1228200000000002
1.17467
1.22527
1.27563
1.32481
1.37327
1.42056
1.46706
1.51239
1.55668
1.60012
1.64222
1.6833799999999999
1.7233299999999998
1.7621200000000001
1.79945
1.8359999999999999
1.87097
1.9046200000000002
1.9370800000000001
1.9680900000000001
1.99774
2.0258599999999998
2.05258
2.07764
2.10118
2.12314
2.1434
2.16198
2.17896
2.1938999999999997
2.2071
2.2185799999999998
2.22799
2.23586
2.24219
2.2474399999999997
2.25209
2.2559899999999997
2.25996
2.2633699999999997
2.26687
2.2701599999999997
2.27347
2.27657
2.2797
2.28276
2.2856
2.28865
2.29119
2.29426
2.2967999999999997
2.29963
2.30241
2.3051299999999997
2.30774
2.31049
2.3132
2.3156600000000003
2.31848
2.32095
2.32373

Vgs: 6.0
7.38844e-05
0.0691262
0.136867
0.203675
0.269797
0.33519499999999997
0.399902
0.463966
0.527427
0.590269
0.652558
0.714313
0.7755610000000001
0.8362419999999999
0.896392
0.956017
1.01658
1.07502
1.13286
1.18994
1.24637
1.3015800000000002
1.35663
1.41066
1.46407
1.5164600000000001
1.56811
1.61878
1.66851
1.71747
1.76522
1.81222
1.85802
1.90282
1.94652
1.9892299999999998
2.03068
2.0711000000000004
2.11029
2.1482300000000003
2.18505
2.22059
2.2547800000000002
2.2877599999999996
2.3193799999999998
2.3496300000000003
2.37843
2.40576
2.4315700000000002
2.4559
2.4786
2.49983
2.51926
2.5370000000000004
2.55307
2.56734
2.57978
2.59043
2.59917
2.60676
2.61276
2.61787
2.62242
2.62663
2.63048
2.63402
2.63756
2.64098
2.64439
2.64759
2.65075
2.65374
2.6567499999999997
2.6597999999999997
2.6625400000000004
2.66564
2.66852
2.67131
2.67419
2.67673
2.67902

Vgs: 6.5
4.4863399999999995e-05
0.0716166
0.141933
0.211359
0.28014300000000003
0.34828000000000003
0.41578699999999996
0.48272099999999996
0.5491429999999999
0.615036
0.680474
0.745495
0.8100660000000001
0.8742449999999999
0.9379679999999999
1.0027300000000001
1.0655700000000001
1.12789
1.18961
1.25079
1.31132
1.37077
1.43018
1.48854
1.54651
1.60348
1.65996
1.71533
1.7699799999999999
1.82387
1.87667
1.9289
1.9799900000000001
2.0302
2.07942
2.1278099999999998
2.175
2.22141
2.26655
2.3107
2.35373
2.39577
2.4364999999999997
2.4760199999999997
2.51453
2.5518
2.58786
2.62252
2.65602
2.6881399999999998
2.71903
2.74844
2.7765
2.80282
2.8279300000000003
2.8514
2.8733
2.8937199999999996
2.9124899999999996
2.92954
2.94483
2.95839
2.97019
2.98035
2.98861
2.99579
3.0016000000000003
3.00664
3.01112
3.01546
3.0193
3.02302
3.02658
3.0301
3.0336
3.0366999999999997
3.04001
3.04309
3.04627
3.04921
3.05229

Vgs: 7.0
5.12313e-05
0.0738654
0.14647400000000002
0.21825
0.289447
0.360035
0.430056
0.49955400000000005
0.568664
0.637324
0.70563
0.7735949999999999
0.8412229999999999
0.908566
0.9755579999999999
1.04375
1.11002
1.17572
1.24112
1.30592
1.37024
1.43345
1.4967599999999999
1.55921
1.62125
1.68245
1.74312
1.8028499999999998
1.8619299999999999
1.92034
1.97778
2.0346499999999996
2.0905400000000003
2.1457
2.19986
2.25334
2.30569
2.3572699999999998
2.40778
2.45754
2.50601
2.55369
2.60021
2.64574
2.68951
2.7335800000000003
2.77519
2.81575
2.85688
2.89466
2.93308
2.96901
3.00515
3.03885
3.0717000000000003
3.10289
3.13289
3.16164
3.18877
3.21474
3.2388299999999997
3.26184
3.28271
3.30256
3.3203199999999997
3.33672
3.3513800000000002
3.36397
3.37527
3.3846800000000004
3.39288
3.39947
3.4052499999999997
3.4102099999999997
3.41492
3.41893
3.42289
3.42689
3.43009
3.4339
3.43692

Vgs: 7.5
1.65319e-05
0.0758513
0.15053
0.224412
0.297765
0.370564
0.442846
0.5146900000000001
0.58617
0.657333
0.7281949999999999
0.798841
0.8692869999999999
0.939465
1.01091
1.08056
1.14995
1.21903
1.2876400000000001
1.3557599999999999
1.42357
1.48997
1.5571599999999999
1.62328
1.6890399999999999
1.75394
1.8182800000000001
1.8822999999999999
1.94534
2.00799
2.06953
2.13079
2.19096
2.25061
2.30923
2.36725
2.4242399999999997
2.4806199999999996
2.5358400000000003
2.58927
2.64387
2.6966099999999997
2.74767
2.79875
2.8474899999999996
2.89745
2.94541
2.9924299999999997
3.03849
3.0834799999999998
3.1274200000000003
3.17009
3.21162
3.2519799999999996
3.2910399999999997
3.32919
3.36615
3.4017600000000003
3.43611
3.46964
3.50125
3.5319599999999998
3.56108
3.58856
3.6152900000000003
3.64036
3.66387
3.68555
3.70608
3.7247600000000003
3.742
3.75749
3.77119
3.78388
3.79421
3.80354
3.81114
3.8176099999999997
3.8230999999999997
3.82802
3.8325899999999997

Vgs: 8.0
9.20383e-05
0.0776695
0.154105
0.229821
0.305064
0.379806
0.454096
0.528009
0.601648
0.675027
0.7482409999999999
0.82129
0.894218
0.9669840000000001
1.0411000000000001
1.1135
1.1857
1.25765
1.3292499999999998
1.4005
1.47134
1.54119
1.61147
1.6807
1.74994
1.81836
1.8865100000000001
1.95378
2.02054
2.08689
2.15231
2.2174199999999997
2.2815499999999997
2.3453
2.40801
2.4703199999999996
2.53149
2.5922699999999996
2.65194
2.71102
2.7691399999999997
2.82656
2.88315
2.9386799999999997
2.9935899999999998
3.0473700000000004
3.10052
3.15251
3.20379
3.25374
3.3030899999999996
3.35134
3.3986300000000003
3.44474
3.48994
3.53391
3.57684
3.6188499999999997
3.65951
3.69933
3.73775
3.77515
3.81125
3.8459700000000003
3.8796
3.91198
3.94302
3.97287
4.0013499999999995
4.02837
4.05407
4.0782
4.1010100000000005
4.12217
4.14194
4.15999
4.1766
4.19152
4.2047300000000005
4.21657
4.2267600000000005
