Vgs range: 0,8,0.5
Vds range: 0,8,0.1

Vgs: 0.0
2.68693e-05
0.0030968000000000002
0.00550676
0.007741049999999999
0.00994516
0.0121299
0.014300299999999998
0.016458499999999997
0.018601
0.0207284
0.022844200000000002
0.024947300000000002
0.0270407
0.0291229
0.031198700000000003
0.0332655
0.0353256
0.037376799999999995
0.0394213
0.0414565
0.0434861
0.0454936
0.0475183
0.0495255
0.0515329
0.0535351
0.0555376
0.0575214
0.0595021
0.06148939999999999
0.0634632
0.0654396
0.067406
0.06937019999999999
0.0713258
0.0732718
0.0752153
0.07716379999999999
0.07910829999999999
0.0810496
0.0829834
0.0849096
0.0868294
0.08874929999999999
0.09067499999999999
0.0925919
0.09450159999999999
0.09640109999999999
0.0983044
0.10018600000000001
0.102079
0.103966
0.10586000000000001
0.107741
0.10962
0.11149099999999999
0.113365
0.11523699999999999
0.117108
0.11898299999999999
0.120841
0.12269700000000001
0.12454499999999999
0.126413
0.128269
0.13011899999999998
0.131943
0.133784
0.135628
0.137453
0.139281
0.141118
0.142941
0.144761
0.146587
0.14841400000000002
0.150231
0.152043
0.153855
0.15568
0.157491

Vgs: 0.5
5.37681e-06
0.00638613
0.00981146
0.012194700000000001
0.014429200000000001
0.0166426
0.018833100000000002
0.021005700000000002
0.0231637
0.0253051
0.0274345
0.0295481
0.031651900000000004
0.0337398
0.0358204
0.0378967
0.0399624
0.042020600000000005
0.044070599999999995
0.046112700000000006
0.0481497
0.0501623
0.052191400000000006
0.0542102
0.056233799999999994
0.0582412
0.060249199999999996
0.0622424
0.06423300000000001
0.06622410000000001
0.06820970000000001
0.07020180000000001
0.07216840000000001
0.0741407
0.07610750000000001
0.0780792
0.0800332
0.0819853
0.0839366
0.0858859
0.08782730000000001
0.0897646
0.0917003
0.09363289999999999
0.0955739
0.0974952
0.09941280000000001
0.10132200000000001
0.10324799999999999
0.105157
0.107057
0.108961
0.11087899999999999
0.11276599999999999
0.114671
0.116561
0.118454
0.120341
0.12223099999999999
0.124123
0.125995
0.127886
0.129755
0.131619
0.133494
0.135358
0.137215
0.13907899999999998
0.140927
0.142792
0.14465
0.14648299999999997
0.148334
0.150173
0.152032
0.153889
0.155721
0.157554
0.159408
0.161235
0.163075

Vgs: 1.0
4.04625e-05
0.018643399999999997
0.034063300000000005
0.046576
0.0562718
0.0631694
0.06757350000000001
0.0704497
0.07282730000000001
0.0750975
0.0773295
0.0795324
0.0817182
0.0838796
0.0860186
0.0881586
0.0902865
0.092401
0.0945043
0.0966029
0.0986944
0.100759
0.102834
0.104903
0.106968
0.109013
0.111077
0.11310400000000001
0.11513799999999999
0.11716599999999999
0.1192
0.121226
0.12324300000000002
0.12526099999999998
0.12726200000000001
0.12926800000000002
0.131252
0.133246
0.135241
0.13722800000000002
0.13921
0.141192
0.143158
0.14513199999999998
0.147104
0.149059
0.151036
0.152986
0.154938
0.15689799999999998
0.15886
0.1608
0.16272699999999998
0.164681
0.16663999999999998
0.168579
0.17049799999999998
0.172455
0.17439
0.176341
0.17827
0.180208
0.182135
0.184075
0.18601499999999999
0.187909
0.189818
0.191739
0.193687
0.195629
0.197576
0.199495
0.201417
0.20335899999999998
0.2053
0.207224
0.20917
0.21109
0.213025
0.21495
0.21689499999999998

Vgs: 1.5
5.6079600000000004e-05
0.0282242
0.0537497
0.076993
0.09806190000000001
0.116866
0.13331700000000002
0.147312
0.15879300000000002
0.167686
0.17406
0.178321
0.181296
0.183816
0.18619400000000003
0.18850999999999998
0.190794
0.193029
0.19525900000000002
0.197449
0.199611
0.201764
0.20391499999999999
0.206046
0.208164
0.210276
0.21237799999999998
0.214465
0.216535
0.218632
0.22065400000000002
0.222758
0.224813
0.226863
0.228923
0.23097600000000001
0.233014
0.235057
0.237075
0.239083
0.241126
0.243141
0.245158
0.247174
0.249187
0.251204
0.25321099999999996
0.255222
0.25723199999999996
0.259239
0.261244
0.263255
0.26524699999999996
0.267249
0.269239
0.27127
0.273263
0.275273
0.277281
0.279284
0.281285
0.283313
0.28533200000000003
0.287376
0.289402
0.29144099999999995
0.293474
0.295516
0.297543
0.299602
0.30163199999999996
0.303695
0.30575300000000005
0.307826
0.309904
0.311983
0.314092
0.31618599999999997
0.318284
0.320402
0.322513

Vgs: 2.0
6.34189e-05
0.0356978
0.0690918
0.10059
0.13033899999999998
0.158293
0.184411
0.208617
0.230876
0.251077
0.26915100000000003
0.28501600000000005
0.298603
0.309801
0.31861900000000004
0.325119
0.329661
0.33293100000000003
0.335646
0.338228
0.34068899999999996
0.343062
0.345416
0.347742
0.350033
0.352296
0.354543
0.356769
0.35897799999999996
0.361168
0.363344
0.365487
0.36762
0.369762
0.37186
0.37399200000000005
0.37607199999999996
0.378174
0.380254
0.38229399999999997
0.384381
0.386472
0.388541
0.390592
0.39265
0.39469800000000005
0.396727
0.398806
0.400812
0.402862
0.404939
0.406985
0.409049
0.41110199999999997
0.41317699999999996
0.415243
0.41727000000000003
0.41936399999999996
0.42144699999999996
0.42351500000000003
0.425622
0.427693
0.429824
0.43196100000000004
0.43408800000000003
0.436229
0.438381
0.44053400000000004
0.442739
0.444927
0.44715299999999997
0.44939300000000004
0.451615
0.45387299999999997
0.45616199999999996
0.458432
0.460729
0.462974
0.465308
0.467661
0.47002900000000003

Vgs: 2.5
7.181760000000001e-05
0.0419321
0.0817812
0.12000000000000001
0.156744
0.191986
0.22570700000000002
0.25786800000000004
0.288498
0.31742800000000004
0.34471
0.370251
0.394008
0.415911
0.435839
0.45385400000000004
0.46976500000000004
0.48346700000000004
0.49499799999999994
0.504247
0.511332
0.516419
0.520211
0.523255
0.526057
0.5286820000000001
0.531252
0.533769
0.5361790000000001
0.538627
0.540987
0.543345
0.545687
0.5479769999999999
0.5502630000000001
0.552481
0.55472
0.556971
0.559193
0.5614020000000001
0.563595
0.565654
0.567925
0.570099
0.572251
0.574376
0.576505
0.578623
0.580744
0.582852
0.584974
0.587067
0.58913
0.5912820000000001
0.593388
0.595499
0.597634
0.599685
0.601883
0.6040340000000001
0.606205
0.6083689999999999
0.610554
0.612741
0.614992
0.617212
0.619463
0.621756
0.6238819999999999
0.626346
0.628704
0.631047
0.6335
0.635726
0.63835
0.640872
0.64337
0.645914
0.64849
0.651103
0.653789

Vgs: 3.0
8.11964e-05
0.0472733
0.09262669999999999
0.136531
0.179162
0.220495
0.260533
0.29924599999999996
0.33664099999999997
0.372654
0.407223
0.440411
0.472172
0.502418
0.531104
0.558221
0.5837169999999999
0.607511
0.629549
0.6497459999999999
0.6679029999999999
0.68392
0.698359
0.7105199999999999
0.720588
0.728498
0.734492
0.7388610000000001
0.742403
0.74552
0.748398
0.751018
0.753628
0.756314
0.758867
0.761401
0.763868
0.766316
0.768736
0.771112
0.7734620000000001
0.775798
0.7781170000000001
0.780434
0.782717
0.7850119999999999
0.7873030000000001
0.789462
0.791613
0.793855
0.7960750000000001
0.7982659999999999
0.8003049999999999
0.802617
0.804816
0.807001
0.809182
0.811401
0.8135209999999999
0.815754
0.817925
0.8202
0.822439
0.824624
0.8269930000000001
0.829261
0.831638
0.833978
0.836178
0.838732
0.841203
0.843526
0.846139
0.848736
0.851349
0.854005
0.85662
0.85947
0.862278
0.864978
0.8679910000000001

Vgs: 3.5
7.68893e-05
0.0519338
0.102098
0.150932
0.19862300000000002
0.245184
0.290621
0.334901
0.377988
0.419948
0.460675
0.5002099999999999
0.5385789999999999
0.575614
0.6114580000000001
0.645966
0.67913
0.7109409999999999
0.741286
0.770103
0.797551
0.823112
0.847324
0.869772
0.890552
0.9094380000000001
0.9264450000000001
0.9414399999999999
0.954452
0.965418
0.974305
0.981282
0.986521
0.990663
0.9941340000000001
0.99737
1.0018799999999999
1.00482
1.00767
1.01031
1.0130700000000001
1.01567
1.01826
1.02084
1.02319
1.02581
1.02813
1.0306600000000001
1.0331
1.0353999999999999
1.03754
1.04009
1.04244
1.04466
1.04704
1.04933
1.05157
1.0537299999999998
1.0562200000000002
1.0585
1.0607
1.06306
1.06528
1.06743
1.06985
1.0722500000000001
1.0746799999999999
1.0770899999999999
1.0794400000000002
1.08183
1.08434
1.08685
1.08948
1.09205
1.0947
1.09743
1.10023
1.10308
1.10605
1.10898
1.11204

Vgs: 4.0
8.44968e-05
0.056134899999999995
0.110569
0.163774
0.215969
0.267155
0.317312
0.366437
0.414551
0.461658
0.50768
0.552718
0.5966539999999999
0.6396569999999999
0.68152
0.7221540000000001
0.761908
0.80041
0.837693
0.873807
0.908591
0.94179
0.974049
1.00628
1.0357299999999998
1.06357
1.08996
1.11465
1.13769
1.1591399999999998
1.17865
1.19643
1.21225
1.22624
1.23818
1.24812
1.25611
1.26231
1.26714
1.27111
1.27471
1.27787
1.2810199999999998
1.28404
1.28704
1.28985
1.29259
1.29531
1.2979999999999998
1.30065
1.30331
1.30583
1.30837
1.3108600000000001
1.31339
1.31582
1.31832
1.32076
1.32318
1.3255400000000002
1.32793
1.33035
1.33266
1.33494
1.33734
1.33975
1.34216
1.34455
1.3468
1.34936
1.3516599999999999
1.35429
1.3567900000000002
1.35933
1.36202
1.36469
1.36739
1.37025
1.37307
1.37598
1.37918

Vgs: 4.5
7.07167e-05
0.0598666
0.11814000000000001
0.175259
0.23147700000000002
0.286758
0.34113
0.39457000000000003
0.447157
0.498804
0.549461
0.599376
0.648379
0.696434
0.7435919999999999
0.7898029999999999
0.8351059999999999
0.879405
0.92267
0.964954
1.00767
1.04746
1.08653
1.1242999999999999
1.16096
1.19608
1.2302000000000002
1.26278
1.29404
1.32398
1.35226
1.379
1.4043700000000001
1.4282
1.45017
1.47058
1.4891699999999999
1.5060099999999998
1.52088
1.53366
1.54486
1.55401
1.56126
1.567
1.57162
1.57559
1.5792899999999999
1.58266
1.58601
1.58907
1.59202
1.59504
1.598
1.6007
1.60357
1.60606
1.6089
1.61164
1.61404
1.61682
1.61939
1.62201
1.62454
1.6269500000000001
1.6294899999999999
1.63202
1.63426
1.63693
1.6393
1.6418400000000002
1.64431
1.64667
1.6492099999999998
1.65167
1.65412
1.6568100000000001
1.65938
1.66212
1.66489
1.6675399999999998
1.67059

Vgs: 5.0
7.776320000000001e-05
0.06324189999999999
0.124962
0.185625
0.24545399999999998
0.304431
0.36258599999999996
0.419903
0.47645499999999996
0.5321940000000001
0.587133
0.641339
0.6947690000000001
0.747399
0.7993180000000001
0.850398
0.900753
0.95019
0.9987889999999999
1.04804
1.09485
1.1402400000000001
1.18514
1.22895
1.27189
1.31347
1.35414
1.39338
1.43164
1.46878
1.50447
1.5391000000000001
1.57223
1.60396
1.6344400000000001
1.6634200000000001
1.6908999999999998
1.71698
1.74139
1.76414
1.7852199999999998
1.80473
1.82235
1.83811
1.85212
1.8642800000000002
1.87389
1.88277
1.88949
1.89496
1.89939
1.90337
1.90719
1.91073
1.9140599999999999
1.9172900000000002
1.9204
1.92311
1.92649
1.9293500000000001
1.93224
1.93506
1.93779
1.94058
1.94332
1.94585
1.9485800000000002
1.95114
1.95378
1.9564500000000002
1.95891
1.9615000000000002
1.9641300000000002
1.96648
1.9690900000000002
1.97167
1.97419
1.97676
1.97898
1.9818700000000002
1.98473

Vgs: 5.5
6.45551e-05
0.0662867
0.13112900000000002
0.19497399999999998
0.258077
0.320398
0.381952
0.44278
0.5029140000000001
0.5623330000000001
0.621102
0.6792220000000001
0.7367199999999999
0.793551
0.849669
0.905254
0.9600799999999999
1.01566
1.06908
1.12169
1.17352
1.224
1.27426
1.32335
1.37167
1.41896
1.46536
1.51069
1.55487
1.5982699999999999
1.64029
1.6814200000000001
1.72115
1.75993
1.79745
1.83371
1.86868
1.90241
1.9346299999999998
1.96568
1.99526
2.02344
2.0500700000000003
2.07508
2.09867
2.12057
2.14085
2.1594
2.17609
2.191
2.20425
2.2154599999999998
2.22503
2.23273
2.23902
2.24443
2.24862
2.25287
2.2565
2.26015
2.26363
2.26698
2.27028
2.2735
2.27634
2.27947
2.28239
2.28523
2.28816
2.291
2.29373
2.29655
2.29922
2.30192
2.3044
2.3070500000000003
2.30982
2.3123
2.31499
2.31767
2.32009

Vgs: 6.0
5.43351e-05
0.06907189999999999
0.13673400000000002
0.20344399999999999
0.26949
0.334814
0.399463
0.463441
0.526817
0.5896049999999999
0.651806
0.713498
0.774648
0.835304
0.8953690000000001
0.954873
1.01547
1.07381
1.1314899999999999
1.18856
1.24491
1.30002
1.35501
1.40896
1.46229
1.5145899999999999
1.56624
1.61675
1.66639
1.7152
1.76285
1.80982
1.85556
1.90037
1.94399
1.9866800000000002
2.02796
2.06839
2.10744
2.1455200000000003
2.18197
2.21761
2.25182
2.28459
2.3162
2.3463
2.37514
2.40234
2.42808
2.45237
2.4749
2.49575
2.51545
2.53286
2.5490999999999997
2.56323
2.5756099999999997
2.5862900000000004
2.59495
2.60243
2.60846
2.6135300000000004
2.6180499999999998
2.62226
2.62598
2.62982
2.63331
2.6368
2.64
2.6432
2.6463300000000003
2.6493200000000003
2.65211
2.65523
2.6577900000000003
2.6607800000000004
2.66368
2.66643
2.66928
2.6719500000000003
2.67458

Vgs: 6.5
5.83063e-05
0.07153029999999999
0.141755
0.2111
0.279812
0.34785499999999997
0.415285
0.48214
0.548461
0.614271
0.679647
0.744546
0.809071
0.873145
0.9367909999999999
1.0015399999999999
1.06428
1.12652
1.1880899999999999
1.24921
1.30963
1.36896
1.42832
1.48664
1.5445
1.6014300000000001
1.65769
1.71299
1.76742
1.82128
1.8740899999999998
1.9262000000000001
1.9771799999999997
2.0272699999999997
2.07646
2.1248
2.1719500000000003
2.21822
2.26319
2.3073099999999998
2.35022
2.3919599999999996
2.43254
2.47215
2.5106
2.54774
2.58368
2.61845
2.65192
2.68371
2.7145699999999997
2.74392
2.77179
2.7983000000000002
2.82327
2.84686
2.86867
2.88901
2.90748
2.92399
2.9392799999999997
2.95313
2.96502
2.97398
2.9832899999999998
2.99015
2.99574
3.0009300000000003
3.0052600000000003
3.00951
3.01381
3.01713
3.0208399999999997
3.02415
3.0272699999999997
3.03073
3.0338499999999997
3.03688
3.0404999999999998
3.0434300000000003
3.0461

Vgs: 7.0
3.0856000000000004e-05
0.0737574
0.14627800000000002
0.217965
0.289071
0.359594
0.42952799999999997
0.498941
0.567943
0.636489
0.7046720000000001
0.77254
0.840102
0.9073380000000001
0.9742270000000001
1.04225
1.1084
1.17411
1.23938
1.30407
1.3683
1.43143
1.49455
1.55701
1.6189399999999998
1.67997
1.74061
1.80028
1.8592199999999999
1.9175900000000001
1.97484
2.03161
2.08745
2.14241
2.19659
2.25002
2.3022
2.35372
2.40424
2.4536
2.50227
2.5499400000000003
2.59638
2.64182
2.6863099999999998
2.7295700000000003
2.77186
2.81298
2.85284
2.8917
2.92942
2.96573
3.00089
3.03464
3.06739
3.09866
3.12859
3.15716
3.1843399999999997
3.21004
3.23414
3.25679
3.27788
3.2974699999999997
3.31531
3.33156
3.34606
3.3588899999999997
3.3700900000000003
3.3794799999999996
3.38725
3.39397
3.39955
3.4046100000000004
3.40909
3.41324
3.41723
3.42084
3.42457
3.42808
3.43153

Vgs: 7.5
2.7951e-05
0.0757631
0.150347
0.224151
0.297415
0.370121
0.442318
0.5140750000000001
0.585503
0.65655
0.727326
0.7978770000000001
0.868226
0.938314
1.00963
1.07924
1.14851
1.21745
1.28596
1.3541
1.42169
1.48831
1.5551
1.62108
1.6867699999999999
1.75166
1.81611
1.87976
1.94275
2.00519
2.06682
2.12795
2.1880100000000002
2.2475199999999997
2.3060300000000002
2.36403
2.42099
2.47737
2.53259
2.58719
2.64067
2.6934
2.74508
2.7957799999999997
2.8457
2.89461
2.9425499999999998
2.98934
3.03521
3.0798900000000002
3.12371
3.16628
3.20778
3.2481099999999996
3.28734
3.32545
3.36229
3.3979600000000003
3.43234
3.46555
3.4973
3.5279000000000003
3.55686
3.5846400000000003
3.61076
3.63574
3.6591
3.6813800000000003
3.70148
3.72033
3.73759
3.7530799999999997
3.76695
3.77924
3.78963
3.7986299999999997
3.8060799999999997
3.81279
3.81841
3.82338
3.8278600000000003

Vgs: 8.0
1.38428e-06
0.0775806
0.153945
0.229585
0.304745
0.37941
0.453612
0.527451
0.601008
0.674307
0.747417
0.820391
0.893205
0.965897
1.03985
1.1122400000000001
1.1843
1.25619
1.3276
1.3988399999999999
1.46966
1.53937
1.60947
1.67876
1.7479500000000001
1.81623
1.88427
1.95139
2.01808
2.08437
2.14965
2.21466
2.27875
2.34231
2.40498
2.46713
2.5282400000000003
2.58856
2.6483499999999998
2.70674
2.7653
2.82266
2.87926
2.9344699999999997
2.98955
3.04269
3.09586
3.14793
3.19936
3.2492300000000003
3.29843
3.34675
3.3932900000000004
3.44008
3.48518
3.52928
3.57214
3.61379
3.65458
3.69426
3.7323399999999998
3.76985
3.80575
3.84063
3.8738900000000003
3.9067800000000004
3.93718
3.96732
3.9958700000000005
4.023020000000001
4.04851
4.072649999999999
4.0953
4.11658
4.13629
4.15438
4.17098
4.18598
4.19926
4.20702
4.2195
