Vgs range: 0,8,0.5
Vds range: 0,8,0.1

Vgs: 0.0
1.75935e-05
0.00304836
0.00543929
0.007656530000000001
0.009846009999999999
0.0120202
0.014175700000000001
0.016319499999999997
0.0184483
0.0205638
0.0226665
0.0247553
0.0268346
0.0289059
0.0309652
0.0330181
0.0350626
0.0370989
0.039128699999999995
0.0411541
0.043169900000000004
0.0451659
0.0471709
0.0491691
0.0511667
0.053159099999999994
0.0551453
0.057117400000000006
0.0590878
0.061063900000000004
0.06302640000000001
0.06499010000000001
0.0669392
0.0688912
0.0708318
0.0727787
0.0747109
0.0766439
0.078568
0.0804943
0.0824126
0.08432250000000001
0.08623059999999999
0.08813789999999999
0.0900346
0.0919323
0.0937969
0.0956818
0.0975752
0.09945910000000001
0.101315
0.103185
0.105053
0.106919
0.10879
0.110656
0.112506
0.114365
0.116218
0.11807300000000001
0.119917
0.121768
0.12362000000000001
0.12546000000000002
0.127279
0.129118
0.130956
0.132777
0.13459100000000002
0.136419
0.138243
0.140068
0.141884
0.143696
0.145516
0.147313
0.14911
0.150895
0.152692
0.154477
0.156249

Vgs: 0.5
2.25595e-05
0.00629874
0.00970058
0.0120524
0.0142731
0.016467700000000002
0.0186382
0.0207909
0.0229282
0.0250501
0.027159199999999998
0.029250500000000002
0.031334100000000004
0.0334073
0.035468900000000005
0.0375234
0.0395688
0.041609
0.0436415
0.0456694
0.0476848
0.0496807
0.0516946
0.0536946
0.0556918
0.057683099999999994
0.0596749
0.0616499
0.0636208
0.0655957
0.0675568
0.0695244
0.0714798
0.0734389
0.075383
0.0773336
0.0792702
0.08121049999999999
0.083147
0.0850751
0.0869957
0.0889235
0.0908368
0.0927472
0.09466290000000001
0.0965704
0.0984752
0.10036199999999999
0.102262
0.10415300000000001
0.106041
0.10793699999999999
0.109837
0.11169499999999999
0.113585
0.11546
0.117328
0.119203
0.121056
0.122929
0.12479
0.126654
0.128507
0.130361
0.132214
0.134067
0.135902
0.137741
0.139575
0.141414
0.143254
0.14508500000000002
0.14693
0.148755
0.150599
0.152418
0.154249
0.15607100000000002
0.157902
0.159735
0.161547

Vgs: 1.0
3.38944e-05
0.0184865
0.033791
0.046221599999999995
0.055844899999999996
0.06268560000000001
0.0670561
0.0698928
0.0722458
0.0744904
0.0767007
0.0788862
0.08104249999999999
0.0831858
0.0853036
0.0874147
0.089513
0.0915995
0.0936807
0.0957529
0.09781999999999999
0.099856
0.101912
0.10394400000000001
0.105991
0.108019
0.110039
0.112063
0.114064
0.116083
0.118075
0.120071
0.12206099999999999
0.12405200000000001
0.126026
0.128007
0.12997
0.13194699999999998
0.133898
0.135872
0.137825
0.13977499999999998
0.141722
0.143665
0.145628
0.147563
0.149505
0.151425
0.15336
0.155294
0.15721800000000002
0.159138
0.161062
0.16297999999999999
0.164904
0.166816
0.16872600000000001
0.17065
0.172559
0.174473
0.176369
0.178288
0.18018900000000002
0.182098
0.184012
0.185911
0.187805
0.189714
0.191607
0.193525
0.19541999999999998
0.19733199999999998
0.199237
0.201156
0.203072
0.20496699999999998
0.206877
0.208787
0.210697
0.212601
0.214517

Vgs: 1.5
2.43315e-05
0.0278945
0.0531947
0.0762272
0.0971031
0.115729
0.132017
0.14588900000000002
0.157254
0.166025
0.172323
0.17652400000000001
0.179454
0.181928
0.184279
0.186569
0.18881099999999998
0.19103
0.193235
0.195413
0.197567
0.199706
0.20183399999999999
0.203946
0.206007
0.208038
0.210119
0.21217799999999998
0.214234
0.21629400000000001
0.218337
0.220363
0.222394
0.224422
0.22644
0.228462
0.230459
0.232468
0.234472
0.236469
0.238456
0.24044100000000002
0.242415
0.244411
0.24639699999999998
0.248372
0.250352
0.252327
0.254302
0.256259
0.25824600000000003
0.260208
0.26217900000000005
0.264159
0.26613400000000004
0.2681
0.27007000000000003
0.272045
0.27402600000000005
0.275998
0.277987
0.279983
0.281971
0.283965
0.28595600000000004
0.28794200000000003
0.28994
0.291956
0.293984
0.296001
0.298021
0.300024
0.302077
0.304081
0.306133
0.308201
0.31025600000000003
0.31232299999999996
0.3144
0.316484
0.31857599999999997

Vgs: 2.0
6.24662e-06
0.0353389
0.0683376
0.0994733
0.128891
0.156534
0.182354
0.206299
0.228298
0.248267
0.266119
0.28178600000000004
0.295171
0.30623100000000003
0.314907
0.321279
0.325738
0.32893799999999995
0.331621
0.334143
0.33657099999999995
0.338904
0.34121
0.343503
0.345759
0.347984
0.350186
0.352376
0.354533
0.356699
0.358828
0.360952
0.363058
0.365152
0.367238
0.36931600000000003
0.37138
0.373442
0.37549000000000005
0.377532
0.379561
0.38160499999999997
0.383624
0.385644
0.387677
0.389691
0.391712
0.393719
0.395739
0.397758
0.399768
0.401796
0.4038
0.405833
0.407861
0.409884
0.411918
0.413952
0.415973
0.41802
0.42007900000000004
0.422145
0.424237
0.42633299999999996
0.428427
0.430532
0.43266099999999996
0.434797
0.436934
0.439106
0.441263
0.44343699999999997
0.445648
0.447853
0.45009
0.452327
0.4546
0.456866
0.459146
0.46144399999999997
0.463753

Vgs: 2.5
5.74953e-06
0.0414316
0.0807534
0.11846200000000001
0.154737
0.189537
0.22284
0.254608
0.284827
0.313409
0.34031300000000003
0.365521
0.388943
0.41053900000000004
0.43020800000000003
0.447905
0.463555
0.47704
0.488326
0.497388
0.504304
0.509265
0.5129400000000001
0.515927
0.518668
0.521282
0.523797
0.526241
0.528634
0.531019
0.533331
0.5356770000000001
0.537932
0.540181
0.542414
0.544622
0.5468130000000001
0.548992
0.55116
0.5533060000000001
0.55544
0.557573
0.5596899999999999
0.561794
0.563903
0.565995
0.56808
0.570159
0.572235
0.574287
0.576356
0.578423
0.580497
0.582551
0.584619
0.5866899999999999
0.588769
0.5908690000000001
0.592954
0.595071
0.597194
0.599333
0.6014889999999999
0.603635
0.605829
0.608016
0.6102409999999999
0.612469
0.6147239999999999
0.617011
0.6193190000000001
0.621671
0.624044
0.626423
0.6288710000000001
0.631321
0.633818
0.63633
0.6388739999999999
0.6414259999999999
0.644039

Vgs: 3.0
6.458189999999999e-05
0.0465543
0.0912597
0.134535
0.176554
0.21729900000000002
0.25675600000000004
0.294914
0.331764
0.36725100000000005
0.401354
0.434053
0.465318
0.49510600000000005
0.523359
0.550053
0.575134
0.598517
0.6201549999999999
0.64
0.657932
0.673806
0.6878099999999999
0.699684
0.7094729999999999
0.717148
0.72294
0.727177
0.730594
0.7336130000000001
0.736437
0.739166
0.741775
0.744339
0.74683
0.7492869999999999
0.751722
0.754113
0.7564759999999999
0.758819
0.761132
0.7634340000000001
0.765694
0.7679400000000001
0.7701910000000001
0.772402
0.7746059999999999
0.776781
0.778969
0.78113
0.7832969999999999
0.7854679999999999
0.787581
0.789743
0.7918740000000001
0.794013
0.796159
0.798284
0.800432
0.802574
0.8047300000000001
0.806937
0.809145
0.811297
0.813477
0.815723
0.817986
0.820303
0.822632
0.8249690000000001
0.827358
0.829781
0.832256
0.834734
0.837291
0.839917
0.8425499999999999
0.8452550000000001
0.847979
0.850768
0.8535940000000001

Vgs: 3.5
7.15267e-05
0.0511017
0.100495
0.14856799999999998
0.19554500000000002
0.241395
0.286118
0.329706
0.372174
0.413462
0.453562
0.492476
0.530189
0.56667
0.601909
0.635831
0.6684389999999999
0.6996720000000001
0.729514
0.757884
0.784747
0.809829
0.833606
0.8555919999999999
0.875914
0.894371
0.910997
0.925644
0.938276
0.948927
0.9575210000000001
0.964218
0.969286
0.973251
0.9766250000000001
0.979717
0.9826349999999999
0.985466
0.988182
0.9908460000000001
0.9934419999999999
0.996008
0.998524
1.00256
1.00503
1.00753
1.0099099999999999
1.0123
1.01465
1.01699
1.0193299999999998
1.0215999999999998
1.0238999999999998
1.02619
1.0284300000000002
1.0306899999999999
1.03289
1.0351
1.03736
1.03957
1.04177
1.044
1.04623
1.04847
1.05072
1.0529700000000002
1.05525
1.0575700000000001
1.05992
1.0623099999999999
1.06474
1.0671700000000002
1.0697
1.07219
1.07479
1.07745
1.08019
1.08291
1.08579
1.08866
1.0916400000000002

Vgs: 4.0
5.71686e-05
0.0551527
0.10868
0.160991
0.212322
0.262648
0.311967
0.360273
0.407602
0.45389399999999996
0.499166
0.543422
0.5866410000000001
0.628816
0.6699400000000001
0.709972
0.748903
0.786692
0.823288
0.858685
0.8928280000000001
0.9253939999999999
0.957015
0.9871210000000001
1.01751
1.04477
1.07058
1.0947500000000001
1.11727
1.13815
1.15726
1.17459
1.19001
1.20358
1.2151
1.22471
1.2323499999999998
1.23832
1.24296
1.24682
1.25021
1.25341
1.25645
1.25939
1.2622099999999998
1.26497
1.26765
1.27032
1.27298
1.27552
1.27805
1.28055
1.28304
1.28547
1.28789
1.29027
1.29265
1.29504
1.29743
1.29969
1.302
1.30434
1.3066799999999998
1.30901
1.31126
1.3136
1.31589
1.31824
1.32058
1.32293
1.32532
1.32771
1.33015
1.33266
1.33524
1.3378400000000001
1.34051
1.34326
1.34605
1.3489
1.3518899999999998

Vgs: 4.5
7.090639999999999e-05
0.0587761
0.116011
0.172125
0.227357
0.281665
0.335072
0.387577
0.43921200000000005
0.48993400000000004
0.53976
0.588714
0.63678
0.6839660000000001
0.730223
0.775573
0.8199989999999999
0.863448
0.905901
0.947327
0.9876679999999999
1.02812
1.06644
1.1034
1.13927
1.1737600000000001
1.2070699999999999
1.23898
1.2696
1.29883
1.32653
1.35287
1.37755
1.4007100000000001
1.42218
1.442
1.46006
1.47634
1.4907
1.50319
1.5137900000000002
1.52252
1.52942
1.5349000000000002
1.53925
1.54308
1.5466
1.54984
1.55301
1.55606
1.5590000000000002
1.56189
1.5646900000000001
1.56744
1.57016
1.5728
1.57545
1.57806
1.58058
1.58309
1.58557
1.58806
1.59047
1.59294
1.59534
1.5977299999999999
1.6001100000000001
1.6025399999999999
1.60491
1.6073000000000002
1.60968
1.61209
1.61451
1.61695
1.6194300000000001
1.6219299999999999
1.6245
1.6270900000000001
1.62976
1.6324200000000002
1.63528

Vgs: 5.0
5.43213e-05
0.0620201
0.122593
0.182116
0.240831
0.298717
0.35578600000000005
0.412038
0.46753
0.522213
0.576114
0.629267
0.681666
0.7332970000000001
0.784166
0.834248
0.883546
0.932005
0.9795929999999999
1.0278500000000002
1.07368
1.1181699999999999
1.16217
1.2049400000000001
1.24694
1.28765
1.3274000000000001
1.36586
1.4032
1.4394500000000001
1.47434
1.50811
1.54041
1.57149
1.60114
1.6295000000000002
1.65624
1.68158
1.7053
1.72748
1.7479399999999998
1.76679
1.78382
1.79904
1.81253
1.8241399999999999
1.8339
1.84184
1.84823
1.8533600000000001
1.85765
1.8614899999999999
1.86507
1.86845
1.87167
1.87477
1.87782
1.88074
1.88366
1.8865100000000001
1.8892200000000001
1.89198
1.89471
1.8973600000000002
1.89996
1.9025999999999998
1.9051300000000002
1.9076600000000001
1.9102
1.91267
1.91514
1.9175799999999998
1.9200300000000001
1.92248
1.92497
1.92747
1.92998
1.93246
1.9350100000000001
1.9375600000000002
1.94021

Vgs: 5.5
6.05209e-05
0.0649589
0.128539
0.191138
0.253009
0.314112
0.374469
0.43409600000000004
0.49306000000000005
0.551292
0.608872
0.665802
0.722107
0.777777
0.832782
0.887118
0.9407979999999999
0.993753
1.04748
1.09894
1.14963
1.1990399999999999
1.24818
1.2962
1.34351
1.38967
1.43505
1.47929
1.52251
1.5648199999999999
1.60589
1.64608
1.68494
1.72275
1.75928
1.7947
1.8287
1.8615700000000002
1.89301
1.9232500000000001
1.95192
1.9793200000000002
2.00516
2.02943
2.0523
2.07351
2.09313
2.11097
2.12717
2.14147
2.1540600000000003
2.16487
2.17386
2.1811399999999996
2.18711
2.19199
2.1963299999999997
2.2001299999999997
2.20379
2.20724
2.21056
2.2137900000000004
2.21697
2.21996
2.22294
2.2258400000000003
2.2286699999999997
2.2315400000000003
2.2342500000000003
2.2368900000000003
2.2396
2.24224
2.2449000000000003
2.24748
2.25007
2.25263
2.2551200000000002
2.25771
2.26019
2.26274
2.26532

Vgs: 6.0
4.75368e-05
0.0676054
0.133898
0.199277
0.263978
0.32798099999999997
0.391303
0.453976
0.516061
0.577524
0.638432
0.6987840000000001
0.758649
0.817945
0.876716
0.9349449999999999
0.992614
1.05112
1.10759
1.16333
1.2183899999999999
1.27222
1.3259299999999998
1.37868
1.43078
1.4818500000000001
1.53219
1.58155
1.63008
1.67776
1.72429
1.77006
1.8146799999999998
1.85836
1.90083
1.94246
1.9827500000000002
2.02213
2.0602099999999997
2.0972299999999997
2.1328699999999996
2.1674200000000003
2.20067
2.23255
2.2632
2.29242
2.32024
2.34665
2.37177
2.39518
2.41712
2.4374599999999997
2.45617
2.47313
2.48848
2.5020900000000004
2.5138399999999996
2.52394
2.5322500000000003
2.53922
2.5448
2.5496
2.55391
2.5578100000000004
2.56152
2.56501
2.5684
2.5717399999999997
2.57488
2.57797
2.58096
2.58383
2.5868
2.5896500000000002
2.5924799999999997
2.59522
2.5980600000000003
2.60083
2.6035199999999996
2.60611
2.60873

Vgs: 6.5
3.03265e-05
0.0700265
0.138766
0.206647
0.273909
0.340543
0.40656
0.471992
0.5369189999999999
0.6013280000000001
0.6652579999999999
0.72873
0.791802
0.854426
0.916637
0.978373
1.04118
1.10192
1.16217
1.22178
1.2807899999999999
1.3387200000000001
1.3965699999999999
1.4535500000000001
1.51006
1.56559
1.62056
1.67451
1.7277
1.78023
1.83169
1.88251
1.93224
1.9811699999999999
2.02909
2.07612
2.12202
2.16708
2.21108
2.2540400000000003
2.29581
2.33661
2.37616
2.4145299999999996
2.4519300000000004
2.48802
2.52288
2.55654
2.58907
2.62009
2.64994
2.67833
2.7053599999999998
2.73094
2.75507
2.77765
2.79871
2.81825
2.83608
2.8523300000000003
2.86682
2.8796
2.89077
2.90012
2.908
2.9145
2.92003
2.92473
2.92896
2.93298
2.93676
2.9404000000000003
2.94377
2.94713
2.95051
2.9536800000000003
2.95677
2.9598400000000002
2.96288
2.9657899999999997
2.9687

Vgs: 7.0
2.90204e-05
0.07214659999999999
0.143124
0.21328
0.282872
0.35187199999999996
0.42032
0.488252
0.555748
0.622792
0.689476
0.7558159999999999
0.821835
0.8875200000000001
0.952842
1.01942
1.0840299999999998
1.14812
1.21182
1.2749899999999998
1.33763
1.39926
1.46093
1.52179
1.5822500000000002
1.64159
1.7007
1.75892
1.81639
1.87335
1.9292999999999998
1.98466
2.0390400000000004
2.09275
2.1453800000000003
2.1974199999999997
2.24836
2.29854
2.3476
2.39593
2.44312
2.48951
2.5346800000000003
2.57879
2.62212
2.6641999999999997
2.7052899999999998
2.74515
2.78404
2.82167
2.8582
2.89345
2.92761
2.96041
2.992
3.02215
3.05106
3.07874
3.1048999999999998
3.12966
3.15294
3.17477
3.19497
3.21355
3.23058
3.24602
3.2596600000000002
3.2718700000000003
3.2822099999999996
3.29109
3.29847
3.30479
3.31014
3.3147599999999997
3.31905
3.32306
3.32687
3.33045
3.3339
3.3371199999999996
3.3404599999999998

Vgs: 7.5
9.99986e-06
0.0732845
0.145224
0.21662900000000002
0.287625
0.358297
0.428213
0.49788800000000005
0.5670780000000001
0.635885
0.704352
0.772605
0.841008
0.90885
0.9765799999999999
1.0451300000000001
1.11084
1.1776200000000001
1.24445
1.31103
1.3766
1.4410200000000002
1.50588
1.57007
1.6334
1.69634
1.74733
1.8095100000000002
1.8678499999999998
1.92553
1.98468
2.0433
2.10106
2.15828
2.21462
2.2705300000000004
2.3260099999999997
2.38052
2.43372
2.48705
2.5388300000000004
2.5894899999999996
2.63919
2.68797
2.73597
2.78335
2.82984
2.87492
2.9204399999999997
2.96388
3.00587
3.04682
3.08694
3.1255200000000003
3.16344
3.19963
3.23555
3.26992
3.30279
3.3352299999999997
3.36532
3.39459
3.4222900000000003
3.4485599999999996
3.4733199999999997
3.4977799999999997
3.52123
3.54297
3.56525
3.5839399999999997
3.6010500000000003
3.6158599999999996
3.62894
3.64097
3.65083
3.6594
3.6665
3.67257
3.67828
3.68271
3.68695

Vgs: 8.0
-2.7736800000000002e-05
0.0752787
0.149549
0.22309
0.296162
0.368736
0.440859
0.512605
0.58407
0.6552520000000001
0.726213
0.797026
0.867671
0.9381320000000001
1.0098500000000001
1.0799699999999999
1.1498700000000002
1.21947
1.28876
1.3576899999999998
1.4262000000000001
1.49376
1.5616899999999998
1.62881
1.69571
1.76189
1.82772
1.89283
1.9573099999999999
2.02145
2.08474
2.14755
2.20958
2.27101
2.3315699999999997
2.39173
2.45086
2.50949
2.56705
2.62417
2.68025
2.73574
2.79019
2.84383
2.89682
2.9487300000000003
2.9998199999999997
3.0499099999999997
3.0992900000000003
3.14761
3.19508
3.24146
3.28693
3.33116
3.37471
3.41694
3.45807
3.49839
3.5373900000000003
3.57553
3.6125
3.6483700000000003
3.6828999999999996
3.7161999999999997
3.74831
3.7793200000000002
3.80899
3.8373600000000003
3.8643
3.88986
3.91402
3.93703
3.95866
3.97897
3.99742
4.01431
4.0298799999999995
4.04356
4.055610000000001
4.06632
4.07567
