Vgs range: 0,8,0.5
Vds range: 0,8,0.1

Vgs: 0.0
2.55936e-05
0.0030894
0.005493639999999999
0.0077231900000000004
0.00992247
0.0121049
0.0142706
0.016422700000000002
0.0185612
0.0206852
0.0227957
0.0248956
0.0269849
0.029064000000000003
0.0311324
0.033192299999999994
0.0352474
0.0372977
0.0393363
0.0413701
0.043397399999999996
0.0454048
0.047426499999999996
0.0494292
0.0514414
0.0534395
0.0554381
0.0574241
0.0593985
0.061389200000000005
0.06335850000000001
0.065331
0.0672949
0.0692556
0.0711979
0.0731492
0.0750909
0.077033
0.0789662
0.08090510000000001
0.08281999999999999
0.0847484
0.0866631
0.0885793
0.0905017
0.09241350000000001
0.094323
0.0962195
0.0981183
0.09999
0.101883
0.103767
0.105655
0.107531
0.10941400000000001
0.111284
0.11315399999999999
0.115036
0.116896
0.118769
0.120607
0.122469
0.12431
0.126165
0.128004
0.12984199999999999
0.131663
0.133518
0.13534
0.13716699999999998
0.138997
0.14083600000000002
0.142678
0.144484
0.14630900000000002
0.148114
0.14995
0.15176699999999999
0.15357099999999999
0.155369
0.15719

Vgs: 0.5
4.6153099999999995e-06
0.00636824
0.009794669999999998
0.0121736
0.0144049
0.0166109
0.0187983
0.0209723
0.023127400000000003
0.0252656
0.027390699999999997
0.0295037
0.0316026
0.033691900000000004
0.0357714
0.037839700000000004
0.0399057
0.041962
0.044011999999999996
0.0460543
0.0480891
0.0500991
0.052125
0.0541379
0.056150399999999996
0.0581661
0.0601705
0.0621677
0.0641527
0.06613959999999999
0.0681223
0.0701053
0.0720755
0.0740516
0.0760061
0.0779744
0.0799274
0.0818899
0.0838352
0.0857829
0.0877169
0.0896642
0.0915967
0.0935157
0.0954426
0.0973666
0.0992826
0.10117599999999999
0.10309199999999999
0.10500899999999999
0.10692499999999999
0.108817
0.110716
0.112622
0.114513
0.116409
0.118287
0.120174
0.122058
0.12394500000000001
0.125808
0.127695
0.129567
0.131445
0.13331300000000001
0.13517600000000002
0.13703
0.13888299999999998
0.140729
0.142586
0.144423
0.146271
0.148123
0.149978
0.151836
0.15367199999999998
0.155526
0.157364
0.159202
0.161024
0.162851

Vgs: 1.0
5.67496e-06
0.0186852
0.034064699999999996
0.0465656
0.056235
0.063111
0.0675087
0.0703982
0.0727661
0.0750349
0.0772582
0.0795117
0.08164880000000001
0.0837926
0.0859466
0.08805610000000001
0.09017499999999999
0.0922966
0.0943962
0.0964928
0.0985596
0.100614
0.102704
0.104763
0.106827
0.108873
0.110923
0.11296800000000001
0.115011
0.117049
0.119065
0.121077
0.12309699999999998
0.12510200000000002
0.127108
0.129115
0.130901
0.133088
0.134991
0.13705799999999999
0.13908
0.140973
0.142938
0.14493
0.146959
0.149005
0.151013
0.151793
0.154677
0.156672
0.158617
0.160585
0.16253700000000001
0.164514
0.16650399999999999
0.168448
0.17038799999999998
0.17232599999999998
0.17427299999999998
0.17621299999999998
0.17815699999999998
0.180094
0.182027
0.183962
0.185887
0.18785500000000002
0.189788
0.19171999999999997
0.193644
0.195566
0.197487
0.199409
0.20128100000000002
0.203492
0.20494
0.20704299999999998
0.207918
0.21072300000000002
0.213718
0.217039
0.218034

Vgs: 1.5
6.0230100000000005e-06
0.0281911
0.0536566
0.07684239999999999
0.097855
0.116607
0.133023
0.146992
0.15843300000000002
0.16727499999999998
0.173632
0.177885
0.180821
0.18333100000000002
0.18570699999999998
0.188025
0.190325
0.192551
0.191853
0.19694299999999998
0.200032
0.201325
0.203431
0.205566
0.207603
0.207116
0.21188
0.21318800000000002
0.21602200000000002
0.21811
0.220122
0.22219
0.224238
0.226291
0.228333
0.23037200000000002
0.232405
0.234449
0.23646999999999999
0.238489
0.24052300000000001
0.242511
0.244524
0.24652400000000002
0.248574
0.250673
0.25255299999999997
0.25456300000000004
0.256546
0.258544
0.260608
0.26266100000000003
0.26471
0.266787
0.268704
0.270554
0.2725
0.27448799999999995
0.276465
0.278507
0.280506
0.282543
0.284559
0.286567
0.288588
0.29063100000000003
0.29269
0.29473699999999997
0.296776
0.29883
0.300878
0.302931
0.305
0.30705899999999997
0.309137
0.31120699999999996
0.313298
0.315418
0.317515
0.31962
0.321754

Vgs: 2.0
6.374620000000001e-05
0.0356145
0.0689248
0.100358
0.13003900000000002
0.157931
0.183974
0.20815699999999998
0.230377
0.250548
0.268611
0.284431
0.29805899999999996
0.309255
0.317979
0.324451
0.32895199999999997
0.33229800000000004
0.334999
0.337619
0.340142
0.342529
0.34494400000000003
0.347296
0.34962
0.35188899999999995
0.35416400000000003
0.356354
0.358608
0.360838
0.362919
0.365119
0.367273
0.369473
0.371591
0.373712
0.375796
0.377925
0.38000799999999996
0.38207399999999997
0.38415
0.38622199999999995
0.388251
0.390032
0.392159
0.394128
0.39627199999999996
0.398366
0.400445
0.402501
0.404561
0.40650000000000003
0.408544
0.410421
0.412313
0.414521
0.41648999999999997
0.41854
0.420616
0.422748
0.42488600000000004
0.427011
0.429122
0.431257
0.433426
0.435577
0.437665
0.439864
0.442085
0.44430099999999995
0.446507
0.448764
0.451004
0.453258
0.455537
0.457819
0.460121
0.462428
0.46478200000000003
0.46715199999999996
0.469429

Vgs: 2.5
7.375900000000001e-05
0.041824
0.0815802
0.119707
0.156372
0.191541
0.225194
0.257303
0.28782800000000003
0.31672900000000004
0.343903
0.369388
0.393103
0.414908
0.434777
0.45269
0.468652
0.48222800000000005
0.493611
0.502877
0.509921
0.5150680000000001
0.518845
0.521733
0.524748
0.527206
0.52971
0.532096
0.534399
0.5370159999999999
0.539377
0.541721
0.544072
0.546295
0.54874
0.550998
0.55301
0.555253
0.557453
0.559864
0.5620430000000001
0.564211
0.566354
0.568491
0.570631
0.572729
0.574815
0.577075
0.579112
0.5811580000000001
0.5832660000000001
0.585207
0.5874590000000001
0.5895950000000001
0.591686
0.593847
0.595989
0.598151
0.600146
0.602062
0.604495
0.6065480000000001
0.608819
0.611081
0.613251
0.6155149999999999
0.6177090000000001
0.620047
0.6223339999999999
0.624505
0.627062
0.6296350000000001
0.631753
0.634336
0.636515
0.639142
0.64189
0.644181
0.646849
0.649538
0.652221

Vgs: 3.0
7.57332e-05
0.047144900000000003
0.0923955
0.136193
0.178732
0.219974
0.259903
0.298548
0.335856
0.371783
0.406288
0.439461
0.47115
0.5013310000000001
0.5300090000000001
0.557031
0.582492
0.60615
0.628093
0.6483990000000001
0.666552
0.682696
0.696623
0.709119
0.718996
0.726945
0.732906
0.737565
0.741124
0.7442669999999999
0.746931
0.749537
0.75243
0.754556
0.757054
0.759571
0.762559
0.765054
0.767537
0.769954
0.772302
0.774628
0.776938
0.779229
0.7815300000000001
0.783818
0.7858649999999999
0.788231
0.790442
0.792728
0.794946
0.797153
0.799339
0.80153
0.8037120000000001
0.805826
0.8079339999999999
0.810241
0.812257
0.814665
0.816958
0.818956
0.821222
0.823313
0.825986
0.827936
0.830663
0.832479
0.83484
0.8370609999999999
0.839758
0.841841
0.843939
0.847398
0.849977
0.852776
0.85502
0.8578210000000001
0.860994
0.863934
0.866899

Vgs: 3.5
7.68562e-05
0.051820200000000004
0.101865
0.150616
0.198197
0.244614
0.28997700000000004
0.33405
0.377198
0.419041
0.45977700000000005
0.49923700000000004
0.537539
0.574557
0.6103010000000001
0.644734
0.677929
0.7096210000000001
0.7399979999999999
0.76878
0.7961710000000001
0.821767
0.845748
0.868418
0.8891800000000001
0.907816
0.924928
0.939674
0.952903
0.964083
0.972738
0.979286
0.984712
0.9892029999999999
0.9927619999999999
0.9953640000000001
0.998428
1.00348
1.00631
1.0093
1.01146
1.0146199999999999
1.01675
1.01974
1.02227
1.0241799999999999
1.02662
1.02914
1.03179
1.03443
1.0363
1.0389799999999998
1.0415
1.0434400000000001
1.04599
1.04735
1.05017
1.05258
1.0548
1.05736
1.0594999999999999
1.06212
1.06428
1.06641
1.0690199999999999
1.0711600000000001
1.07351
1.07613
1.07822
1.0808
1.08348
1.08584
1.08854
1.0912700000000002
1.09385
1.09694
1.09984
1.10278
1.10575
1.1087799999999999
1.1118899999999998

Vgs: 4.0
6.78114e-05
0.056022800000000005
0.11036699999999999
0.163489
0.215573
0.266721
0.316807
0.365862
0.41397100000000003
0.461009
0.507027
0.552023
0.595981
0.6388919999999999
0.6807179999999999
0.721534
0.761188
0.799623
0.836983
0.873093
0.907921
0.9411390000000001
0.973416
1.0057099999999999
1.03508
1.06305
1.08949
1.1143399999999999
1.1374600000000001
1.15893
1.17858
1.19643
1.21235
1.22647
1.23843
1.2485300000000001
1.25647
1.26255
1.26758
1.27165
1.27522
1.27846
1.28162
1.28465
1.28765
1.29035
1.2930000000000001
1.2958699999999999
1.29846
1.3013000000000001
1.30377
1.30637
1.3090300000000001
1.3114999999999999
1.31393
1.31637
1.31887
1.32131
1.32348
1.32598
1.3284099999999999
1.3307200000000001
1.33307
1.3354599999999999
1.3376
1.3401299999999998
1.34257
1.34501
1.34713
1.34964
1.35211
1.35467
1.3572499999999998
1.35984
1.36223
1.36497
1.36781
1.3706600000000002
1.37352
1.3763
1.3793900000000001

Vgs: 4.5
7.93102e-05
0.0598004
0.11801
0.17508
0.231235
0.286489
0.340813
0.39419
0.44676299999999997
0.498348
0.5490659999999999
0.598924
0.647842
0.695934
0.743039
0.789231
0.834541
0.8787820000000001
0.922099
0.964325
1.00708
1.0467899999999999
1.08581
1.12353
1.1602
1.1955
1.2296099999999999
1.2621900000000001
1.29352
1.32346
1.3519
1.3788699999999998
1.40417
1.42804
1.4502
1.4706599999999999
1.48929
1.5060099999999998
1.5209
1.53406
1.54501
1.55434
1.56158
1.56738
1.57221
1.57626
1.57986
1.5831899999999999
1.58646
1.58956
1.59264
1.59562
1.5984
1.60085
1.60396
1.60676
1.60934
1.61212
1.61439
1.61731
1.61984
1.6223800000000002
1.625
1.62742
1.6296
1.63251
1.63488
1.63721
1.6397199999999998
1.6415600000000001
1.6444999999999999
1.6469500000000001
1.6494
1.6520000000000001
1.6543
1.6569099999999999
1.65967
1.66187
1.66505
1.66787
1.6709699999999998

Vgs: 5.0
5.9289999999999996e-05
0.0631722
0.124843
0.185431
0.245225
0.30416299999999996
0.362271
0.419559
0.47605
0.531759
0.586688
0.6408689999999999
0.6943
0.746562
0.798626
0.8495710000000001
0.899988
0.949454
0.9976889999999999
1.0472000000000001
1.09417
1.1393499999999999
1.18454
1.22828
1.2712299999999999
1.31291
1.35357
1.39302
1.4313
1.46834
1.50405
1.5387199999999999
1.57155
1.60348
1.63409
1.66305
1.6903700000000002
1.7149800000000002
1.74035
1.76285
1.78467
1.8041699999999998
1.82127
1.8369300000000002
1.8512
1.86334
1.87079
1.8819100000000002
1.88714
1.89426
1.89846
1.9028999999999998
1.90661
1.90987
1.91349
1.91675
1.91984
1.92277
1.926
1.92883
1.93188
1.93437
1.93725
1.9402300000000001
1.94275
1.9455900000000002
1.94739
1.95065
1.9534600000000002
1.95588
1.9586400000000002
1.96111
1.9632500000000002
1.9661499999999998
1.96859
1.9712200000000002
1.9738099999999998
1.9758699999999998
1.9789700000000001
1.98174
1.98429

Vgs: 5.5
6.913609999999999e-05
0.0662147
0.13098100000000001
0.194779
0.25783300000000003
0.320057
0.381587
0.442359
0.502448
0.5618249999999999
0.6205269999999999
0.678608
0.7360570000000001
0.792632
0.848982
0.904395
0.959263
1.0147599999999999
1.06822
1.12079
1.17253
1.22303
1.27294
1.32203
1.3705
1.41762
1.4640300000000002
1.50946
1.5528499999999998
1.5966699999999998
1.63844
1.6800199999999998
1.71951
1.7579399999999998
1.79592
1.83199
1.86659
1.90076
1.93302
1.96415
1.99387
2.02171
2.04867
2.07334
2.09658
2.11905
2.13845
2.15724
2.17437
2.1895700000000002
2.2029300000000003
2.2144500000000003
2.22301
2.23136
2.23785
2.24331
2.24785
2.25094
2.25533
2.25916
2.26255
2.26596
2.26894
2.2722599999999997
2.27545
2.2783
2.28135
2.2842499999999997
2.28701
2.28967
2.2926499999999996
2.29517
2.29819
2.29896
2.30273
2.3050800000000002
2.30844
2.31093
2.3126700000000002
2.3159199999999998
2.31889

Vgs: 6.0
5.6205699999999996e-05
0.068959
0.13655899999999999
0.203209
0.26916
0.33446000000000004
0.399037
0.462963
0.526249
0.588882
0.6511070000000001
0.7126899999999999
0.773797
0.8343820000000001
0.894069
0.9538380000000001
1.01422
1.07251
1.12999
1.18693
1.24339
1.2982600000000002
1.35323
1.40706
1.46042
1.51281
1.56423
1.61483
1.66438
1.71297
1.76076
1.80758
1.85331
1.89804
1.9413500000000001
1.98403
2.02581
2.0659
2.10525
2.14299
2.17981
2.21542
2.24921
2.28187
2.31389
2.34333
2.3723199999999998
2.40001
2.42552
2.4496
2.4724299999999997
2.49305
2.5131900000000003
2.52999
2.5467
2.5610899999999996
2.57363
2.58442
2.59312
2.60059
2.6065300000000002
2.6116300000000003
2.61634
2.6194
2.6229299999999998
2.6276300000000004
2.6303300000000003
2.6342700000000003
2.6366699999999996
2.6399399999999997
2.6436200000000003
2.64603
2.6501699999999997
2.65321
2.6549400000000003
2.6584600000000003
2.6616299999999997
2.66437
2.66765
2.66969
2.6728099999999997

Vgs: 6.5
3.8463099999999994e-05
0.0714376
0.141602
0.21087699999999998
0.279512
0.347459
0.414808
0.481591
0.547863
0.613637
0.678505
0.743326
0.807891
0.871789
0.935562
0.998554
1.0627099999999998
1.12477
1.18644
1.24747
1.30769
1.3669699999999998
1.42635
1.48456
1.54247
1.59919
1.6553799999999999
1.7106700000000001
1.76497
1.8189199999999999
1.8714
1.92273
1.9746199999999998
2.02439
2.07381
2.12219
2.16882
2.21557
2.26056
2.30448
2.34757
2.38917
2.43016
2.46969
2.5078
2.54518
2.5812500000000003
2.6151999999999997
2.64906
2.6793799999999997
2.71095
2.74033
2.76722
2.79512
2.81903
2.84293
2.86496
2.88523
2.9044399999999997
2.92128
2.9363
2.95011
2.9619400000000002
2.9714799999999997
2.9798799999999996
2.98704
2.9924600000000003
2.99765
3.00205
3.00614
3.0092
3.01402
3.01505
3.02055
3.0235000000000003
3.02789
3.03049
3.0341500000000003
3.03737
3.0405900000000003
3.04304

Vgs: 7.0
3.97134e-05
0.0736802
0.146116
0.21773499999999998
0.288767
0.359208
0.42904
0.49841399999999997
0.567316
0.635855
0.703844
0.771244
0.8390519999999999
0.906078
0.973053
1.04101
1.1071600000000001
1.1728299999999998
1.23795
1.3027099999999998
1.3665800000000001
1.42978
1.4929299999999999
1.55517
1.61704
1.67791
1.73865
1.79824
1.85708
1.9154499999999999
1.97225
2.0290299999999997
2.08504
2.13998
2.19403
2.2473699999999996
2.29956
2.35087
2.40147
2.4505500000000002
2.49913
2.54522
2.593
2.63836
2.68289
2.7258
2.7683
2.80929
2.8492800000000003
2.88788
2.92547
2.9620599999999997
2.99629
3.03089
3.06325
3.09435
3.12453
3.15176
3.17894
3.2057
3.2284
3.25225
3.27232
3.29253
3.31042
3.32563
3.34126
3.3534200000000003
3.36374
3.37467
3.3824300000000003
3.3883799999999997
3.3945600000000002
3.40017
3.4033800000000003
3.40849
3.4128600000000002
3.41613
3.42035
3.42342
3.42682

Vgs: 7.5
9.346590000000001e-05
0.0757212
0.15018900000000002
0.223874
0.297046
0.369564
0.441796
0.513481
0.584802
0.655785
0.726498
0.796915
0.86725
0.937195
1.0083799999999998
1.07781
1.14721
1.2158900000000001
1.2845300000000002
1.35249
1.4201400000000002
1.48661
1.5533700000000001
1.61923
1.68495
1.7495500000000002
1.81369
1.8775300000000001
1.94032
2.0028699999999997
2.0643
2.12512
2.18541
2.24439
2.3032600000000003
2.3606399999999996
2.41689
2.47399
2.52858
2.5830800000000003
2.6369800000000003
2.6894699999999996
2.74102
2.79153
2.84159
2.89072
2.9380100000000002
2.9849
3.0310699999999997
3.07538
3.11924
3.1619099999999998
3.20384
3.24396
3.28315
3.32043
3.3580200000000002
3.3929899999999997
3.4278500000000003
3.4601200000000003
3.49166
3.52308
3.55196
3.5801700000000003
3.6061199999999998
3.63072
3.65436
3.6766099999999997
3.6967800000000004
3.71589
3.73217
3.74823
3.76229
3.77461
3.7852200000000003
3.7943700000000002
3.80107
3.8083
3.8128900000000003
3.81878
3.82318

Vgs: 8.0
2.2043099999999997e-06
0.0774854
0.153748
0.229294
0.304344
0.378931
0.453028
0.526744
0.600262
0.673447
0.7464550000000001
0.819325
0.891969
0.9647020000000001
1.03875
1.11095
1.18271
1.2547599999999999
1.32625
1.3973799999999998
1.46802
1.5376299999999998
1.60772
1.67711
1.74605
1.81451
1.88205
1.9492800000000001
2.0160500000000003
2.08238
2.1476300000000004
2.21241
2.27617
2.33978
2.40259
2.46458
2.52564
2.58606
2.64573
2.70499
2.76288
2.8204100000000003
2.87668
2.93186
2.98704
3.0407699999999998
3.0936000000000003
3.14535
3.19627
3.24667
3.2957199999999998
3.34401
3.3909700000000003
3.43649
3.4811
3.5261899999999997
3.5686099999999996
3.6104700000000003
3.6508000000000003
3.6905200000000002
3.72946
3.76672
3.80279
3.8375000000000004
3.8709000000000002
3.90342
3.93426
3.9639999999999995
3.9926500000000003
4.01958
4.04528
4.06937
4.0920499999999995
4.113440000000001
4.13211
4.14989
4.1676400000000005
4.18032
4.19475
4.20716
4.21716
