Vgs range: 0,8,0.1
Vds range: 0,8,0.5

Vgs: 0.0
4.60123e-05
4.52371e-05
4.84281e-05
4.93737e-05
5.27614e-05
5.60621e-05
5.92318e-05
6.662709999999999e-05
6.71869e-05
7.1064e-05
7.58572e-05
7.95369e-05
8.29751e-05
8.431000000000001e-05
8.49595e-05
8.46647e-05
8.40051e-05
8.48511e-05
8.51502e-05
8.99176e-05
0.00013753099999999998
0.00013426899999999998
0.000134058
0.00014313299999999999
0.000138797
0.00015033400000000001
0.000148774
0.000154054
0.00015388
0.000158443
0.00015564399999999998
0.000159532
0.000162502
0.000160421
0.000163456
0.000164405
0.000167322
0.000163428
0.00016836799999999998
0.000165788
0.000166765
0.000171036
0.000168184
0.00017079200000000001
0.000165168
0.000169354
0.000166658
0.000165384
0.000162053
0.000169089
0.000165701
0.00016730800000000002
0.000165255
0.00016612799999999998
0.000162587
0.000163899
0.000163309
0.00016171599999999998
0.000161778
0.000156134
0.000160336
0.00015786
0.000155494
0.000156212
0.000156149
0.000153248
0.000151053
0.000152385
0.000151709
0.000147038
0.000147133
0.00014439799999999998
0.000143607
0.000138906
0.000136876
0.000136508
0.00012926799999999998
0.000122719
0.000122819
0.00011919199999999999
0.000106504

Vgs: 0.5
0.0119095
0.0119112
0.011955200000000001
0.012128499999999999
0.0131043
0.0158412
0.020798800000000003
0.0279292
0.037568899999999995
0.0488891
0.0608905
0.0728844
0.0840244
0.09507059999999999
0.107109
0.11514200000000001
0.124084
0.132864
0.141383
0.149032
0.156695
0.164008
0.170177
0.17771900000000002
0.184184
0.190613
0.196709
0.2027
0.208234
0.21396300000000001
0.219179
0.22453499999999998
0.229691
0.23438699999999998
0.23940499999999998
0.244018
0.24861399999999997
0.25317999999999996
0.257579
0.261745
0.26602499999999996
0.270252
0.2741
0.278035
0.281905
0.285703
0.289368
0.292915
0.296437
0.299947
0.303366
0.306722
0.309979
0.31315
0.316367
0.319345
0.322329
0.325428
0.328279
0.331058
0.333829
0.336026
0.339237
0.34186
0.34441099999999997
0.34698
0.34907200000000005
0.351814
0.354128
0.356469
0.358737
0.36093600000000003
0.363162
0.365231
0.367346
0.369374
0.371348
0.373315
0.375171
0.377037
0.378807

Vgs: 1.0
0.0224095
0.022411800000000003
0.0224731
0.0226676
0.0236999
0.026509400000000002
0.0315215
0.038828800000000004
0.048667
0.0606367
0.0744402
0.0903612
0.11164099999999999
0.12767099999999998
0.148468
0.169939
0.19090000000000001
0.210688
0.230271
0.24807300000000002
0.265802
0.282215
0.29816899999999996
0.313127
0.327687
0.341814
0.355273
0.36829700000000004
0.38056199999999996
0.392749
0.40465
0.416053
0.427098
0.43769600000000003
0.44804099999999997
0.458428
0.468465
0.47795200000000004
0.487316
0.496494
0.50552
0.5142869999999999
0.522942
0.531303
0.539495
0.5476380000000001
0.55536
0.563149
0.570551
0.577963
0.585213
0.592252
0.599241
0.606051
0.612756
0.619358
0.6256229999999999
0.632167
0.638251
0.644308
0.65036
0.656055
0.661853
0.666963
0.6729229999999999
0.678261
0.6834490000000001
0.6885479999999999
0.693635
0.698627
0.70351
0.708181
0.712853
0.717396
0.721908
0.72624
0.730485
0.734741
0.7388269999999999
0.742858
0.746668

Vgs: 1.5
0.0326205
0.0326213
0.032702300000000004
0.0329202
0.034007600000000006
0.036906400000000006
0.0420662
0.0493643
0.0592313
0.07142449999999999
0.0852893
0.104454
0.119267
0.138895
0.16054000000000002
0.183828
0.208602
0.23456400000000002
0.262988
0.29064100000000004
0.32008299999999995
0.348468
0.375556
0.400169
0.425306
0.448913
0.471708
0.493407
0.514935
0.534493
0.553952
0.572796
0.591013
0.608433
0.625428
0.642293
0.658451
0.674026
0.689472
0.70414
0.718878
0.7327670000000001
0.746889
0.760343
0.7737269999999999
0.786746
0.799144
0.8119120000000001
0.823766
0.835813
0.847487
0.858695
0.87013
0.88102
0.891521
0.902485
0.912705
0.923352
0.932908
0.9427949999999999
0.95286
0.961708
0.9710730000000001
0.980073
0.989081
0.998026
1.0093999999999999
1.0162
1.0244099999999998
1.0324
1.04048
1.04801
1.05569
1.0631
1.07046
1.07763
1.08462
1.09077
1.0982100000000001
1.10473
1.11123

Vgs: 2.0
0.042622
0.0426256
0.042719400000000005
0.0429502
0.0440874
0.0470193
0.0521682
0.059729199999999996
0.0698653
0.08180380000000001
0.0957516
0.11495899999999999
0.129507
0.149875
0.17127799999999999
0.195188
0.219693
0.246497
0.274537
0.304691
0.334588
0.366655
0.399995
0.43452999999999997
0.469144
0.5041680000000001
0.539372
0.572025
0.60285
0.63249
0.661894
0.690302
0.717072
0.742715
0.7686649999999999
0.792592
0.816039
0.839664
0.859381
0.8823700000000001
0.903795
0.924123
0.944246
0.963745
0.9829579999999999
1.0066899999999999
1.02145
1.0392299999999999
1.05632
1.07448
1.09121
1.10695
1.12298
1.1385
1.15435
1.1695
1.1841
1.19888
1.21371
1.22732
1.2410299999999999
1.2539
1.2678800000000001
1.2808599999999999
1.2938699999999999
1.30638
1.31852
1.3309000000000002
1.34257
1.35446
1.36556
1.37674
1.3879599999999999
1.39896
1.4091399999999998
1.41971
1.42946
1.43954
1.44917
1.45913
1.4681799999999998

Vgs: 2.5
0.0524558
0.0524627
0.0525673
0.0528148
0.0539772
0.0570895
0.0621019
0.0697295
0.0796978
0.0916313
0.108645
0.12203
0.139832
0.160132
0.181514
0.205269
0.231077
0.257089
0.285059
0.315818
0.345918
0.37852600000000003
0.412038
0.447001
0.483495
0.522556
0.559804
0.600701
0.636556
0.679713
0.7203539999999999
0.7594700000000001
0.797264
0.8330740000000001
0.8695390000000001
0.902285
0.934868
0.96656
0.9965670000000001
1.03384
1.0569799999999998
1.08433
1.11199
1.1391699999999998
1.16486
1.18951
1.21404
1.2391100000000002
1.26177
1.28488
1.30782
1.32909
1.35167
1.37192
1.39298
1.4133
1.43309
1.45282
1.47224
1.49165
1.50949
1.52745
1.54599
1.56254
1.57989
1.59698
1.6129499999999999
1.62952
1.64575
1.66125
1.67637
1.68916
1.7059499999999999
1.72041
1.73462
1.7485300000000001
1.76192
1.77577
1.78882
1.80128
1.81382

Vgs: 3.0
0.0621565
0.06215949999999999
0.062276700000000004
0.0625417
0.06374189999999999
0.0667485
0.0720522
0.079928
0.08961509999999999
0.104135
0.11645499999999999
0.132251
0.150639
0.17027899999999999
0.191805
0.21542999999999998
0.240682
0.267205
0.296028
0.32525400000000004
0.357204
0.390154
0.42339299999999996
0.458157
0.49510000000000004
0.532948
0.572825
0.61233
0.6486200000000001
0.696084
0.7398399999999999
0.78363
0.828965
0.8741639999999999
0.920233
0.965312
1.0181
1.05186
1.09213
1.13141
1.16992
1.20733
1.24465
1.2775
1.3125
1.3442599999999998
1.37588
1.40747
1.43823
1.4677399999999998
1.49715
1.5261300000000002
1.55307
1.58118
1.60795
1.63415
1.65825
1.68391
1.70861
1.73336
1.75637
1.77782
1.80223
1.8246499999999999
1.84656
1.86816
1.87258
1.87277
1.87283
1.87285
1.87292
1.87297
1.87296
1.95554
2.04289
2.0624900000000004
2.08043
2.09715
2.11415
2.13034
2.14675

Vgs: 3.5
0.0717198
0.0717303
0.0718583
0.0721348
0.0733387
0.07640240000000001
0.0817068
0.08933379999999999
0.0995168
0.113992
0.125864
0.14222400000000002
0.16025499999999998
0.180827
0.20158099999999998
0.22569899999999998
0.25081000000000003
0.278094
0.30605600000000005
0.335291
0.367133
0.39989
0.434012
0.46904599999999996
0.505942
0.544356
0.5834090000000001
0.624211
0.664964
0.709662
0.7533219999999999
0.797726
0.843343
0.889702
0.938489
0.988122
1.04788
1.0888600000000002
1.14051
1.18906
1.23736
1.28481
1.32409
1.3761400000000001
1.41904
1.46087
1.5010100000000002
1.5410300000000001
1.57934
1.61745
1.65426
1.68959
1.72471
1.75853
1.79287
1.82523
1.8565999999999998
1.8883299999999998
1.91873
1.94914
1.97965
2.00714
2.03634
2.06366
2.09123
2.11757
2.14352
2.16987
2.19438
2.22058
2.2447600000000003
2.26518
2.2910399999999997
2.31401
2.33656
2.35853
2.38009
2.40178
2.42246
2.44323
2.46343

Vgs: 4.0
0.0811717
0.081177
0.08131759999999999
0.08160250000000001
0.0828587
0.0858597
0.0913007
0.09898219999999999
0.111055
0.12113299999999999
0.135532
0.151853
0.16969
0.190207
0.21163700000000002
0.23583400000000002
0.26124600000000003
0.287979
0.31631699999999996
0.34371999999999997
0.377963
0.41179299999999996
0.44469000000000003
0.48051499999999997
0.518052
0.555202
0.594604
0.635212
0.6763640000000001
0.7203179999999999
0.7641870000000001
0.8093199999999999
0.85582
0.904546
0.9509110000000001
1.01209
1.05261
1.1048900000000001
1.15644
1.20944
1.2633500000000002
1.31755
1.37255
1.42748
1.4806000000000001
1.53383
1.5844500000000001
1.63397
1.68171
1.7296
1.77465
1.8183699999999998
1.86215
1.90388
1.94526
1.98567
2.0251900000000003
2.06483
2.10041
2.13735
2.17254
2.2073
2.24234
2.27569
2.30941
2.34307
2.3742199999999998
2.40177
2.43585
2.46611
2.49526
2.52455
2.55247
2.57962
2.60723
2.63396
2.66004
2.6864100000000004
2.7114700000000003
2.7360499999999996
2.76096

Vgs: 4.5
0.0904984
0.0905059
0.09066629999999999
0.09096829999999999
0.0922235
0.09536019999999999
0.101954
0.10867800000000001
0.118514
0.130891
0.14511
0.16143000000000002
0.17938099999999998
0.200087
0.221936
0.24588000000000002
0.27076100000000003
0.297681
0.326172
0.351718
0.387422
0.420439
0.45480899999999996
0.489676
0.526998
0.565448
0.605316
0.645616
0.68706
0.732118
0.7758809999999999
0.82111
0.867512
0.915143
0.963635
1.02459
1.06565
1.11732
1.1695200000000001
1.22273
1.27845
1.3331199999999999
1.38303
1.4469299999999998
1.5046
1.5636700000000001
1.62148
1.68164
1.7410100000000002
1.79894
1.85406
1.90653
1.9591600000000002
2.01038
2.06242
2.11097
2.1560300000000003
2.2030399999999997
2.24792
2.29291
2.3360999999999996
2.3773
2.4189
2.45997
2.49906
2.53818
2.57316
2.61436
2.64906
2.68615
2.72097
2.75488
2.7890900000000003
2.8221700000000003
2.85603
2.88704
2.91729
2.94983
2.97837
3.00849
3.03689

Vgs: 5.0
0.099738
0.0997484
0.0999148
0.100337
0.10157000000000001
0.10467800000000001
0.110023
0.118133
0.12806199999999998
0.140296
0.154779
0.171145
0.188966
0.209309
0.23141899999999999
0.255937
0.280822
0.307382
0.336216
0.365826
0.39708499999999997
0.430351
0.464764
0.500077
0.53862
0.5766439999999999
0.615747
0.6562910000000001
0.698271
0.7412770000000001
0.786193
0.8325640000000001
0.879174
0.926221
0.975282
1.0363200000000001
1.07766
1.13007
1.18145
1.23525
1.29168
1.34683
1.40409
1.4621
1.5203300000000002
1.5800400000000001
1.6394300000000002
1.70051
1.76156
1.82397
1.88673
1.94875
2.01213
2.0727599999999997
2.13328
2.19433
2.25091
2.30583
2.3592999999999997
2.4121099999999998
2.46347
2.51353
2.56398
2.6115399999999998
2.65788
2.70349
2.74911
2.7928900000000003
2.8363799999999997
2.87959
2.91934
2.95951
2.99981
3.0388699999999997
3.07867
3.1157899999999996
3.15145
3.1889499999999997
3.22222
3.25742
3.29151

Vgs: 5.5
0.108885
0.108888
0.10906800000000001
0.109391
0.110745
0.11399300000000001
0.11934
0.127031
0.13733199999999998
0.149889
0.164054
0.18046800000000002
0.198466
0.219223
0.241058
0.26480299999999996
0.287494
0.316941
0.346396
0.37626899999999996
0.40738800000000003
0.44061
0.47605899999999995
0.510442
0.547468
0.5860270000000001
0.625799
0.667106
0.7086049999999999
0.751761
0.796762
0.843765
0.889399
0.937195
0.98574
1.04755
1.08876
1.1408399999999999
1.1932
1.24778
1.30491
1.36115
1.41629
1.4745
1.53304
1.59352
1.6525299999999998
1.7150100000000001
1.77658
1.84067
1.90398
1.9679300000000002
2.03372
2.0984
2.1613499999999997
2.2331600000000003
2.2973500000000002
2.36427
2.42714
2.49016
2.55148
2.61005
2.6687
2.7247999999999997
2.7816899999999998
2.83594
2.8879
2.94173
2.98949
3.03997
3.08816
3.1346600000000002
3.18181
3.2285500000000003
3.27159
3.31566
3.35839
3.4006700000000003
3.44055
3.48113
3.5206500000000003

Vgs: 6.0
0.11791399999999999
0.11793100000000001
0.118112
0.118435
0.11977800000000001
0.12300799999999999
0.12843300000000002
0.13640200000000002
0.146987
0.159054
0.173496
0.190287
0.20798
0.22880599999999998
0.250148
0.27434600000000003
0.299894
0.32464
0.355647
0.385275
0.416914
0.450405
0.484675
0.520346
0.557508
0.597696
0.635801
0.678172
0.720003
0.763162
0.807792
0.853345
0.900029
0.9481440000000001
0.9983369999999999
1.05843
1.09961
1.15425
1.2048
1.26103
1.31492
1.3714199999999999
1.4285299999999999
1.48664
1.54535
1.60498
1.66827
1.72798
1.79009
1.85708
1.91851
1.98243
2.0499300000000003
2.11601
2.1822999999999997
2.2523500000000003
2.3183000000000002
2.38762
2.45634
2.52655
2.5961
2.66482
2.73274
2.7997400000000003
2.86539
2.93054
2.9895400000000003
3.0515999999999996
3.1104000000000003
3.16867
3.22411
3.27807
3.33369
3.384
3.43596
3.48677
3.5366199999999997
3.58518
3.63167
3.6783900000000003
3.72456

Vgs: 6.5
0.126938
0.126947
0.127137
0.12748600000000002
0.128558
0.132101
0.137661
0.145439
0.15573700000000001
0.168688
0.183291
0.19925199999999998
0.217473
0.238242
0.260156
0.283962
0.3094
0.336316
0.365344
0.39608299999999996
0.42712700000000003
0.46046200000000004
0.49464699999999995
0.530008
0.5670090000000001
0.606201
0.64611
0.686897
0.728666
0.774264
0.817913
0.8642380000000001
0.910617
0.953504
1.01877
1.05964
1.11079
1.1600899999999998
1.2158099999999998
1.27016
1.3263
1.3845999999999998
1.4409100000000001
1.4984
1.55836
1.6180400000000001
1.67871
1.7438799999999999
1.80295
1.8674600000000001
1.93459
1.9965400000000002
2.0629899999999997
2.1435
2.19887
2.26682
2.33516
2.4044399999999997
2.4745
2.54564
2.61858
2.68865
2.7616799999999997
2.83438
2.9071499999999997
2.97999
3.0498399999999997
3.1198799999999998
3.18789
3.25616
3.32105
3.38413
3.44798
3.50718
3.56838
3.6261
3.6812899999999997
3.73779
3.79221
3.84543
3.89802

Vgs: 7.0
0.13581100000000002
0.135825
0.136025
0.13638499999999998
0.137779
0.14109100000000002
0.146596
0.154581
0.165281
0.177468
0.192139
0.209013
0.22704100000000002
0.244418
0.26987099999999997
0.29474999999999996
0.319201
0.34617
0.375093
0.405682
0.437332
0.470456
0.5050709999999999
0.541185
0.57822
0.617184
0.656443
0.6970360000000001
0.738845
0.7830969999999999
0.828066
0.8750570000000001
0.91636
0.968789
1.0293999999999999
1.0721100000000001
1.12108
1.17405
1.22671
1.28118
1.3377700000000001
1.39417
1.45189
1.50951
1.57033
1.63151
1.69061
1.7536699999999998
1.8157699999999999
1.88116
1.94621
2.00949
2.07618
2.14217
2.21142
2.2762
2.3478399999999997
2.41827
2.48958
2.56169
2.63408
2.7060500000000003
2.7793900000000002
2.85338
2.92826
3.0052
3.0790800000000003
3.1524199999999998
3.2272999999999996
3.3030199999999996
3.37805
3.44956
3.5250899999999996
3.5913
3.6540399999999997
3.7274399999999996
3.79257
3.8573600000000003
3.9193800000000003
3.9802300000000006
4.04086

Vgs: 7.5
0.14457399999999998
0.144588
0.144797
0.145144
0.14659
0.14997400000000002
0.155463
0.163601
0.173964
0.18644000000000002
0.201393
0.217966
0.23627
0.257005
0.278806
0.303006
0.328872
0.35566200000000003
0.384585
0.41572499999999996
0.446444
0.480434
0.510385
0.549982
0.587646
0.626988
0.666493
0.708222
0.7510079999999999
0.794708
0.839125
0.886547
0.931705
0.979733
1.0401799999999999
1.0811499999999998
1.1319
1.18494
1.23794
1.29257
1.3483399999999999
1.40697
1.46261
1.52228
1.58298
1.6394199999999999
1.7026400000000002
1.76525
1.8271
1.89171
1.9579499999999999
2.02173
2.08785
2.15516
2.22664
2.29245
2.36213
2.43275
2.5028300000000003
2.57584
2.6472700000000002
2.7202900000000003
2.7948600000000003
2.87092
2.9381899999999996
3.01922
3.0946
3.17185
3.2483899999999997
3.32637
3.4045799999999997
3.4847200000000003
3.5596
3.63923
3.71493
3.79049
3.86438
3.9397800000000003
4.01037
4.07955
4.14937

Vgs: 8.0
0.15329600000000002
0.153302
0.153541
0.153918
0.155354
0.158812
0.16443
0.172653
0.182827
0.19557
0.210135
0.226745
0.245507
0.266644
0.28836999999999996
0.312892
0.338294
0.365254
0.394235
0.424258
0.45678500000000005
0.490681
0.5262129999999999
0.560301
0.597754
0.6370870000000001
0.677283
0.71911
0.760166
0.803936
0.849115
0.8953169999999999
0.9437220000000001
0.990009
1.05124
1.09183
1.1431499999999999
1.1972
1.24943
1.30455
1.36026
1.41623
1.47413
1.53278
1.5864200000000002
1.65238
1.71327
1.77901
1.83962
1.90479
1.9699399999999998
2.0339899999999997
2.10232
2.16747
2.23769
2.3051399999999997
2.37522
2.44625
2.5157000000000003
2.5908200000000003
2.66414
2.73357
2.8090900000000003
2.88037
2.9588900000000002
3.03564
3.11005
3.18775
3.2651999999999997
3.34755
3.4221
3.5007699999999997
3.5816500000000002
3.65914
3.7407600000000003
3.82322
3.90142
3.9818800000000003
4.0607999999999995
4.14128
4.21687
