Vgs range: 0,8,0.1
Vds range: 0,8,0.5

Vgs: 0.0
4.43506e-05
4.4707e-05
4.6780199999999996e-05
4.82541e-05
4.87929e-05
5.18642e-05
5.6038399999999995e-05
5.7699800000000006e-05
6.11477e-05
6.54873e-05
7.19908e-05
7.237839999999999e-05
7.58276e-05
8.055619999999999e-05
8.27661e-05
8.55895e-05
8.78708e-05
9.13953e-05
9.08085e-05
9.43469e-05
9.67073e-05
9.75185e-05
9.96462e-05
0.00012628299999999998
0.000131843
0.00013235099999999998
0.000138501
0.000138293
0.000139457
0.000144917
0.000145776
0.000148354
0.000150049
0.000152161
0.000152942
0.000151845
0.00015541899999999998
0.000152507
0.000156382
0.00015831
0.000160417
0.000160077
0.000158543
0.000161283
0.00015925
0.00016252
0.000163059
0.00016474100000000001
0.000161934
0.00015870699999999998
0.000158531
0.000154615
0.00015872
0.000157402
0.000161139
0.000154546
0.000160041
0.000156829
0.000159552
0.000155407
0.00015665499999999998
0.00015227600000000002
0.000156921
0.000153749
0.000150044
0.000149577
0.00014829
0.000149231
0.000144981
0.000146417
0.00014212600000000001
0.000142309
0.000140948
0.000138186
0.000132342
0.000132081
0.000130664
0.000121409
0.000118583
0.000113001
0.000107589

Vgs: 0.5
0.011937099999999999
0.0119398
0.011981700000000001
0.012094599999999999
0.0131327
0.015883699999999997
0.020828299999999998
0.0283569
0.0368029
0.0493387
0.0608167
0.0728626
0.084067
0.09506049999999999
0.107169
0.115042
0.12432900000000001
0.13284200000000002
0.14158199999999999
0.14909799999999998
0.15683
0.164153
0.171183
0.17791099999999999
0.184416
0.190772
0.196879
0.202702
0.208349
0.213954
0.21939799999999998
0.224662
0.229716
0.23459500000000003
0.239455
0.24424400000000002
0.248966
0.253391
0.257776
0.262021
0.266364
0.270324
0.274356
0.278412
0.282171
0.28599600000000003
0.289711
0.293261
0.296736
0.30026800000000003
0.303712
0.306991
0.310261
0.313448
0.316659
0.319739
0.322524
0.325624
0.328458
0.331416
0.334192
0.336836
0.339599
0.342181
0.344786
0.347394
0.349811
0.352207
0.354573
0.35694600000000004
0.35920199999999997
0.361407
0.363537
0.365674
0.367824
0.368154
0.368175
0.368139
0.368147
0.368131
0.368115

Vgs: 1.0
0.022468099999999998
0.022469000000000003
0.0225308
0.022734
0.0237635
0.0265905
0.031551699999999995
0.0390004
0.048847999999999996
0.060912
0.0752056
0.090749
0.11172599999999999
0.12781700000000001
0.14858
0.16994800000000002
0.191394
0.21096
0.23002299999999998
0.248409
0.265785
0.281684
0.298813
0.31346
0.32792
0.34221
0.355571
0.36906100000000003
0.380866
0.393313
0.404874
0.41640900000000003
0.427485
0.43807999999999997
0.448548
0.456862
0.468544
0.478328
0.48775
0.49675
0.505865
0.514688
0.523329
0.5320130000000001
0.539933
0.547913
0.5556829999999999
0.563484
0.570874
0.578408
0.5857129999999999
0.592761
0.59983
0.60653
0.613181
0.619938
0.62641
0.6325379999999999
0.638587
0.6437860000000001
0.650646
0.656587
0.6624340000000001
0.667852
0.6732899999999999
0.6789040000000001
0.683965
0.6891440000000001
0.694164
0.699223
0.70425
0.708772
0.7135060000000001
0.71821
0.7224799999999999
0.726869
0.731123
0.7354590000000001
0.7394069999999999
0.7434040000000001
0.7473920000000001

Vgs: 1.5
0.032704699999999996
0.0327068
0.0327813
0.0330058
0.034081400000000005
0.0369904
0.042029500000000004
0.0494663
0.0594072
0.0714767
0.0853333
0.104559
0.119023
0.139226
0.160244
0.183802
0.208488
0.234164
0.262383
0.29037799999999997
0.319394
0.347982
0.375296
0.400194
0.42494499999999996
0.44924400000000003
0.471784
0.49372999999999995
0.514324
0.534882
0.5542290000000001
0.573076
0.591154
0.608852
0.6257940000000001
0.642637
0.6589
0.674812
0.689426
0.704372
0.719283
0.733193
0.747216
0.760961
0.774242
0.787169
0.799501
0.812007
0.8241639999999999
0.83629
0.84812
0.8591840000000001
0.870594
0.8815989999999999
0.892266
0.902754
0.9132450000000001
0.92351
0.9336690000000001
0.943271
0.95282
0.962202
0.9715550000000001
0.9804959999999999
0.989646
0.9983559999999999
1.01012
1.01686
1.02489
1.03312
1.04118
1.04894
1.0566099999999998
1.06382
1.07139
1.07865
1.08532
1.09233
1.09918
1.10585
1.1119

Vgs: 2.0
0.0427276
0.042728600000000005
0.0428238
0.0430562
0.0441795
0.0471115
0.0522306
0.0597604
0.0696346
0.0817937
0.0959563
0.115064
0.129726
0.149787
0.171397
0.194806
0.220249
0.246251
0.27001899999999995
0.303701
0.334593
0.367046
0.399941
0.43382400000000004
0.468862
0.504187
0.5382709999999999
0.5710529999999999
0.602256
0.6337060000000001
0.662081
0.6897760000000001
0.716602
0.7426149999999999
0.767919
0.792657
0.8166
0.836822
0.860993
0.882571
0.903624
0.924075
0.9444870000000001
0.964177
0.983118
1.00673
1.02137
1.0392299999999999
1.05725
1.07389
1.0906900000000002
1.10697
1.1231900000000001
1.13907
1.1545699999999999
1.16997
1.18461
1.1993500000000001
1.21349
1.22814
1.24163
1.25524
1.2686600000000001
1.28142
1.29416
1.30687
1.3189499999999998
1.3314100000000002
1.34289
1.35509
1.3656899999999998
1.37689
1.3883299999999998
1.3989
1.4096499999999998
1.4200300000000001
1.4298600000000001
1.44007
1.44951
1.45925
1.4687299999999999

Vgs: 2.5
0.0525919
0.0525962
0.0527
0.052943199999999996
0.0541392
0.0570964
0.062355999999999995
0.0698367
0.0797748
0.0919066
0.108759
0.12212599999999998
0.140451
0.16072999999999998
0.182513
0.205181
0.230405
0.25679199999999996
0.285972
0.314435
0.346042
0.379754
0.4123
0.446706
0.484361
0.520885
0.560059
0.599318
0.639072
0.6806
0.720427
0.759171
0.797305
0.834321
0.867893
0.902186
0.9349350000000001
0.9670139999999999
0.9967070000000001
1.03386
1.05721
1.0845799999999999
1.1122
1.14404
1.16496
1.19001
1.21446
1.23875
1.2629
1.2854100000000002
1.3085099999999998
1.3298800000000002
1.3519
1.37348
1.3938
1.41417
1.4345199999999998
1.4535
1.4726400000000002
1.49166
1.51024
1.52839
1.5461699999999998
1.56376
1.58093
1.59851
1.6138700000000001
1.6303800000000002
1.6462899999999998
1.66253
1.67747
1.6923000000000001
1.70747
1.72141
1.73659
1.7499099999999999
1.76311
1.77699
1.78971
1.8027900000000001
1.81541

Vgs: 3.0
0.0622944
0.062300999999999995
0.062418799999999997
0.06267750000000001
0.06386689999999999
0.0670259
0.072297
0.0798103
0.0893296
0.10428
0.116172
0.132166
0.15018099999999998
0.170631
0.192161
0.215577
0.240953
0.266011
0.297258
0.326528
0.356931
0.389662
0.424191
0.458404
0.494821
0.533432
0.572197
0.6128410000000001
0.654472
0.695545
0.7398180000000001
0.784995
0.829107
0.8746440000000001
0.920461
0.965548
1.0182
1.0525
1.0925
1.1324
1.17064
1.20732
1.24308
1.2786799999999998
1.31206
1.34518
1.3766399999999999
1.40853
1.4384000000000001
1.46935
1.4986599999999999
1.5259399999999999
1.55478
1.58135
1.60831
1.6303299999999998
1.65976
1.6852
1.70994
1.73435
1.75767
1.78097
1.80415
1.82599
1.84847
1.86984
1.8908200000000002
1.9128
1.93195
1.95238
1.9718499999999999
1.9907800000000002
2.01013
2.0284299999999997
2.0469199999999996
2.0646
2.08173
2.09925
2.1159299999999996
2.13269
2.14875

Vgs: 3.5
0.0718966
0.0718966
0.0720296
0.0723062
0.07351429999999999
0.0765751
0.0817965
0.0894845
0.0987527
0.114153
0.12598
0.14227
0.145458
0.145486
0.145507
0.145506
0.145511
0.14552099999999998
0.14552299999999999
0.237644
0.364447
0.400018
0.434415
0.469219
0.505804
0.5451889999999999
0.584515
0.623942
0.666746
0.708139
0.752493
0.7975690000000001
0.84361
0.8901220000000001
0.939721
0.987386
1.04783
1.09063
1.1403100000000002
1.18822
1.2380099999999998
1.2854299999999999
1.33228
1.37644
1.41942
1.46217
1.50325
1.54193
1.58105
1.61828
1.65519
1.69019
1.7261799999999998
1.75959
1.7932899999999998
1.8260399999999999
1.85822
1.89003
1.91994
1.9502300000000001
1.9800799999999998
2.00826
2.03738
2.0648
2.09261
2.11945
2.14591
2.1711500000000004
2.19702
2.22106
2.24589
2.2694099999999997
2.28704
2.3159
2.3386
2.3617999999999997
2.38305
2.40207
2.4244499999999998
2.4457400000000002
2.46591

Vgs: 4.0
0.0813504
0.0813561
0.0814957
0.0817861
0.08303189999999999
0.0861639
0.0913669
0.0993781
0.111222
0.121693
0.135683
0.151891
0.169892
0.190912
0.21208500000000002
0.235688
0.260901
0.287677
0.31733
0.346261
0.377546
0.410411
0.44455500000000003
0.480588
0.5165010000000001
0.555272
0.595066
0.635589
0.676405
0.722407
0.764651
0.810182
0.850443
0.902817
0.951005
1.01192
1.04604
1.10383
1.15605
1.20835
1.2642300000000002
1.31743
1.37222
1.427
1.48091
1.53347
1.5855299999999999
1.63389
1.68159
1.72993
1.77487
1.81897
1.86413
1.90419
1.9460199999999999
1.9856600000000002
2.0244500000000003
2.06377
2.1007399999999996
2.1374
2.17419
2.20885
2.2438800000000003
2.2771
2.3109699999999997
2.34442
2.3740900000000003
2.40582
2.43615
2.46675
2.4962
2.52622
2.55372
2.5812500000000003
2.60895
2.6362
2.66186
2.68858
2.71311
2.7380500000000003
2.76239

Vgs: 4.5
0.0907111
0.09072329999999999
0.09087100000000001
0.0911697
0.0924316
0.0955727
0.102161
0.108696
0.118745
0.130896
0.14519700000000002
0.16156800000000002
0.179619
0.200208
0.22159299999999998
0.2459
0.270692
0.297545
0.326041
0.35570399999999996
0.387698
0.420692
0.455706
0.49011499999999997
0.5267470000000001
0.565741
0.604946
0.645885
0.6830710000000001
0.73058
0.775234
0.820446
0.867182
0.914892
0.9645520000000001
1.02426
1.06524
1.11689
1.1687699999999999
1.2225599999999999
1.27773
1.3334
1.38939
1.44679
1.50434
1.56347
1.62053
1.68212
1.73836
1.79671
1.85253
1.9069
1.9597400000000003
2.01013
2.0605599999999997
2.1105400000000003
2.1559
2.20397
2.24871
2.29263
2.33571
2.37731
2.42102
2.4592400000000003
2.49939
2.53858
2.57115
2.6145500000000004
2.6502399999999997
2.68615
2.72159
2.7569600000000003
2.7896900000000002
2.8227
2.85638
2.8873100000000003
2.91781
2.9503899999999996
2.97973
3.00911
3.03804

Vgs: 5.0
0.09997210000000001
0.0999718
0.100167
0.10045
0.101735
0.104904
0.110286
0.118045
0.128158
0.140657
0.154812
0.17115699999999998
0.189177
0.209919
0.231505
0.255253
0.280461
0.30744499999999997
0.337078
0.36554
0.397292
0.43049899999999997
0.464883
0.50028
0.53706
0.57624
0.615396
0.6570579999999999
0.697991
0.74277
0.7859689999999999
0.83334
0.878406
0.926478
0.975086
1.036
1.07763
1.12958
1.18139
1.2367000000000001
1.29186
1.34506
1.40284
1.46229
1.52105
1.58043
1.6392
1.70096
1.76162
1.8240299999999998
1.88547
1.94881
2.00996
2.07157
2.13194
2.19109
2.24883
2.3042800000000003
2.3594399999999998
2.41196
2.46265
2.51259
2.5628
2.6106800000000003
2.6575499999999996
2.7040599999999997
2.74804
2.7927999999999997
2.83673
2.87771
2.91435
2.9600199999999997
2.99988
3.0389000000000004
3.07791
3.11532
3.15168
3.18791
3.2226500000000002
3.25815
3.29087

Vgs: 5.5
0.10912
0.109124
0.109288
0.109624
0.110943
0.11414
0.119562
0.126709
0.137502
0.14980700000000002
0.164457
0.18066
0.198698
0.219318
0.241651
0.26497
0.290431
0.31704
0.345801
0.3753
0.40721
0.440239
0.475451
0.509616
0.546939
0.586202
0.620409
0.666044
0.70767
0.7508859999999999
0.795848
0.841491
0.8882220000000001
0.935624
0.984127
1.04612
1.08819
1.13948
1.19154
1.2457399999999998
1.3018100000000001
1.3567200000000001
1.41452
1.4748400000000002
1.5326300000000002
1.59232
1.65086
1.71356
1.77436
1.8383
1.90094
1.96697
2.03293
2.09527
2.16104
2.22776
2.2941200000000004
2.35964
2.42247
2.48704
2.54877
2.6067299999999998
2.66615
2.72365
2.77994
2.83263
2.88514
2.93714
2.98784
3.03738
3.08611
3.1320200000000002
3.17931
3.2247399999999997
3.2692200000000002
3.31302
3.35524
3.39823
3.43891
3.47936
3.51902

Vgs: 6.0
0.11817899999999999
0.11819099999999999
0.118385
0.11870800000000001
0.120101
0.12326700000000002
0.128747
0.136565
0.146841
0.15928399999999998
0.173881
0.19000899999999998
0.20879699999999998
0.229512
0.250529
0.274626
0.299984
0.327379
0.35206099999999996
0.385912
0.417478
0.450112
0.48489699999999997
0.5211330000000001
0.557216
0.596037
0.636022
0.676986
0.7185860000000001
0.761707
0.806912
0.85295
0.8998940000000001
0.9466490000000001
0.9950200000000001
1.05751
1.1002399999999999
1.15078
1.20376
1.2589599999999999
1.3153
1.37079
1.42753
1.4857099999999999
1.5444
1.6051
1.66425
1.72663
1.7883
1.8526099999999999
1.91669
1.9823499999999998
2.0468499999999996
2.1144100000000003
2.18017
2.24902
2.31544
2.3871700000000002
2.4539
2.52475
2.59328
2.66139
2.73012
2.79699
2.86332
2.9264
2.98684
3.04762
3.10554
3.1638
3.22014
3.2748999999999997
3.32862
3.38164
3.43377
3.48462
3.53341
3.58258
3.6293900000000003
3.67615
3.7217000000000002

Vgs: 6.5
0.12723199999999998
0.127246
0.127426
0.127776
0.129112
0.132316
0.137915
0.145679
0.15599
0.168445
0.18318199999999998
0.199444
0.217911
0.238207
0.260921
0.284113
0.309471
0.336514
0.36562900000000004
0.39526300000000003
0.427249
0.460392
0.49480300000000005
0.5302520000000001
0.567415
0.606336
0.645741
0.686856
0.728491
0.772681
0.8184750000000001
0.863336
0.910799
0.958109
1.01809
1.0593
1.1101800000000002
1.16268
1.21511
1.26957
1.3257500000000002
1.38168
1.43937
1.49709
1.55787
1.61757
1.6780300000000001
1.74092
1.8020200000000002
1.86738
1.93085
1.99649
2.06212
2.12807
2.19777
2.26532
2.3343700000000003
2.40293
2.47256
2.54427
2.61563
2.6860299999999997
2.76005
2.8317099999999997
2.90415
2.97675
3.04472
3.11861
3.18006
3.2514800000000004
3.3185200000000004
3.3808599999999998
3.4449799999999997
3.50509
3.56554
3.6237
3.6800800000000002
3.73822
3.79047
3.8457
3.8967899999999998

Vgs: 7.0
0.136122
0.136131
0.136332
0.13670100000000002
0.13810999999999998
0.14141499999999999
0.14687399999999998
0.15483
0.165149
0.17809799999999998
0.192769
0.20899600000000002
0.227567
0.24769000000000002
0.26989599999999997
0.293701
0.319251
0.346261
0.37499099999999996
0.40527
0.437263
0.470782
0.505079
0.540331
0.577753
0.617178
0.6569959999999999
0.697175
0.738906
0.782784
0.828351
0.875418
0.9209510000000001
0.969859
1.0291899999999998
1.0700900000000002
1.1217300000000001
1.17458
1.2264000000000002
1.28108
1.3371
1.39327
1.4516
1.5095200000000002
1.56814
1.6307699999999998
1.68908
1.75205
1.8135700000000001
1.87842
1.94316
2.0108
2.07453
2.132
2.20945
2.27934
2.34572
2.41732
2.48709
2.55979
2.63294
2.70309
2.7765400000000002
2.8511
2.92657
3.00164
3.0735200000000003
3.14995
3.22436
3.30256
3.37436
3.4471800000000004
3.5218599999999998
3.58907
3.6585300000000003
3.72781
3.78974
3.85584
3.91723
3.97866
4.03809

Vgs: 7.5
0.144907
0.14492
0.145142
0.145509
0.146925
0.150286
0.155853
0.163781
0.17405
0.18670199999999998
0.201293
0.218669
0.236294
0.257073
0.27943100000000004
0.303448
0.329377
0.35567699999999997
0.384891
0.41590000000000005
0.44764000000000004
0.480132
0.51571
0.5501459999999999
0.5879359999999999
0.6265160000000001
0.666697
0.707678
0.7499950000000001
0.793609
0.83913
0.8851589999999999
0.931577
0.978961
1.03997
1.08058
1.13198
1.18544
1.23929
1.2914400000000001
1.34809
1.40693
1.46184
1.52141
1.5808499999999999
1.6405599999999998
1.7008800000000002
1.76387
1.82595
1.89358
1.95519
2.0196799999999997
2.08683
2.15343
2.22232
2.2921199999999997
2.3603
2.4306200000000002
2.50379
2.5733599999999996
2.64556
2.7173700000000003
2.7919099999999997
2.86645
2.94228
3.01723
3.09174
3.17208
3.2454099999999997
3.32381
3.40519
3.47805
3.55801
3.63549
3.7013800000000003
3.7875
3.86145
3.93542
4.00603
4.07601
4.14453

Vgs: 8.0
0.15362199999999998
0.153621
0.153843
0.154239
0.155717
0.159061
0.164688
0.17269099999999998
0.18314699999999998
0.19575199999999998
0.21041300000000002
0.227196
0.245468
0.266387
0.288414
0.312954
0.338584
0.36559
0.395543
0.425944
0.457176
0.490572
0.52527
0.560669
0.5979610000000001
0.6376
0.6770590000000001
0.7188169999999999
0.7602369999999999
0.804037
0.85013
0.895459
0.935256
0.9903170000000001
1.0510599999999999
1.0920400000000001
1.13808
1.19506
1.2492
1.30296
1.3623800000000001
1.41498
1.4735900000000002
1.53259
1.59155
1.65186
1.7126400000000002
1.77539
1.8384099999999999
1.903
1.9688599999999998
2.03151
2.0990599999999997
2.16603
2.23464
2.30377
2.37237
2.44357
2.51372
2.58658
2.65899
2.7316100000000003
2.80664
2.88004
2.95817
3.03355
3.10868
3.18753
3.26341
3.34264
3.41932
3.4993
3.58002
3.65591
3.7393899999999998
3.8185900000000004
3.89659
3.98027
4.05669
4.13745
4.2132000000000005
