Vgs range: 0,8,0.5
Vds range: 0,8,0.1

Vgs: 0.0
2.59467e-05
0.0030818
0.005484279999999999
0.00771261
0.009910839999999999
0.012095
0.0142604
0.0164125
0.0185507
0.020672199999999998
0.022784400000000003
0.0248819
0.0269697
0.029047299999999998
0.0311174
0.0331797
0.035230700000000004
0.037278099999999995
0.039319400000000004
0.041350899999999996
0.043380100000000005
0.0453878
0.0474042
0.0494071
0.0514142
0.0534132
0.055414500000000005
0.0574013
0.059381500000000004
0.0613624
0.0633282
0.0653006
0.0672604
0.06922
0.0711783
0.07313610000000001
0.0750778
0.07702310000000001
0.0789513
0.08089
0.0828145
0.0847365
0.0866555
0.0885728
0.090483
0.09238790000000001
0.0942998
0.0962013
0.0980979
0.0999813
0.101866
0.10375200000000001
0.105638
0.10752
0.109396
0.111257
0.11312299999999999
0.114982
0.116843
0.11870800000000001
0.120558
0.12241300000000001
0.124267
0.12611999999999998
0.127978
0.129823
0.131659
0.133503
0.135324
0.137159
0.138994
0.14083600000000002
0.142593
0.144421
0.146256
0.14805800000000002
0.149891
0.151699
0.153513
0.1553
0.15709900000000002

Vgs: 0.5
5.20276e-06
0.00636596
0.00978568
0.012163
0.0143942
0.0166007
0.0187854
0.020955099999999997
0.023108999999999998
0.0252436
0.0273663
0.029476600000000002
0.0315739
0.0336643
0.0357408
0.0378139
0.0398725
0.0419267
0.0439752
0.0460121
0.0480401
0.0500557
0.052082
0.054098499999999994
0.0561153
0.0581199
0.0601229
0.06211149999999999
0.064099
0.0660896
0.06807179999999999
0.0700508
0.0720315
0.07399760000000001
0.0759497
0.07791100000000001
0.0798588
0.0818169
0.0837598
0.0857024
0.08763459999999999
0.0895721
0.0915006
0.0934288
0.0953557
0.0972714
0.0991909
0.10109900000000001
0.10301
0.104907
0.10681299999999999
0.108716
0.110635
0.112532
0.114424
0.11632200000000001
0.118199
0.120085
0.121957
0.123833
0.12570699999999999
0.127595
0.129469
0.131332
0.133185
0.13505599999999998
0.136909
0.138774
0.140631
0.142487
0.144337
0.146207
0.148066
0.149907
0.15174
0.153578
0.15539699999999998
0.157235
0.15908
0.160937
0.162775

Vgs: 1.0
3.17742e-05
0.018623499999999998
0.0340294
0.0465314
0.0562159
0.06309870000000001
0.06749770000000001
0.0703714
0.072738
0.0750079
0.0772359
0.07943259999999999
0.08161840000000001
0.0837715
0.08591209999999999
0.0880463
0.0901724
0.09227679999999999
0.09437699999999999
0.09647839999999999
0.0985595
0.100629
0.102697
0.10476500000000001
0.10682599999999999
0.108876
0.110927
0.11296199999999999
0.114986
0.11702299999999999
0.11904200000000001
0.121061
0.123072
0.12507
0.127074
0.129084
0.131085
0.133077
0.13505999999999999
0.137048
0.139012
0.140996
0.142959
0.144915
0.1469
0.148836
0.150807
0.15276299999999998
0.154727
0.156672
0.158635
0.16057300000000002
0.162519
0.16444899999999998
0.166389
0.16834400000000002
0.170263
0.172206
0.17412
0.176064
0.177978
0.179908
0.181841
0.18377500000000002
0.18571000000000001
0.187656
0.189579
0.1915
0.19342700000000002
0.19535
0.197291
0.19921699999999998
0.201128
0.20306
0.204972
0.206892
0.20882699999999998
0.210744
0.212676
0.214606
0.216565

Vgs: 1.5
5.2456499999999995e-05
0.0281779
0.0536965
0.0769297
0.09798230000000001
0.11676900000000001
0.133202
0.147193
0.15865200000000002
0.167506
0.173862
0.178126
0.181074
0.183587
0.18596
0.188251
0.19054200000000002
0.192778
0.194985
0.197161
0.19933700000000001
0.201481
0.203616
0.205756
0.20786000000000002
0.209968
0.212063
0.214149
0.216233
0.218304
0.220365
0.222418
0.224467
0.22652
0.228552
0.230597
0.232623
0.234677
0.23669500000000002
0.23872
0.240731
0.242757
0.24476499999999998
0.24676800000000002
0.248766
0.250768
0.252768
0.25478
0.256764
0.258772
0.260776
0.262764
0.264753
0.266764
0.268782
0.270778
0.272781
0.27478
0.276779
0.27879400000000004
0.280793
0.282808
0.284857
0.28687500000000005
0.288908
0.290919
0.29296599999999995
0.295008
0.297041
0.29909100000000005
0.301147
0.303211
0.305273
0.307332
0.30939900000000004
0.311492
0.313583
0.315673
0.31777299999999997
0.31987699999999997
0.32199099999999997

Vgs: 2.0
5.71292e-05
0.035667000000000004
0.0690378
0.100512
0.130223
0.158166
0.184242
0.208426
0.230656
0.25082899999999997
0.268857
0.284709
0.298239
0.309406
0.318213
0.32465700000000003
0.329163
0.332442
0.335151
0.337706
0.34016599999999997
0.34255599999999997
0.344926
0.347254
0.349526
0.351755
0.353994
0.356221
0.358404
0.36061699999999997
0.362741
0.36488
0.36702
0.369172
0.371274
0.373378
0.375485
0.37757999999999997
0.379664
0.381762
0.38380800000000004
0.38589
0.387917
0.389966
0.392025
0.394064
0.396124
0.398156
0.400206
0.402276
0.404336
0.406396
0.408406
0.41044600000000003
0.412527
0.414574
0.41664399999999996
0.418729
0.420771
0.422853
0.424943
0.427047
0.42915800000000004
0.43127299999999996
0.433406
0.43555699999999997
0.437628
0.43980199999999997
0.441999
0.44418399999999997
0.446397
0.448629
0.450848
0.453094
0.455369
0.457646
0.459944
0.46225900000000003
0.46458900000000003
0.466933
0.469279

Vgs: 2.5
7.50626e-05
0.041899900000000004
0.0817187
0.119905
0.156626
0.191842
0.22552999999999998
0.25768399999999997
0.288244
0.31716999999999995
0.34439600000000004
0.369917
0.393597
0.415448
0.43537699999999996
0.453281
0.469121
0.482794
0.494255
0.5034310000000001
0.510471
0.515559
0.519291
0.5223289999999999
0.525128
0.527775
0.5303359999999999
0.532825
0.535283
0.537678
0.540056
0.542374
0.54472
0.54699
0.549245
0.551505
0.55375
0.555995
0.5581670000000001
0.560343
0.562523
0.5646880000000001
0.5668300000000001
0.568963
0.5711149999999999
0.5732400000000001
0.575356
0.577489
0.579593
0.5816950000000001
0.583794
0.585897
0.588005
0.5901329999999999
0.592208
0.594323
0.596411
0.598531
0.600673
0.6028300000000001
0.604997
0.607153
0.609297
0.6115470000000001
0.6137440000000001
0.6159880000000001
0.6182880000000001
0.620563
0.622838
0.625149
0.627486
0.629889
0.632271
0.634711
0.6371359999999999
0.639551
0.642248
0.6447350000000001
0.647337
0.6499159999999999
0.652473

Vgs: 3.0
7.59186e-05
0.0472337
0.0925543
0.136436
0.179027
0.220329
0.260323
0.299011
0.336362
0.37232200000000004
0.40689699999999995
0.440048
0.47174
0.5019309999999999
0.5306
0.55765
0.583083
0.606839
0.628813
0.648918
0.6664709999999999
0.682486
0.696384
0.70853
0.7188509999999999
0.7265499999999999
0.732916
0.737355
0.740932
0.744003
0.7468629999999999
0.7492840000000001
0.751904
0.754502
0.757156
0.759818
0.762247
0.76476
0.767127
0.769467
0.7718459999999999
0.7742549999999999
0.776679
0.778989
0.781225
0.78345
0.7856879999999999
0.788009
0.790249
0.791975
0.7942049999999999
0.7964829999999999
0.798882
0.8008149999999999
0.80325
0.805106
0.8072170000000001
0.809386
0.811712
0.813781
0.816284
0.81842
0.8206249999999999
0.822801
0.8250770000000001
0.827485
0.829779
0.832078
0.834536
0.836823
0.8392970000000001
0.841693
0.8441759999999999
0.846792
0.849433
0.8521890000000001
0.8548479999999999
0.857415
0.8595659999999999
0.861936
0.8644809999999999

Vgs: 3.5
7.60755e-05
0.0518468
0.10194299999999999
0.15066400000000002
0.1983
0.24478199999999997
0.290083
0.33426700000000004
0.37730400000000003
0.419181
0.459788
0.49929599999999996
0.537586
0.574561
0.610263
0.644771
0.6778249999999999
0.709557
0.7397490000000001
0.768674
0.79581
0.8211820000000001
0.845278
0.8676769999999999
0.888063
0.9069870000000001
0.923613
0.938779
0.95186
0.962715
0.9713849999999999
0.978249
0.9835829999999999
0.9875330000000001
0.9909929999999999
0.994359
0.9972690000000001
1.00173
1.00474
1.0074999999999998
1.01016
1.01261
1.01531
1.01759
1.02017
1.0225799999999998
1.02491
1.02749
1.03
1.03234
1.0349199999999998
1.03709
1.0395999999999999
1.04188
1.0443099999999998
1.04664
1.04878
1.05116
1.05332
1.05558
1.0577699999999999
1.0601
1.0623099999999999
1.06478
1.06694
1.06936
1.07179
1.0739
1.07625
1.07862
1.08132
1.08366
1.0864399999999999
1.08859
1.0920299999999998
1.09772
1.10039
1.10378
1.10654
1.10933
1.11269

Vgs: 4.0
8.17685e-05
0.0560908
0.110426
0.163633
0.21573699999999998
0.26690200000000003
0.31691199999999997
0.36595099999999997
0.41405800000000004
0.461133
0.507057
0.55203
0.596095
0.638918
0.680791
0.7215290000000001
0.761137
0.799633
0.836871
0.872873
0.9077179999999999
0.940931
0.973151
1.0054599999999998
1.0348899999999999
1.0628499999999999
1.08989
1.11374
1.13776
1.15925
1.17756
1.19439
1.2115699999999998
1.22481
1.2366300000000001
1.2456399999999999
1.25302
1.25961
1.26426
1.2683099999999998
1.27298
1.27637
1.2787199999999999
1.28225
1.284
1.28673
1.28944
1.29232
1.29594
1.29827
1.30205
1.30372
1.30699
1.30978
1.31237
1.31483
1.31704
1.31846
1.32068
1.32383
1.32413
1.32716
1.3335000000000001
1.3361
1.33809
1.33654
1.34052
1.3447500000000001
1.34657
1.34855
1.34993
1.3523100000000001
1.35465
1.35841
1.36019
1.3623
1.36601
1.36757
1.37144
1.3747900000000002
1.37575

Vgs: 4.5
6.41217e-05
0.059796
0.118009
0.17507699999999998
0.23127
0.286247
0.34055599999999997
0.394056
0.44660700000000003
0.49825499999999995
0.548936
0.5987399999999999
0.647502
0.695629
0.742816
0.7887630000000001
0.8341550000000001
0.8785419999999999
0.922043
0.964295
1.00682
1.04677
1.08569
1.12336
1.15999
1.1952099999999999
1.2292399999999999
1.2618099999999999
1.29297
1.32302
1.35151
1.37851
1.40386
1.42711
1.4497200000000001
1.4690599999999998
1.48718
1.50154
1.51401
1.53043
1.54247
1.55091
1.55792
1.5727
1.57617
1.5748
1.57341
1.58089
1.58576
1.58474
1.58849
1.59123
1.59372
1.59661
1.6000299999999998
1.60322
1.60612
1.60809
1.61141
1.61403
1.6166500000000001
1.62024
1.62298
1.6257400000000002
1.62826
1.6307500000000001
1.6332499999999999
1.63572
1.63813
1.6406299999999998
1.64344
1.6462700000000001
1.64883
1.65131
1.65387
1.65649
1.6591799999999999
1.66185
1.66465
1.66753
1.6701599999999999

Vgs: 5.0
8.08305e-05
0.0631882
0.12485900000000001
0.18546
0.24524300000000002
0.304182
0.362291
0.419578
0.47608999999999996
0.531788
0.5866979999999999
0.640845
0.694252
0.7469020000000001
0.79876
0.849827
0.900125
0.949545
0.9981479999999999
1.04745
1.09422
1.13952
1.18455
1.22834
1.27111
1.3128199999999999
1.35339
1.3928600000000002
1.43105
1.46814
1.50391
1.53852
1.57145
1.60341
1.63384
1.66286
1.69042
1.71649
1.7410800000000002
1.7637399999999999
1.78495
1.80455
1.82221
1.83813
1.85217
1.86436
1.87466
1.88315
1.88991
1.89536
1.90007
1.90326
1.90703
1.91027
1.9134799999999998
1.91676
1.91989
1.9229500000000002
1.92599
1.9288599999999998
1.93169
1.9345
1.9373
1.94005
1.9425
1.94525
1.94785
1.95045
1.95313
1.95569
1.9582499999999998
1.9607700000000001
1.9633099999999999
1.96583
1.96838
1.9709599999999998
1.97345
1.97604
1.9787
1.9812800000000002
1.98403

Vgs: 5.5
5.53836e-05
0.0662112
0.131005
0.19478900000000002
0.25782099999999997
0.320075
0.38157
0.44234599999999996
0.502423
0.5617719999999999
0.6204529999999999
0.678533
0.735904
0.792713
0.8488410000000001
0.904305
0.959111
1.01473
1.06802
1.12056
1.1722499999999998
1.22224
1.2721099999999999
1.32132
1.36935
1.41639
1.4628
1.5079900000000002
1.55208
1.59527
1.63729
1.67833
1.71808
1.75668
1.79402
1.8302399999999999
1.86496
1.89873
1.93089
1.96176
1.9911500000000002
2.01922
2.04573
2.07057
2.09405
2.1158599999999996
2.1361000000000003
2.1545
2.17085
2.18567
2.19909
2.2106
2.22009
2.2281
2.23436
2.23943
2.24292
2.24613
2.2494
2.25279
2.2561500000000003
2.25939
2.2626
2.26568
2.26873
2.2717
2.27463
2.2775299999999996
2.28035
2.28317
2.28595
2.28869
2.29141
2.29406
2.2967
2.2993699999999997
2.30197
2.3045600000000004
2.30721
2.3098300000000003
2.31243

Vgs: 6.0
5.35309e-05
0.0689397
0.136524
0.203158
0.26911300000000005
0.334345
0.398891
0.462771
0.5260659999999999
0.5887279999999999
0.650835
0.712408
0.773455
0.833966
0.8939170000000001
0.953354
1.01387
1.07215
1.1296599999999999
1.18654
1.24275
1.29769
1.3525500000000001
1.40638
1.45959
1.51173
1.5632300000000001
1.61361
1.66312
1.71179
1.75935
1.80609
1.85165
1.89628
1.93972
1.98226
2.0234699999999997
2.06371
2.10259
2.14044
2.17686
2.2123199999999996
2.24625
2.27888
2.31033
2.34022
2.36876
2.39582
2.4214599999999997
2.44546
2.46802
2.4888000000000003
2.5081
2.5256100000000004
2.54138
2.55532
2.56755
2.57801
2.58676
2.59388
2.59979
2.6049200000000003
2.6092899999999997
2.6133200000000003
2.61715
2.62079
2.6242599999999996
2.6276200000000003
2.63089
2.6341099999999997
2.63724
2.64028
2.6433400000000002
2.64622
2.64919
2.6520200000000003
2.6549199999999997
2.6577100000000002
2.66039
2.66329
2.66616

Vgs: 6.5
4.55074e-05
0.0714648
0.14163599999999998
0.21092
0.27958
0.34759100000000004
0.414976
0.481769
0.5480619999999999
0.613858
0.6791670000000001
0.744034
0.808495
0.872547
0.936153
0.999305
1.06359
1.1257599999999999
1.18734
1.24844
1.30877
1.3680999999999999
1.42743
1.4857900000000002
1.54364
1.60046
1.6567299999999998
1.71211
1.76664
1.82056
1.8733199999999999
1.92542
1.97646
2.02664
2.07573
2.12403
2.1711500000000004
2.21747
2.26286
2.3068
2.34987
2.3918
2.4326399999999997
2.47218
2.51075
2.54788
2.5840099999999997
2.6187
2.65226
2.68436
2.71515
2.74452
2.77258
2.79911
2.8242100000000003
2.84767
2.8697000000000004
2.8901600000000003
2.90881
2.92586
2.94108
2.95489
2.96656
2.9769900000000002
2.98538
2.99261
2.99854
3.0035399999999997
3.00795
3.0121700000000002
3.01576
3.01917
3.0228099999999998
3.0262700000000002
3.0297
3.03277
3.03599
3.03935
3.04244
3.04539
3.04842

Vgs: 7.0
2.80344e-05
0.07375290000000001
0.146227
0.217865
0.28893
0.359401
0.429271
0.498692
0.567473
0.63614
0.7043210000000001
0.7721629999999999
0.839692
0.906773
0.973746
1.04182
1.10787
1.17364
1.2385300000000001
1.30353
1.36756
1.43077
1.494
1.55635
1.61831
1.6793500000000001
1.73981
1.7994599999999998
1.8582699999999999
1.91669
1.97409
2.03074
2.08656
2.14152
2.1955999999999998
2.24909
2.30121
2.35276
2.40325
2.4528499999999998
2.50134
2.54883
2.5952800000000003
2.6407599999999998
2.6854600000000004
2.7288400000000004
2.77107
2.81224
2.85236
2.89114
2.9287699999999997
2.96514
3.0003
3.03418
3.06684
3.0981799999999997
3.12812
3.1567700000000003
3.18397
3.2096
3.2338699999999996
3.2566800000000002
3.2778
3.29745
3.31537
3.33142
3.34623
3.35886
3.36991
3.37964
3.38761
3.39443
3.4003900000000002
3.40517
3.40967
3.4139
3.4175500000000003
3.42142
3.4249699999999996
3.42857
3.43231

Vgs: 7.5
2.73434e-05
0.075705
0.150248
0.22400299999999998
0.297226
0.369904
0.442062
0.513778
0.585158
0.656177
0.726915
0.797434
0.867722
0.9377810000000001
1.00911
1.07868
1.14792
1.21678
1.2852899999999998
1.3533499999999998
1.4209800000000001
1.48751
1.55436
1.62031
1.68595
1.7507300000000001
1.81515
1.87882
1.9417499999999999
2.00422
2.06577
2.126
2.18533
2.24496
2.30349
2.36212
2.41791
2.4754899999999997
2.53055
2.5850299999999997
2.6386399999999997
2.69127
2.74149
2.79351
2.84388
2.89281
2.94099
2.98794
3.0338000000000003
3.07869
3.12206
3.16513
3.20611
3.24692
3.2862999999999998
3.32443
3.36114
3.39698
3.43123
3.46439
3.49625
3.5269199999999996
3.55613
3.58407
3.6104700000000003
3.6351299999999998
3.65895
3.6803600000000003
3.7013100000000003
3.71995
3.7368200000000003
3.75297
3.7652699999999997
3.77773
3.78913
3.7969700000000004
3.8040499999999997
3.8101
3.81618
3.82178
3.82533

Vgs: 8.0
-1.40907e-05
0.0773682
0.153654
0.22917400000000002
0.30422499999999997
0.378701
0.452838
0.526493
0.599892
0.673165
0.745876
0.8188270000000001
0.891694
0.964099
1.03781
1.11012
1.18219
1.25355
1.32521
1.39618
1.4667700000000001
1.53637
1.60599
1.6752
1.7441900000000001
1.81233
1.8802599999999998
1.94755
2.0133
2.08012
2.14501
2.20933
2.2732400000000004
2.3366900000000004
2.39926
2.4611199999999998
2.52204
2.58251
2.64201
2.70142
2.7589099999999998
2.8158
2.87236
2.9282399999999997
2.9828300000000003
3.0365
3.0889200000000003
3.1409
3.19098
3.2408799999999998
3.29001
3.3378900000000002
3.38488
3.43064
3.47558
3.52045
3.5622700000000003
3.6039499999999998
3.6456
3.6847
3.72288
3.75924
3.79522
3.8298400000000004
3.86315
3.8981
3.9276299999999997
3.95677
3.9842000000000004
4.01039
4.03641
4.05981
4.082470000000001
4.10325
4.12357
4.14079
4.158399999999999
4.17117
4.18747
4.19796
4.20664
