Vgs range: 0,8,0.5
Vds range: 0,8,0.1

Vgs: 0.0
1.86458e-05
0.00294754
0.00525841
0.007406019999999999
0.009525649999999998
0.0116321
0.0137211
0.015795200000000002
0.0178594
0.0199091
0.021946
0.0239704
0.0259848
0.0279899
0.0299864
0.031974
0.0339599
0.0359326
0.0379018
0.039863800000000005
0.0418209
0.0437561
0.045709
0.0476453
0.0495867
0.0515155
0.053444399999999996
0.055364000000000003
0.0572754
0.059197
0.0611078
0.0630159
0.0649169
0.06681540000000001
0.0687021
0.0706013
0.0724766
0.0743669
0.0762428
0.0781207
0.079985
0.0818416
0.08370319999999999
0.0855538
0.0874176
0.0892664
0.0911267
0.0929615
0.09480709999999999
0.0966313
0.0984769
0.100293
0.10213
0.103955
0.105779
0.1076
0.109415
0.111236
0.113049
0.11486400000000001
0.116671
0.118468
0.120277
0.122062
0.12384500000000001
0.125631
0.12742499999999998
0.129226
0.131019
0.132799
0.134564
0.13632100000000003
0.13811800000000002
0.139877
0.14165
0.143427
0.145201
0.146956
0.148714
0.150479
0.15223299999999998

Vgs: 0.5
1.32788e-05
0.006204899999999999
0.009545960000000001
0.011850399999999999
0.0140248
0.0161719
0.0182978
0.0204051
0.0225009
0.0245778
0.02664
0.028689
0.030726999999999997
0.0327556
0.0347767
0.0367851
0.038781
0.0407707
0.0427623
0.0447411
0.046721
0.048675199999999995
0.050645
0.052599200000000006
0.0545157
0.0564556
0.0584156
0.060347899999999996
0.06227920000000001
0.06421650000000001
0.06613369999999999
0.0680597
0.069966
0.0718742
0.0737714
0.07568230000000001
0.0775806
0.07947499999999999
0.0813601
0.0832461
0.0851307
0.0870113
0.0888873
0.0907588
0.0926242
0.0944891
0.096351
0.0982156
0.100068
0.101916
0.103767
0.105619
0.107464
0.109287
0.111144
0.112961
0.11481
0.116637
0.11847099999999999
0.120308
0.122134
0.12395400000000001
0.125771
0.127584
0.129392
0.13119299999999998
0.132995
0.13480799999999998
0.13660000000000003
0.13841
0.140194
0.14200500000000002
0.14379799999999998
0.145585
0.147387
0.14917
0.150939
0.152726
0.154518
0.156306
0.15809499999999999

Vgs: 1.0
1.62377e-05
0.0183675
0.0335924
0.0459487
0.0555002
0.062287100000000005
0.0666001
0.069409
0.0717212
0.0739334
0.0760985
0.07824360000000001
0.0803655
0.0824554
0.0845394
0.08661089999999999
0.08867760000000001
0.0907306
0.092766
0.09479739999999999
0.096825
0.09883
0.100839
0.102829
0.104835
0.106824
0.108817
0.110802
0.11277000000000001
0.11474899999999999
0.11670799999999999
0.118664
0.120611
0.122561
0.12452
0.126457
0.128384
0.130308
0.13223600000000002
0.13416799999999998
0.136078
0.137995
0.139911
0.14181600000000003
0.143712
0.145619
0.147519
0.149413
0.151306
0.153191
0.155088
0.156973
0.15886599999999998
0.160748
0.16262700000000002
0.164511
0.16639
0.168265
0.170143
0.17203
0.173896
0.175772
0.17765399999999998
0.179537
0.18139999999999998
0.18327
0.185139
0.187016
0.18887400000000001
0.190733
0.192606
0.194456
0.196325
0.19819900000000001
0.200066
0.201933
0.20381
0.20569199999999999
0.207565
0.20943799999999999
0.211301

Vgs: 1.5
1.56679e-05
0.027752299999999997
0.0529394
0.0758745
0.0966625
0.115212
0.131433
0.145238
0.156529
0.165252
0.171503
0.175649
0.178536
0.18098699999999998
0.183305
0.185553
0.187757
0.18997999999999998
0.19222799999999998
0.19436599999999998
0.19641
0.198541
0.200633
0.202692
0.204756
0.206811
0.20884899999999998
0.210889
0.212914
0.21492899999999998
0.21693400000000002
0.21898299999999998
0.22098500000000001
0.223
0.22498
0.227049
0.229003
0.23101
0.233023
0.234875
0.236842
0.238875
0.24074700000000002
0.242739
0.24464799999999998
0.246454
0.24840099999999998
0.250343
0.252306
0.254248
0.256201
0.258144
0.2601
0.262022
0.263969
0.26592899999999997
0.267838
0.269815
0.271742
0.273707
0.275633
0.277598
0.279564
0.281511
0.28345699999999996
0.285413
0.28738400000000003
0.28937
0.291383
0.293346
0.29533400000000004
0.297329
0.29935999999999996
0.30134900000000003
0.303366
0.305375
0.307392
0.309419
0.311457
0.313506
0.31559

Vgs: 2.0
1.3330700000000001e-05
0.0351331
0.06805939999999999
0.0991166
0.128465
0.156031
0.181778
0.205644
0.227567
0.247476
0.265266
0.280866
0.294224
0.305222
0.31385
0.32018599999999997
0.324605
0.327773
0.33043500000000003
0.332916
0.335302
0.337627
0.33993199999999996
0.342213
0.344424
0.346628
0.348804
0.350967
0.353113
0.355258
0.357349
0.359524
0.361541
0.363593
0.36563999999999997
0.367698
0.369798
0.371767
0.37378900000000004
0.375816
0.37781400000000004
0.37982
0.381809
0.383802
0.385801
0.387788
0.38978599999999997
0.391791
0.393784
0.39576599999999995
0.397751
0.399748
0.401756
0.403832
0.405875
0.40799199999999997
0.4101
0.41222699999999995
0.413779
0.415795
0.41782400000000003
0.419877
0.42192500000000005
0.424011
0.42610800000000004
0.428179
0.430232
0.432338
0.434475
0.436626
0.43875099999999995
0.44089999999999996
0.44309699999999996
0.445266
0.44748699999999997
0.449705
0.451947
0.45426
0.456476
0.459049
0.461138

Vgs: 2.5
4.58137e-06
0.041357899999999996
0.0805985
0.118274
0.154497
0.18923900000000002
0.222501
0.254222
0.284406
0.312948
0.33981700000000004
0.364971
0.388348
0.409893
0.42953600000000003
0.447204
0.462811
0.47626500000000005
0.487535
0.496596
0.5034959999999999
0.508544
0.51207
0.5150349999999999
0.5177419999999999
0.520294
0.522825
0.5252460000000001
0.527634
0.529959
0.532261
0.534547
0.5368219999999999
0.539067
0.541267
0.543481
0.54565
0.547828
0.549946
0.5520879999999999
0.5542130000000001
0.556311
0.558413
0.560505
0.5625870000000001
0.56463
0.566712
0.568764
0.57081
0.572875
0.5749270000000001
0.5769660000000001
0.579024
0.581043
0.583089
0.585163
0.587228
0.5892809999999999
0.5914050000000001
0.5934309999999999
0.59553
0.597641
0.599765
0.60194
0.604106
0.6062799999999999
0.6084970000000001
0.6107429999999999
0.612959
0.615249
0.61753
0.619861
0.622242
0.624653
0.627059
0.6295059999999999
0.6319849999999999
0.634495
0.637017
0.6395599999999999
0.642173

Vgs: 3.0
2.97823e-05
0.0464875
0.0911597
0.134404
0.17639000000000002
0.217106
0.25653
0.29465600000000003
0.331472
0.366942
0.40100800000000003
0.43367900000000004
0.464922
0.494675
0.522896
0.549568
0.574617
0.597942
0.6195550000000001
0.639334
0.65726
0.673072
0.68706
0.698894
0.708648
0.7163090000000001
0.722053
0.7262949999999999
0.729681
0.73266
0.7354860000000001
0.738173
0.740781
0.7433230000000001
0.745801
0.7482390000000001
0.750641
0.753014
0.755358
0.757677
0.759968
0.762224
0.7646900000000001
0.767023
0.769237
0.771875
0.773804
0.774795
0.777523
0.779936
0.7821389999999999
0.7843690000000001
0.786564
0.789092
0.791472
0.793416
0.795582
0.7978040000000001
0.799943
0.802118
0.804313
0.806504
0.808663
0.810881
0.813072
0.815315
0.8175720000000001
0.819863
0.822189
0.8245560000000001
0.826939
0.829381
0.831851
0.834376
0.8369439999999999
0.839569
0.842213
0.8448979999999999
0.8476739999999999
0.850482
0.853368

Vgs: 3.5
5.97317e-06
0.0512409
0.100667
0.148792
0.195827
0.24173599999999998
0.286528
0.330177
0.372693
0.41401699999999997
0.454194
0.493169
0.5309149999999999
0.567446
0.602712
0.63667
0.669324
0.700594
0.730458
0.758897
0.785756
0.81085
0.834649
0.856649
0.876992
0.895466
0.9121170000000001
0.926762
0.939373
0.9500240000000001
0.95862
0.965309
0.970366
0.974315
0.9776859999999999
0.980804
0.9837279999999999
0.986527
0.9892489999999999
0.991923
0.994492
0.9970580000000001
0.9995609999999999
1.00356
1.00603
1.0085199999999999
1.01088
1.01326
1.0156
1.0179099999999999
1.0202099999999998
1.0225
1.02481
1.02704
1.0293100000000002
1.03148
1.03375
1.03593
1.0380800000000001
1.04033
1.04252
1.04475
1.04696
1.0491700000000002
1.05141
1.05368
1.05596
1.0582600000000002
1.0606
1.06316
1.06566
1.06799
1.07018
1.07297
1.07547
1.07816
1.08094
1.08376
1.0866300000000002
1.08958
1.0926

Vgs: 4.0
5.05819e-05
0.0552434
0.108868
0.161279
0.212713
0.263131
0.312541
0.360942
0.408319
0.454727
0.5000939999999999
0.544402
0.587703
0.629962
0.671148
0.711235
0.750236
0.788087
0.824778
0.860241
0.894439
0.927057
0.958723
0.9889
1.0192700000000001
1.04656
1.07245
1.09663
1.11925
1.14014
1.1593300000000002
1.17665
1.19206
1.2056
1.2172699999999999
1.22675
1.23442
1.24039
1.24496
1.24884
1.2522099999999998
1.25538
1.2584199999999999
1.26136
1.26414
1.26692
1.26966
1.27229
1.2749000000000001
1.27748
1.2799800000000001
1.2824799999999998
1.28494
1.2873999999999999
1.28981
1.29219
1.29457
1.29694
1.29927
1.3016
1.30391
1.30624
1.3085099999999998
1.3108499999999998
1.31314
1.31545
1.31773
1.32006
1.32236
1.32472
1.3271
1.32954
1.33201
1.3345200000000002
1.33703
1.3396000000000001
1.34234
1.34511
1.34791
1.35078
1.35415

Vgs: 4.5
3.67841e-05
0.0588811
0.11624
0.172474
0.22781400000000002
0.282243
0.335763
0.38837499999999997
0.440123
0.49094099999999996
0.540852
0.589904
0.638076
0.685355
0.7317330000000001
0.777169
0.8216760000000001
0.8652230000000001
0.907752
0.949258
0.9896889999999999
1.0302099999999998
1.06854
1.10555
1.14195
1.1764
1.20988
1.2418399999999998
1.27257
1.30265
1.3304099999999999
1.3568
1.3817
1.4049500000000001
1.42649
1.4463499999999998
1.4645599999999999
1.48092
1.49533
1.50793
1.51848
1.52722
1.53413
1.53962
1.544
1.54778
1.5513599999999999
1.55464
1.5577500000000002
1.5608600000000001
1.56383
1.5666499999999999
1.56942
1.57215
1.57492
1.57756
1.58015
1.5827
1.58527
1.58778
1.59029
1.59276
1.59517
1.59763
1.60005
1.6025399999999999
1.60494
1.60727
1.6096599999999999
1.61198
1.6144
1.61685
1.61925
1.6217
1.62422
1.62673
1.62933
1.63195
1.6346399999999999
1.63733
1.6401899999999998

Vgs: 5.0
5.4974799999999994e-05
0.0622394
0.12302600000000001
0.18276499999999998
0.24169600000000002
0.299786
0.35705
0.413504
0.469197
0.524065
0.5781449999999999
0.631486
0.6840919999999999
0.735917
0.786967
0.837247
0.886738
0.9353579999999999
0.983093
1.03142
1.07745
1.12209
1.16628
1.2092699999999998
1.2513100000000001
1.29217
1.33213
1.3707
1.4082599999999998
1.44455
1.47963
1.5135299999999998
1.54599
1.57719
1.6068600000000002
1.63529
1.66216
1.6875799999999999
1.71137
1.73362
1.7541799999999999
1.77305
1.79024
1.80556
1.81909
1.83074
1.84051
1.8485
1.8549
1.85999
1.8643500000000002
1.86822
1.87177
1.87514
1.87842
1.88154
1.8845699999999999
1.88753
1.89013
1.89299
1.8958899999999999
1.89867
1.90139
1.90405
1.90669
1.9093300000000002
1.9119199999999998
1.9144800000000002
1.91694
1.91943
1.92194
1.92439
1.92692
1.92934
1.93181
1.93428
1.93689
1.9392800000000001
1.9418300000000002
1.9444
1.94702

Vgs: 5.5
2.53039e-05
0.0651895
0.12902
0.191861
0.253964
0.31529799999999997
0.375894
0.435737
0.494922
0.553383
0.611175
0.6683410000000001
0.724855
0.780732
0.836006
0.890541
0.944478
0.997637
1.0515999999999999
1.10329
1.15419
1.2037499999999999
1.25306
1.30127
1.34877
1.39517
1.4407400000000001
1.48513
1.52857
1.5711
1.6123299999999998
1.6526100000000001
1.6916399999999998
1.7295699999999998
1.76621
1.80178
1.8358700000000001
1.8689200000000001
1.90048
1.93082
1.9596599999999997
1.98724
2.01323
2.03762
2.06057
2.0818999999999996
2.10163
2.1196
2.1358800000000002
2.15021
2.1628900000000004
2.1737
2.18277
2.19014
2.19612
2.2011399999999997
2.20546
2.20936
2.21297
2.21648
2.21976
2.22311
2.22621
2.22923
2.23291
2.23512
2.23801
2.24081
2.2435
2.2462099999999996
2.24896
2.25158
2.2542
2.2568
2.25937
2.26188
2.26451
2.26703
2.2696
2.27217
2.27472

Vgs: 6.0
3.4895500000000005e-05
0.0678883
0.13446899999999998
0.200127
0.26511
0.329387
0.39298099999999997
0.455928
0.518274
0.580021
0.6411830000000001
0.7018080000000001
0.761929
0.821485
0.8805179999999999
0.938992
0.9969020000000001
1.05572
1.11235
1.16838
1.22369
1.27775
1.3317299999999999
1.38468
1.43706
1.48839
1.53902
1.58854
1.63726
1.6852200000000002
1.7319799999999999
1.77799
1.82278
1.8666399999999999
1.90929
1.95021
1.9910800000000002
2.03087
2.0690600000000003
2.10646
2.14226
2.17693
2.21027
2.24222
2.27306
2.30247
2.3305700000000003
2.35709
2.38232
2.40583
2.42797
2.44841
2.46732
2.48439
2.4999000000000002
2.51349
2.5252299999999996
2.53538
2.54377
2.55068
2.5564199999999997
2.56129
2.56555
2.5695200000000002
2.57312
2.5766299999999998
2.58004
2.58343
2.58657
2.5897300000000003
2.5927
2.59558
2.59852
2.60143
2.6043
2.6070699999999998
2.60982
2.61254
2.6152699999999998
2.61791
2.62057

Vgs: 6.5
1.83428e-05
0.07030840000000001
0.13938399999999998
0.207587
0.275167
0.34210799999999997
0.408432
0.474165
0.539388
0.604074
0.668315
0.7321139999999999
0.795469
0.858413
0.9209109999999999
0.982959
1.04606
1.10714
1.16771
1.22762
1.28697
1.34508
1.40327
1.46047
1.5172
1.57295
1.62823
1.68246
1.73583
1.78868
1.84042
1.89148
1.94145
1.9906300000000001
2.03878
2.0861
2.1322099999999997
2.17754
2.22165
2.26478
2.30678
2.34774
2.38755
2.42617
2.46379
2.5
2.53513
2.5689599999999997
2.60159
2.63276
2.66266
2.69115
2.71843
2.74421
2.76854
2.79119
2.81231
2.8319199999999998
2.8498400000000004
2.86628
2.88087
2.89381
2.90497
2.91438
2.92221
2.92882
2.93438
2.9391700000000003
2.9434
2.9474
2.95117
2.9546099999999997
2.95816
2.96162
2.9649
2.96802
2.97121
2.97431
2.9772000000000003
2.98021
2.98316

Vgs: 7.0
9.602010000000001e-06
0.0725554
0.143832
0.214298
0.28421799999999997
0.353537
0.422296
0.49055099999999996
0.558368
0.625739
0.692723
0.759377
0.825717
0.891734
0.957382
1.0241799999999999
1.0891099999999998
1.15357
1.21757
1.28111
1.34415
1.40599
1.468
1.5291700000000001
1.5899
1.64977
1.7091999999999998
1.76764
1.82544
1.8826800000000001
1.93885
1.9944899999999999
2.04909
2.10304
2.15605
2.20829
2.25942
2.3098099999999997
2.3591599999999997
2.40768
2.45507
2.50168
2.54719
2.59158
2.6350700000000002
2.67732
2.7185799999999998
2.7586899999999996
2.79788
2.8357
2.87235
2.90779
2.94212
2.9751
3.00693
3.03727
3.0664
3.09405
3.12036
3.14521
3.1686
3.19058
3.21096
3.2297900000000004
3.24689
3.26246
3.2762300000000004
3.28836
3.29881
3.30772
3.31516
3.3213
3.32662
3.33133
3.33573
3.33974
3.34358
3.34712
3.3505000000000003
3.3539
3.3572200000000003

Vgs: 7.5
2.39413e-06
0.0745035
0.147777
0.22029300000000002
0.292298
0.363777
0.434735
0.505254
0.575418
0.645207
0.714702
0.7839659999999999
0.852986
0.9217850000000001
0.9902940000000001
1.0601
1.12805
1.19557
1.2627700000000002
1.32953
1.39582
1.46107
1.52659
1.5913
1.65571
1.71928
1.78244
1.84476
1.9064699999999999
1.96767
2.02794
2.08778
2.14666
2.20492
2.26224
2.31906
2.37471
2.42987
2.4838999999999998
2.53727
2.5896600000000003
2.64129
2.69185
2.74145
2.7902500000000003
2.8379
2.8848
2.93042
2.97527
3.0189700000000004
3.0616
3.10308
3.14363
3.1829699999999996
3.22128
3.25825
3.29399
3.3287199999999997
3.36221
3.39437
3.42529
3.45496
3.4831499999999997
3.51013
3.53573
3.5598
3.58227
3.60338
3.62291
3.6410600000000004
3.6574
3.67218
3.6852899999999997
3.69673
3.70668
3.7152000000000003
3.72222
3.72823
3.73362
3.7384
3.74276

Vgs: 8.0
-3.40835e-05
0.07612340000000001
0.151214
0.225559
0.299431
0.372797
0.445716
0.518231
0.590496
0.662447
0.7341789999999999
0.805763
0.877191
0.9485020000000001
1.02114
1.09206
1.16276
1.23318
1.30323
1.37298
1.44232
1.51065
1.5792899999999999
1.64721
1.71489
1.78182
1.84843
1.9142700000000001
1.9794800000000001
2.0443100000000003
2.10826
2.17185
2.23448
2.29671
2.35804
2.41884
2.47866
2.5378800000000004
2.59625
2.65398
2.71082
2.76691
2.82202
2.8762499999999998
2.92985
2.98235
3.03407
3.08488
3.1348499999999997
3.1835600000000004
3.2317
3.2786500000000003
3.32466
3.3696
3.4136499999999996
3.4565799999999998
3.49818
3.53897
3.57859
3.61714
3.65453
3.69096
3.72609
3.75987
3.79256
3.8238
3.85376
3.88266
3.9101600000000003
3.93616
3.96074
3.9842000000000004
4.00627
4.02599
4.0448
4.06233
4.07804
4.092250000000001
4.1046499999999995
4.115609999999999
4.12491
