Vgs range: 0,8,0.1
Vds range: 0,8,0.5

Vgs: 0.0
4.06912e-05
4.25428e-05
4.2086200000000004e-05
4.44421e-05
4.6832099999999995e-05
5.0166e-05
5.2692400000000004e-05
5.5421200000000004e-05
5.74241e-05
6.215800000000001e-05
6.579169999999999e-05
6.7186e-05
7.68386e-05
7.7733e-05
8.09242e-05
8.51466e-05
8.781449999999999e-05
9.00561e-05
9.16949e-05
9.433110000000001e-05
9.520859999999999e-05
9.80041e-05
0.00013027699999999999
0.00013135099999999998
0.000135531
0.000137237
0.000140417
0.00014175899999999998
0.000146191
0.000147641
0.000150846
0.00015275599999999999
0.00014956
0.000151569
0.000152371
0.00015099000000000002
0.00015566999999999998
0.00015573899999999998
0.000156453
0.000157111
0.000155629
0.000157248
0.000159066
0.000155642
0.000154805
0.000154967
0.000157178
0.00015609199999999998
0.000160914
0.000150491
0.000157164
0.000151613
0.00015335400000000002
0.00014951800000000001
0.00015382299999999998
0.00015055100000000002
0.000144365
0.000146501
0.00014226400000000002
0.00014173299999999998
0.000140769
0.00014404299999999998
0.000140124
0.00014158200000000001
0.00013783399999999998
0.000136918
0.0001385
0.00013398299999999998
0.000136351
0.000132079
0.000130008
0.000125395
0.00012523299999999998
0.00011852199999999999
0.000116053
0.000110399
0.000108607
0.000100725
9.44842e-05
9.29616e-05
8.44385e-05

Vgs: 0.5
0.011969800000000001
0.011971500000000001
0.0120142
0.012188899999999999
0.013155
0.0158946
0.0207986
0.0281451
0.0377394
0.0489447
0.059854
0.0728271
0.0842677
0.0950543
0.107196
0.115109
0.12415399999999999
0.133125
0.141309
0.149128
0.156846
0.164146
0.17113799999999998
0.177807
0.184633
0.190997
0.196836
0.202821
0.208338
0.21390699999999999
0.219363
0.224603
0.229658
0.23460899999999998
0.239489
0.24429999999999996
0.248816
0.253313
0.257658
0.262061
0.26625200000000004
0.270433
0.274339
0.27827
0.282255
0.285893
0.289521
0.293215
0.296707
0.300211
0.303703
0.306917
0.31021
0.313402
0.316539
0.319643
0.32260500000000003
0.32560500000000003
0.328544
0.331329
0.33412200000000003
0.33682599999999996
0.339512
0.342102
0.344754
0.347232
0.34967800000000004
0.352138
0.35445000000000004
0.35679
0.359069
0.361344
0.36351500000000003
0.365563
0.367751
0.369706
0.371662
0.373612
0.375373
0.377368
0.379137

Vgs: 1.0
0.022532
0.022535200000000002
0.0225967
0.022793
0.023823399999999998
0.0266589
0.031604
0.0392631
0.048894799999999995
0.0606736
0.0746419
0.08895929999999999
0.11168800000000001
0.12789299999999998
0.14816
0.168178
0.190802
0.210659
0.230083
0.248767
0.265813
0.282408
0.298122
0.31375000000000003
0.32763699999999996
0.341893
0.355487
0.368436
0.381048
0.392785
0.40470300000000003
0.41597999999999996
0.427022
0.43784100000000004
0.448094
0.45842700000000003
0.46826799999999996
0.478373
0.48734700000000003
0.49648
0.505613
0.514257
0.5228929999999999
0.531308
0.539745
0.5475789999999999
0.55536
0.563425
0.5707070000000001
0.578075
0.585569
0.592245
0.5994550000000001
0.606152
0.612987
0.619505
0.6259790000000001
0.6322679999999999
0.638244
0.643389
0.650288
0.65612
0.661803
0.667384
0.668492
0.6685099999999999
0.6685350000000001
0.6685490000000001
0.668554
0.668566
0.668458
0.689636
0.7121379999999999
0.717414
0.721987
0.726353
0.7305929999999999
0.7348819999999999
0.739017
0.7429169999999999
0.746839

Vgs: 1.5
0.0327841
0.0327889
0.032865899999999997
0.03308
0.034172299999999996
0.037038600000000005
0.042063500000000004
0.049802799999999994
0.0593
0.07135860000000001
0.0853616
0.10458
0.119139
0.139363
0.160223
0.184033
0.20879
0.234796
0.263283
0.290361
0.319159
0.34899399999999997
0.374345
0.399905
0.424907
0.448974
0.471543
0.493932
0.5140159999999999
0.534415
0.5548109999999999
0.57343
0.590893
0.608329
0.62533
0.6422570000000001
0.6583519999999999
0.674885
0.6890499999999999
0.704092
0.71892
0.7329100000000001
0.746423
0.760641
0.773872
0.7867590000000001
0.799456
0.811814
0.823726
0.83591
0.8475159999999999
0.8588899999999999
0.870196
0.881197
0.892096
0.902811
0.9129659999999999
0.923166
0.933113
0.942914
0.9525720000000001
0.960681
0.97124
0.980264
0.9892679999999999
0.998112
1.00955
1.01636
1.02443
1.03264
1.04057
1.04825
1.0561800000000001
1.06342
1.07082
1.0780500000000002
1.08488
1.09181
1.09838
1.10515
1.1113799999999998

Vgs: 2.0
0.0428547
0.0428578
0.0429471
0.043181
0.0443487
0.0472387
0.0523562
0.0598392
0.0697748
0.0816398
0.09629860000000001
0.115124
0.13033
0.14985
0.171266
0.19544199999999998
0.21972499999999998
0.246478
0.274202
0.303178
0.330923
0.3674
0.399737
0.434298
0.468772
0.503923
0.538118
0.5706
0.602145
0.632683
0.662088
0.6895249999999999
0.716537
0.742649
0.767948
0.792348
0.8155789999999999
0.838687
0.860491
0.879586
0.9032789999999999
0.923812
0.943933
0.96422
0.9826570000000001
1.00644
1.02094
1.03894
1.05612
1.0735899999999998
1.09026
1.10636
1.1227399999999998
1.13871
1.15387
1.16945
1.1846
1.1985999999999999
1.21337
1.22718
1.24099
1.2544
1.26712
1.2805799999999998
1.29376
1.30687
1.31833
1.3307200000000001
1.34226
1.35423
1.36582
1.37684
1.38786
1.39882
1.40932
1.41967
1.4295600000000002
1.4398499999999999
1.44933
1.459
1.4683899999999999

Vgs: 2.5
0.0527377
0.052744200000000005
0.0528556
0.0530908
0.0542541
0.0571939
0.062422399999999996
0.0699576
0.0798381
0.0919575
0.108883
0.12229100000000001
0.140264
0.16027200000000003
0.18151699999999998
0.20542
0.230935
0.257065
0.285263
0.314332
0.346398
0.379553
0.412005
0.446551
0.483334
0.52042
0.5590350000000001
0.5986779999999999
0.638235
0.67915
0.719669
0.7587590000000001
0.796722
0.833748
0.867244
0.901516
0.934368
0.9659
0.9965379999999999
1.03323
1.05663
1.08392
1.11171
1.13799
1.1639000000000002
1.18916
1.2141000000000002
1.23789
1.26118
1.2844799999999998
1.3070899999999999
1.32948
1.35085
1.37209
1.3930399999999998
1.4135
1.43277
1.4526999999999999
1.4715
1.4908000000000001
1.50915
1.5273299999999999
1.54537
1.56234
1.57957
1.59706
1.61325
1.62948
1.64497
1.66096
1.67621
1.69133
1.70416
1.7202899999999999
1.73466
1.74851
1.76193
1.77554
1.7886
1.80168
1.814

Vgs: 3.0
0.06246249999999999
0.0624673
0.0625858
0.0628425
0.0640222
0.06705
0.0722934
0.0800666
0.0899128
0.10439599999999999
0.116174
0.13254400000000002
0.150186
0.170545
0.191881
0.21592599999999998
0.240972
0.267289
0.296207
0.325107
0.356812
0.38932
0.423112
0.457731
0.49432800000000005
0.532617
0.571751
0.6120410000000001
0.652277
0.689101
0.738958
0.784691
0.828561
0.873487
0.9198430000000001
0.96403
1.01688
1.05104
1.09089
1.1308799999999999
1.16932
1.2059600000000001
1.24231
1.27641
1.31089
1.34315
1.3748
1.40658
1.43665
1.46695
1.49569
1.52406
1.54817
1.5788600000000002
1.60697
1.63244
1.65755
1.68312
1.7074399999999998
1.73183
1.75584
1.77845
1.8016
1.82342
1.84603
1.86761
1.88862
1.90939
1.92938
1.95014
1.9694399999999999
1.98826
2.00761
2.02658
2.0443000000000002
2.0622700000000003
2.0799600000000003
2.09661
2.1133900000000003
2.1301699999999997
2.14613

Vgs: 3.5
0.072088
0.0720928
0.0722228
0.0724961
0.0737283
0.0767399
0.08205259999999999
0.0896506
0.0997715
0.114281
0.12612600000000002
0.142316
0.16011899999999998
0.180895
0.20232799999999998
0.226364
0.25122700000000003
0.27755199999999997
0.30674199999999996
0.335629
0.367369
0.40053
0.434049
0.469051
0.506472
0.5443410000000001
0.583334
0.623386
0.664724
0.708148
0.7527569999999999
0.7966829999999999
0.837373
0.8889819999999999
0.937002
0.986893
1.0468199999999999
1.0875299999999999
1.13731
1.18757
1.23642
1.28365
1.3308499999999999
1.37597
1.41814
1.46019
1.50037
1.54091
1.57866
1.6170200000000001
1.65375
1.68885
1.72434
1.75827
1.7920099999999999
1.82514
1.8565
1.8887699999999998
1.91932
1.94914
1.9796599999999998
2.00712
2.0355999999999996
2.0643
2.09077
2.11748
2.1434
2.16958
2.1945200000000002
2.21983
2.24408
2.26765
2.29131
2.3142
2.33695
2.35973
2.381
2.40258
2.42305
2.44376
2.46466

Vgs: 4.0
0.0815622
0.0815709
0.0817114
0.0820067
0.0832326
0.0863277
0.0917167
0.0993268
0.111419
0.121947
0.135838
0.152313
0.17001200000000002
0.1905
0.21199700000000002
0.235818
0.261077
0.287369
0.31637400000000004
0.3456
0.37744900000000003
0.410375
0.444548
0.479465
0.5162810000000001
0.5557719999999999
0.594873
0.636507
0.676177
0.718987
0.763737
0.8094009999999999
0.855136
0.902676
0.950556
1.01118
1.05131
1.10344
1.1543700000000001
1.20973
1.2727000000000002
1.31811
1.37191
1.42565
1.47981
1.53362
1.5824
1.63347
1.68022
1.72811
1.7740900000000002
1.81767
1.8606600000000002
1.90343
1.94388
1.9782799999999998
2.02312
2.06339
2.09938
2.13622
2.17273
2.20701
2.24172
2.27645
2.30866
2.34119
2.37278
2.4041900000000003
2.4346900000000002
2.46653
2.49553
2.5233299999999996
2.55208
2.57965
2.60713
2.63422
2.6601
2.68645
2.71137
2.73628
2.76113

Vgs: 4.5
0.0909675
0.0909825
0.09112909999999999
0.091422
0.0926992
0.0959876
0.10239999999999999
0.10917
0.118974
0.131181
0.145747
0.161874
0.179918
0.200596
0.222656
0.246732
0.271084
0.29725599999999996
0.326317
0.355883
0.38772999999999996
0.42058599999999996
0.45471900000000004
0.490042
0.527983
0.565631
0.604885
0.645925
0.687089
0.7303890000000001
0.775378
0.820732
0.8665510000000001
0.913768
0.96422
1.0237399999999999
1.06558
1.11724
1.16807
1.2233999999999998
1.27572
1.33156
1.38843
1.4455099999999999
1.5030899999999998
1.56189
1.62007
1.67922
1.73724
1.79467
1.84998
1.90409
1.9581600000000001
2.00895
2.05945
2.10904
2.15486
2.2021800000000002
2.246
2.28553
2.336
2.37622
2.41807
2.45865
2.49807
2.53752
2.5762300000000002
2.61233
2.6491499999999997
2.6862
2.72047
2.75399
2.78845
2.82159
2.85538
2.88707
2.91707
2.94936
2.97821
3.00777
3.03712

Vgs: 5.0
0.100209
0.10021000000000001
0.100381
0.100693
0.101976
0.105125
0.11016000000000001
0.11842599999999999
0.128523
0.140717
0.155181
0.170941
0.189417
0.210089
0.231731
0.255905
0.28032300000000004
0.30772299999999997
0.336143
0.365764
0.397555
0.43058
0.46474
0.49976899999999996
0.537562
0.575674
0.615491
0.6564439999999999
0.698538
0.741742
0.786198
0.832649
0.8790049999999999
0.92572
0.9736290000000001
1.03538
1.07668
1.12801
1.18159
1.2354
1.29118
1.3452799999999998
1.40236
1.45967
1.51874
1.57758
1.63683
1.69932
1.75999
1.82198
1.88425
1.9467899999999998
2.01023
2.06974
2.1142499999999997
2.19041
2.24735
2.30281
2.3578900000000003
2.4108300000000003
2.46326
2.51262
2.56163
2.6086
2.65049
2.7020999999999997
2.74778
2.7907100000000002
2.83384
2.8768000000000002
2.91835
2.95904
2.9994
3.03786
3.0759200000000004
3.1152599999999997
3.15035
3.1872100000000003
3.22123
3.25725
3.29081

Vgs: 5.5
0.109381
0.10938
0.109565
0.1099
0.111201
0.11440199999999999
0.119759
0.127706
0.137756
0.150289
0.16507
0.181124
0.19955799999999999
0.220429
0.241105
0.26523300000000005
0.290902
0.31467399999999995
0.346065
0.37676000000000004
0.407357
0.440971
0.475942
0.511756
0.546996
0.5861799999999999
0.6258400000000001
0.667637
0.708921
0.751863
0.796919
0.843161
0.8895150000000001
0.936178
0.985198
1.04684
1.08806
1.14066
1.19259
1.2464
1.3008600000000001
1.35994
1.41537
1.47295
1.53444
1.5914499999999998
1.65053
1.7131399999999999
1.77414
1.8387799999999999
1.90448
1.9653600000000002
2.0310900000000003
2.09588
2.16464
2.2289100000000004
2.29358
2.3603899999999998
2.4243099999999997
2.48731
2.54791
2.60771
2.66614
2.72247
2.7796000000000003
2.83409
2.8857399999999997
2.93792
2.98756
3.0316
3.08813
3.13305
3.1804799999999998
3.2254300000000002
3.27204
3.31379
3.35622
3.39928
3.43932
3.4805499999999996
3.5198199999999997

Vgs: 6.0
0.118497
0.118503
0.118699
0.119029
0.120371
0.12361899999999999
0.129092
0.13684100000000002
0.14704099999999998
0.159575
0.17405400000000001
0.190362
0.206829
0.22921
0.251696
0.275015
0.300448
0.32811599999999996
0.355883
0.385525
0.417342
0.45109099999999996
0.48521000000000003
0.5216160000000001
0.558469
0.596525
0.635839
0.676783
0.718494
0.761931
0.807718
0.853191
0.899649
0.946885
0.9961010000000001
1.05785
1.09989
1.1525400000000001
1.20422
1.259
1.31384
1.36958
1.42866
1.4868
1.544
1.6052600000000001
1.66391
1.7282300000000002
1.7895
1.8538999999999999
1.91642
1.9802000000000002
2.04879
2.11259
2.18259
2.23969
2.31505
2.38491
2.45296
2.52309
2.59295
2.66255
2.7309
2.79549
2.86421
2.92541
2.98606
3.04749
3.1050299999999997
3.16486
3.2200100000000003
3.2755900000000002
3.3300500000000004
3.38397
3.42529
3.48549
3.53411
3.58284
3.6291700000000002
3.63936
3.6395199999999996

Vgs: 6.5
0.127522
0.127527
0.127725
0.12807000000000002
0.12943000000000002
0.132798
0.138095
0.14599900000000002
0.156335
0.168794
0.183111
0.200051
0.21873199999999998
0.23882299999999998
0.260318
0.28487199999999996
0.310053
0.337312
0.342422
0.342496
0.342507
0.342522
0.342519
0.342514
0.440588
0.603003
0.647478
0.686939
0.728805
0.772303
0.8173860000000001
0.8633
0.911958
0.95812
1.0182200000000001
1.05885
1.1111
1.16224
1.21567
1.27006
1.32717
1.38058
1.4389800000000001
1.4974299999999998
1.55643
1.6163399999999999
1.67634
1.7391100000000002
1.80403
1.86546
1.93086
1.9937599999999998
2.0603000000000002
2.127
2.1959700000000004
2.26523
2.3312
2.4045799999999997
2.47394
2.54369
2.6138500000000002
2.68595
2.7589300000000003
2.8295
2.90296
2.9771799999999997
3.04509
3.1170899999999997
3.18393
3.25196
3.3173500000000002
3.38027
3.44459
3.5046399999999998
3.5660000000000003
3.62249
3.67814
3.7257800000000003
3.78898
3.84315
3.89543

Vgs: 7.0
0.13647
0.13647900000000002
0.13669800000000001
0.13707699999999998
0.13844
0.14174399999999998
0.14722100000000002
0.155224
0.16549499999999998
0.177976
0.192963
0.209791
0.22751800000000003
0.248055
0.26991
0.294184
0.32006
0.34681
0.375405
0.405008
0.43861900000000004
0.47098
0.505434
0.540331
0.578129
0.616683
0.657067
0.698662
0.738811
0.782783
0.829327
0.8735
0.921354
0.9678329999999999
1.0286
1.0693300000000001
1.1206099999999999
1.1738199999999999
1.2263199999999999
1.27816
1.33592
1.39144
1.4520600000000001
1.50784
1.56756
1.62819
1.6877199999999999
1.75069
1.8125
1.8770499999999999
1.94181
2.0069
2.07416
2.14034
2.20974
2.2761299999999998
2.3437200000000002
2.41397
2.48622
2.55695
2.62786
2.69977
2.7742600000000004
2.85028
2.9231700000000003
2.99693
3.07031
3.14836
3.22057
3.30012
3.37188
3.44404
3.5167100000000002
3.5858700000000003
3.65718
3.72251
3.78664
3.8518499999999998
3.90575
3.97505
4.03862

Vgs: 7.5
0.145256
0.145279
0.14546900000000001
0.145849
0.14727300000000002
0.15076900000000001
0.15621600000000002
0.164189
0.174628
0.187057
0.201686
0.219154
0.236668
0.25735899999999995
0.280119
0.304012
0.329357
0.355898
0.385858
0.414724
0.447277
0.48048399999999997
0.5151650000000001
0.5500200000000001
0.587352
0.626535
0.666239
0.707869
0.748672
0.792444
0.837623
0.884253
0.930508
0.9788189999999999
1.03889
1.0792499999999998
1.13241
1.1846
1.23646
1.29087
1.34622
1.40266
1.46238
1.5183499999999999
1.5777700000000001
1.63762
1.69798
1.7623199999999999
1.8242099999999999
1.88787
1.95354
2.01717
2.0837999999999997
2.15103
2.21799
2.28919
2.35654
2.42727
2.49649
2.56851
2.64052
2.71305
2.7881
2.86117
2.93575
3.01106
3.08644
3.16496
3.23843
3.3166900000000004
3.39551
3.4718299999999997
3.55275
3.6298
3.70752
3.7832600000000003
3.85702
3.9279500000000005
3.99973
4.06943
4.12071

Vgs: 8.0
0.15395999999999999
0.153981
0.154203
0.15459
0.156026
0.15947499999999998
0.16494599999999998
0.173003
0.182552
0.19636
0.211041
0.22779000000000002
0.24611000000000002
0.266914
0.288872
0.313902
0.33864
0.36552999999999997
0.395846
0.426041
0.45711
0.49012999999999995
0.524942
0.56023
0.5991110000000001
0.637226
0.676884
0.719287
0.7593460000000001
0.8031619999999999
0.848432
0.894285
0.941325
0.990612
1.0496100000000002
1.09094
1.1426100000000001
1.19432
1.24675
1.30078
1.3573700000000002
1.41287
1.47183
1.52934
1.5887099999999998
1.65009
1.709
1.7717399999999999
1.83431
1.89905
1.9631599999999998
2.02865
2.09491
2.1614
2.23114
2.29834
2.36805
2.4381899999999996
2.50832
2.58071
2.65257
2.7274000000000003
2.79993
2.87297
2.94876
3.02612
3.1031
3.17821
3.25639
3.33499
3.41011
3.47895
3.5693
3.64663
3.7268700000000003
3.80746
3.88697
3.96995
4.04646
4.12615
4.20203
