Vgs range: 0,8,0.1
Vds range: 0,8,0.5

Vgs: 0.0
5.1060399999999997e-05
5.2350000000000005e-05
5.47678e-05
5.76354e-05
5.84297e-05
5.9789799999999995e-05
6.77566e-05
6.53431e-05
7.21635e-05
7.87718e-05
8.05154e-05
8.378400000000001e-05
8.361760000000001e-05
8.57729e-05
8.91519e-05
9.160019999999999e-05
9.522719999999999e-05
9.58729e-05
9.873069999999999e-05
9.928500000000001e-05
0.00013485
0.000137611
0.000140323
0.000141576
0.000144144
0.000146222
0.000149877
0.00015372200000000002
0.000151741
0.000157399
0.000157612
0.000159257
0.000161901
0.000158845
0.000161273
0.00016245700000000002
0.000164351
0.00016391099999999998
0.00016623900000000002
0.000164618
0.000165549
0.000165486
0.000165889
0.000164086
0.000162648
0.00016359800000000001
0.0001616
0.000166934
0.000158343
0.000160514
0.00015835399999999998
0.000162033
0.000158505
0.00016108599999999998
0.000158607
0.000158102
0.000150798
0.000154771
0.00015349599999999998
0.0001529
0.000153624
0.00014967799999999999
0.000149853
0.000146701
0.000145758
0.00014695500000000002
0.00014395199999999998
0.0001433
0.000140819
0.000141506
0.00013823699999999998
0.00013874799999999998
0.000130912
0.00013503299999999998
0.000130044
0.00012575
0.000122193
0.00012179799999999999
0.000112737
0.000109304
0.000100183

Vgs: 0.5
0.011897499999999998
0.0118996
0.0119451
0.0121141
0.0130859
0.015801
0.0206521
0.027842
0.037404299999999994
0.048554799999999995
0.0604986
0.0724535
0.0834947
0.0944903
0.106383
0.114479
0.12316500000000001
0.131939
0.139998
0.14771700000000001
0.154337
0.162523
0.169517
0.17599900000000002
0.182352
0.188713
0.194641
0.200556
0.205825
0.211316
0.21667
0.221771
0.226732
0.231598
0.236182
0.24104
0.245362
0.24989899999999998
0.254012
0.257993
0.262415
0.26625299999999996
0.270306
0.27436499999999997
0.277952
0.281599
0.285161
0.28868299999999997
0.29201699999999997
0.29542799999999997
0.29877400000000004
0.301967
0.305141
0.308147
0.31139500000000003
0.314458
0.317351
0.320025
0.322787
0.325569
0.328403
0.330969
0.333522
0.336013
0.338136
0.340305
0.33797699999999997
0.342733
0.345426
0.348355
0.349913
0.35165100000000005
0.353957
0.35586199999999996
0.35818
0.36033000000000004
0.362475
0.364464
0.366267
0.36796300000000004
0.370075

Vgs: 1.0
0.0223823
0.022386
0.0224469
0.022633
0.0236768
0.0264826
0.031445400000000005
0.0388122
0.0487791
0.060479700000000004
0.07437830000000001
0.0901778
0.11136700000000001
0.12804
0.148022
0.169404
0.190095
0.209861
0.229204
0.24689999999999998
0.264282
0.28097700000000003
0.296651
0.311224
0.325638
0.339781
0.35296
0.365832
0.37798
0.390035
0.401817
0.41296099999999997
0.423929
0.434447
0.44473199999999996
0.454773
0.464611
0.47407900000000003
0.48323
0.49237499999999995
0.501254
0.5097609999999999
0.518329
0.52659
0.534684
0.542583
0.549041
0.54018
0.560224
0.554187
0.574532
0.568728
0.586334
0.587099
0.600703
0.597586
0.6110939999999999
0.618227
0.624019
0.630224
0.6354839999999999
0.641081
0.646442
0.650951
0.656907
0.661866
0.6667879999999999
0.672436
0.6758890000000001
0.67942
0.686041
0.690731
0.694322
0.699457
0.704075
0.7068530000000001
0.712823
0.715234
0.718952
0.726437
0.724892

Vgs: 1.5
0.0325629
0.0325648
0.032643
0.032857500000000005
0.0337417
0.036875200000000004
0.041814199999999996
0.049309399999999996
0.059057
0.07093709999999999
0.085041
0.104216
0.11866199999999999
0.13888299999999998
0.160376
0.18298199999999998
0.20880900000000002
0.233812
0.26212799999999997
0.28978
0.318721
0.34676900000000005
0.373303
0.39878
0.42316800000000004
0.446871
0.469658
0.49085
0.512086
0.53192
0.5507599999999999
0.5691160000000001
0.5869500000000001
0.604638
0.6212799999999999
0.638183
0.653742
0.66927
0.684231
0.698952
0.713475
0.727545
0.741468
0.754567
0.767971
0.7807120000000001
0.79259
0.805021
0.816811
0.828701
0.840396
0.8512940000000001
0.86244
0.873338
0.8838309999999999
0.8944890000000001
0.904496
0.914632
0.922565
0.930898
0.9424779999999999
0.951828
0.960902
0.970219
0.9788950000000001
0.98772
0.9952120000000001
1.00634
1.01354
1.0212400000000001
1.02729
1.03633
1.04436
1.05155
1.05817
1.0656299999999999
1.07242
1.0793300000000001
1.08613
1.09279
1.09891

Vgs: 2.0
0.0425542
0.0425597
0.042651400000000006
0.0428772
0.0439913
0.0470088
0.052008
0.0594921
0.06951199999999999
0.08210970000000001
0.09546690000000001
0.114739
0.12997
0.149367
0.170884
0.194692
0.217746
0.245322
0.274902
0.30299899999999996
0.333931
0.367198
0.398941
0.433151
0.46745899999999996
0.5028590000000001
0.537231
0.569145
0.6005469999999999
0.6303570000000001
0.659436
0.688086
0.713935
0.7397400000000001
0.7645949999999999
0.788567
0.812701
0.8353349999999999
0.856178
0.87799
0.8986820000000001
0.918807
0.939231
0.958569
0.9774729999999999
0.995519
1.01863
1.03294
1.05025
1.067
1.0833
1.09939
1.11566
1.13161
1.14632
1.16143
1.1759
1.1903199999999998
1.2046
1.21849
1.23183
1.24513
1.26102
1.27134
1.28389
1.2962799999999999
1.30832
1.32045
1.33189
1.34371
1.35486
1.3654
1.3762500000000002
1.3866900000000002
1.397
1.40755
1.4173499999999999
1.42731
1.43673
1.4460899999999999
1.4554

Vgs: 2.5
0.052364799999999996
0.0523695
0.0524771
0.0527344
0.053884800000000004
0.0568341
0.062078799999999996
0.0695509
0.0794154
0.0915314
0.10839900000000001
0.122455
0.13948000000000002
0.159643
0.181562
0.204397
0.229758
0.25644900000000004
0.284977
0.314046
0.344926
0.377432
0.41127600000000003
0.445355
0.481745
0.519391
0.558093
0.597192
0.6367820000000001
0.6778160000000001
0.7184360000000001
0.7565449999999999
0.7940309999999999
0.829592
0.862659
0.8984989999999999
0.930555
0.9618610000000001
0.9921409999999999
1.02857
1.05133
1.07922
1.10603
1.1322299999999998
1.15777
1.1827999999999999
1.20663
1.23149
1.25444
1.2765199999999999
1.29938
1.32031
1.34202
1.36325
1.38287
1.40319
1.4229500000000002
1.4402300000000001
1.45988
1.47846
1.49693
1.5141499999999999
1.53232
1.5487199999999999
1.56686
1.58266
1.59815
1.61438
1.6308799999999999
1.64548
1.66082
1.67555
1.6905100000000002
1.7043
1.71831
1.73126
1.74467
1.75828
1.77137
1.78373
1.79657

Vgs: 3.0
0.0620342
0.062039199999999996
0.062158
0.0624173
0.0635899
0.0665846
0.0718508
0.07937079999999999
0.08928570000000001
0.10387600000000001
0.115535
0.131761
0.149494
0.169738
0.191219
0.215475
0.23993899999999999
0.26654
0.295061
0.324156
0.35557
0.388077
0.423241
0.456271
0.492895
0.5314369999999999
0.571704
0.6100479999999999
0.650814
0.694655
0.737625
0.780683
0.825469
0.8714569999999999
0.9159529999999999
0.961372
1.01298
1.0466900000000001
1.08698
1.1258100000000002
1.1634200000000001
1.2012800000000001
1.2350700000000001
1.2686799999999998
1.3034
1.33448
1.3661400000000001
1.39728
1.42735
1.4572100000000001
1.4858
1.5139
1.54163
1.56756
1.58998
1.6193600000000001
1.64429
1.66838
1.69246
1.7120099999999998
1.72181
1.74724
1.7754400000000001
1.79017
1.81254
1.82611
1.8552600000000001
1.8766500000000002
1.8906
1.9025999999999998
1.92743
1.9464700000000001
1.96481
1.9842499999999998
1.99877
2.0181600000000004
2.03505
2.05013
2.0667799999999996
2.08594
2.09816

Vgs: 3.5
0.0715564
0.0715642
0.0716917
0.0719555
0.0727789
0.0761695
0.08132149999999999
0.0890968
0.0988247
0.113392
0.12565300000000001
0.14120300000000002
0.15961099999999998
0.17842
0.20061400000000001
0.224137
0.24912399999999998
0.27553300000000003
0.304849
0.333268
0.364161
0.396237
0.430427
0.464551
0.500654
0.539453
0.5775720000000001
0.6179
0.657362
0.700425
0.745116
0.788582
0.834249
0.879165
0.926539
0.9762230000000001
1.03372
1.07484
1.1233899999999999
1.17222
1.22041
1.26642
1.31236
1.35582
1.39631
1.43782
1.47725
1.51663
1.55472
1.5925500000000001
1.62699
1.6573799999999999
1.69585
1.7315099999999999
1.7612999999999999
1.78994
1.82354
1.85484
1.88426
1.91382
1.9416900000000001
1.9701800000000003
2.00088
2.02298
2.04963
2.07444
2.0962
2.12779
2.1482799999999997
2.17033
2.19736
2.2174899999999997
2.2392100000000004
2.26498
2.2822400000000003
2.3084
2.33023
2.3445300000000002
2.36817
2.3886
2.40068

Vgs: 4.0
0.0809778
0.08099400000000001
0.08112989999999999
0.0814171
0.0825943
0.0858016
0.0909095
0.0988385
0.110518
0.120925
0.13531900000000002
0.150949
0.168878
0.188691
0.210418
0.234031
0.25890100000000005
0.285817
0.313794
0.343049
0.37440599999999996
0.407054
0.44062
0.475097
0.511838
0.5509
0.588372
0.628286
0.667995
0.711747
0.7560870000000001
0.799888
0.844565
0.890637
0.939353
0.98794
1.0495
1.0907499999999999
1.13909
1.1913099999999999
1.2409599999999998
1.28817
1.35216
1.40461
1.45829
1.51146
1.55785
1.60937
1.6502000000000001
1.7025000000000001
1.74673
1.79017
1.83232
1.87083
1.91048
1.9499199999999999
1.9852400000000001
2.02615
2.06201
2.10047
2.13757
2.1710100000000003
2.20466
2.23603
2.26701
2.29981
2.3290300000000004
2.3558199999999996
2.3885400000000003
2.4067200000000004
2.44128
2.4685699999999997
2.49698
2.5232
2.55138
2.57515
2.59493
2.61542
2.6478800000000002
2.66945
2.68935

Vgs: 4.5
0.0902946
0.09030490000000001
0.0904608
0.09075269999999999
0.09199270000000001
0.09508520000000001
0.101591
0.108168
0.118014
0.13000899999999999
0.144714
0.16085200000000002
0.17850400000000002
0.198685
0.220211
0.243527
0.268805
0.29485
0.322709
0.353551
0.38354
0.415974
0.449491
0.483511
0.5213420000000001
0.558542
0.598557
0.638714
0.678885
0.721891
0.7651249999999999
0.8079759999999999
0.856401
0.900428
0.948906
0.9993479999999999
1.05834
1.09918
1.15129
1.20583
1.2564600000000001
1.31032
1.35714
1.42198
1.47952
1.53739
1.59034
1.65199
1.7063899999999999
1.7585000000000002
1.8063
1.8717
1.92245
1.9777200000000001
2.0234900000000002
2.06261
2.10365
2.14494
2.20754
2.23984
2.27969
2.31718
2.3579999999999997
2.40113
2.44151
2.47357
2.5169300000000003
2.55182
2.57687
2.6154699999999997
2.6538
2.68662
2.72188
2.75461
2.78292
2.81288
2.84146
2.87236
2.90035
2.92793
2.95719

Vgs: 5.0
0.0994399
0.0994535
0.0996194
0.09991030000000001
0.101426
0.104117
0.10947
0.116906
0.126934
0.13869399999999998
0.152755
0.168908
0.187048
0.206307
0.227308
0.25180800000000003
0.27409
0.294979
0.32871300000000003
0.360673
0.39210500000000004
0.421915
0.46193599999999996
0.49534000000000006
0.5328149999999999
0.5705330000000001
0.609706
0.64956
0.6906650000000001
0.733496
0.778883
0.823369
0.868033
0.915317
0.9633130000000001
1.0243
1.06551
1.11768
1.16886
1.2188100000000002
1.2764600000000002
1.33043
1.3865500000000002
1.4447100000000002
1.4998500000000001
1.55894
1.619
1.6808400000000001
1.7380900000000001
1.79908
1.86211
1.92094
1.9828200000000002
2.04152
2.09951
2.15569
2.2144600000000003
2.26729
2.3162399999999996
2.37399
2.42334
2.47372
2.52295
2.5708699999999998
2.61731
2.66306
2.7058899999999997
2.74896
2.7920100000000003
2.83299
2.87346
2.91503
2.9545600000000003
2.99254
3.02616
3.05735
3.09661
3.13226
3.16196
3.19892
3.22833

Vgs: 5.5
0.108605
0.10861699999999999
0.108793
0.109104
0.110416
0.113495
0.118917
0.126544
0.136611
0.14882
0.163296
0.176965
0.197462
0.217536
0.23903
0.262952
0.288384
0.31500799999999995
0.343437
0.372782
0.405462
0.43726000000000004
0.47156200000000004
0.506571
0.544226
0.5825370000000001
0.622455
0.663581
0.702692
0.746918
0.785346
0.836751
0.882993
0.931781
0.979092
1.03986
1.0806399999999998
1.13232
1.18387
1.23784
1.2900800000000001
1.34697
1.40335
1.4616500000000001
1.51986
1.5785
1.63638
1.69938
1.75837
1.82324
1.8857
1.94826
2.0141899999999997
2.07446
2.13071
2.1878800000000003
2.2503200000000003
2.31418
2.37647
2.4401800000000002
2.49886
2.5561
2.6141900000000002
2.66846
2.7227200000000003
2.77711
2.8284
2.87766
2.9258800000000003
2.9771099999999997
3.02184
3.06773
3.11309
3.15736
3.20042
3.24433
3.28526
3.3252300000000004
3.36551
3.40406
3.44288

Vgs: 6.0
0.11767100000000001
0.117673
0.117844
0.118178
0.119469
0.122752
0.12826800000000002
0.135256
0.145935
0.158239
0.17286600000000002
0.189489
0.206749
0.227533
0.24993900000000002
0.27327599999999996
0.298211
0.324602
0.353587
0.382985
0.415142
0.447731
0.481527
0.516937
0.553766
0.59205
0.631688
0.671629
0.713465
0.756397
0.801353
0.847413
0.8925139999999999
0.939773
0.988711
1.04944
1.0910099999999998
1.1440599999999999
1.1961899999999999
1.24831
1.3027799999999998
1.35756
1.41484
1.472
1.53027
1.5736599999999998
1.6513
1.71042
1.77182
1.8353300000000001
1.89805
1.9610500000000002
2.02671
2.0914
2.16021
2.21393
2.2939100000000003
2.3603199999999998
2.42761
2.49678
2.5659099999999997
2.63451
2.7022399999999998
2.76689
2.83221
2.89348
2.95462
3.01367
3.07119
3.1294600000000004
3.18578
3.2388999999999997
3.29309
3.34385
3.39559
3.4450499999999997
3.49484
3.54149
3.58809
3.63452
3.67981

Vgs: 6.5
0.126659
0.126672
0.12688
0.127217
0.12853499999999998
0.13179700000000003
0.137218
0.14501999999999998
0.155249
0.167787
0.182122
0.198413
0.21673499999999998
0.23681
0.258383
0.283003
0.308322
0.33419899999999997
0.363769
0.393692
0.424385
0.457087
0.492728
0.5271950000000001
0.563559
0.6019899999999999
0.642159
0.681959
0.723296
0.76684
0.811322
0.856346
0.9029659999999999
0.949948
0.998587
1.05985
1.10168
1.15262
1.20546
1.25865
1.31593
1.36633
1.42751
1.48682
1.54261
1.60184
1.66093
1.7229999999999999
1.78416
1.84971
1.9111799999999999
1.97424
2.03925
2.10604
2.1738500000000003
2.23973
2.30667
2.37854
2.44466
2.51447
2.58079
2.65665
2.73003
2.79895
2.87179
2.94226
3.01086
3.08106
3.14873
3.21741
3.27962
3.3423
3.40354
3.46309
3.52294
3.58006
3.63576
3.69124
3.74407
3.7938400000000003
3.84922

Vgs: 7.0
0.135519
0.13552799999999998
0.135723
0.136072
0.13741
0.140652
0.146341
0.15427600000000002
0.164164
0.176928
0.191082
0.207755
0.225909
0.24641300000000002
0.268908
0.292841
0.317109
0.343662
0.372934
0.402801
0.43442699999999995
0.468366
0.501952
0.507663
0.5077659999999999
0.5077769999999999
0.507798
0.507826
0.507864
0.626597
0.816777
0.866634
0.913625
0.960288
1.01974
1.06088
1.11107
1.1639700000000002
1.21429
1.26818
1.32355
1.3785
1.43814
1.49709
1.5524200000000001
1.61169
1.67074
1.7332999999999998
1.7968700000000002
1.8577400000000002
1.92228
1.98949
2.02475
2.07223
2.14052
2.05091
2.26227
2.33263
2.41563
2.48451
2.55666
2.63123
2.70178
2.77368
2.84644
2.92084
2.9934100000000003
3.0675199999999996
3.14043
3.21603
3.28962
3.36139
3.43181
3.50044
3.56856
3.63366
3.6967800000000004
3.7538
3.82126
3.88404
3.9416499999999997

Vgs: 7.5
0.144148
0.144156
0.14437799999999998
0.144721
0.146005
0.14924099999999998
0.154446
0.16240100000000002
0.17224499999999998
0.18490299999999998
0.19881200000000002
0.21524000000000001
0.23314700000000002
0.25352
0.27418000000000003
0.297871
0.32330800000000004
0.349319
0.377568
0.407572
0.437819
0.47025700000000004
0.503429
0.5377179999999999
0.573802
0.6127469999999999
0.6502110000000001
0.69139
0.730551
0.772149
0.8087650000000001
0.860436
0.905673
0.951266
0.998503
1.0586300000000002
1.0992
1.14889
1.20103
1.25157
1.30697
1.35954
1.41465
1.4715399999999998
1.52805
1.5852
1.64242
1.70433
1.7664499999999999
1.82825
1.89134
1.94943
2.01417
2.07237
2.14499
2.20923
2.2769399999999997
2.34199
2.4093500000000003
2.4779099999999996
2.5470900000000003
2.61578
2.68747
2.7575600000000002
2.82901
2.9018300000000004
2.97422
3.04928
3.12428
3.20069
3.27723
3.35004
3.41795
3.49985
3.57688
3.6537800000000002
3.72176
3.79431
3.86515
3.93468
4.0038599999999995

Vgs: 8.0
0.152856
0.15286
0.153079
0.15343400000000001
0.15476600000000001
0.158003
0.16341
0.171306
0.181424
0.19383399999999998
0.208156
0.224766
0.242668
0.263157
0.285326
0.308954
0.333928
0.360227
0.38931000000000004
0.418814
0.45075
0.48241100000000003
0.516989
0.5513309999999999
0.587917
0.626575
0.6650360000000001
0.7052729999999999
0.746083
0.79025
0.83255
0.877392
0.9241250000000001
0.963669
1.02893
1.0684500000000001
1.11884
1.16476
1.22044
1.27436
1.32799
1.3823699999999999
1.43936
1.49773
1.55214
1.61111
1.66939
1.7309700000000001
1.7905499999999999
1.85361
1.9152399999999998
1.9780900000000001
2.04244
2.10655
2.1736
2.2399899999999997
2.3060899999999998
2.37483
2.44129
2.51203
2.58079
2.65056
2.7234999999999996
2.79298
2.86617
2.9402999999999997
3.01097
3.08547
3.15854
3.23509
3.3119899999999998
3.38551
3.46229
3.5372899999999996
3.61584
3.69508
3.77079
3.8475699999999997
3.92134
3.9995100000000003
4.07609
