Vgs range: 0,8,0.5
Vds range: 0,8,0.1

Vgs: 0.0
1.97085e-05
0.0030802000000000004
0.0054865800000000004
0.00772187
0.00992429
0.0121116
0.0142826
0.016439600000000002
0.018582900000000003
0.0207104
0.0228256
0.0249301
0.0270221
0.029104599999999998
0.0311789
0.033245
0.0353026
0.0373534
0.039397100000000004
0.041434399999999996
0.0434663
0.0454771
0.0474997
0.049509399999999995
0.0515211
0.053527
0.055525
0.0575159
0.0594987
0.06148939999999999
0.0634586
0.0654354
0.0673942
0.06935799999999999
0.071319
0.0732821
0.0752236
0.0771749
0.0791108
0.0810486
0.0829678
0.084898
0.08682240000000001
0.08874420000000001
0.09066450000000001
0.0925665
0.0944812
0.09638429999999999
0.0982769
0.10014200000000001
0.102045
0.103929
0.105793
0.10767299999999999
0.109548
0.111421
0.113293
0.115166
0.117026
0.118887
0.120742
0.12259599999999998
0.124452
0.12631
0.128149
0.129992
0.131817
0.133676
0.13550800000000002
0.137354
0.13917500000000002
0.141012
0.142821
0.14465
0.146477
0.14829
0.150098
0.151921
0.153732
0.15553299999999998
0.157342

Vgs: 0.5
2.70441e-05
0.00634277
0.00976821
0.0121358
0.0143731
0.016582299999999998
0.0187681
0.0209371
0.023091
0.0252277
0.02735
0.029458
0.0315556
0.0336408
0.0357197
0.037789500000000004
0.039851700000000004
0.0419101
0.0439577
0.0459967
0.0480301
0.0500431
0.0520667
0.0540818
0.0560973
0.058095
0.0600987
0.062095399999999995
0.0640841
0.066073
0.0680499
0.0700392
0.0720062
0.07396509999999999
0.0759267
0.0778953
0.0798472
0.0817942
0.0837434
0.08568310000000001
0.0876245
0.0895736
0.091505
0.0934289
0.0953621
0.0972848
0.0992006
0.10109699999999999
0.103015
0.104906
0.10682
0.108711
0.110622
0.11252
0.114412
0.11628799999999999
0.118173
0.12005199999999999
0.12193699999999999
0.12383199999999998
0.125704
0.12757
0.129441
0.131326
0.133191
0.135043
0.136905
0.138772
0.140651
0.142485
0.144347
0.146198
0.14806
0.149892
0.15174200000000002
0.153582
0.155429
0.157278
0.159136
0.16097
0.162795

Vgs: 1.0
5.20276e-06
0.0186674
0.0340452
0.0465346
0.0562098
0.06308920000000001
0.0674882
0.0703599
0.07274030000000001
0.0750057
0.0772287
0.0794373
0.08161120000000001
0.0837626
0.08590629999999999
0.0880329
0.090152
0.09226430000000001
0.0943677
0.096459
0.0985413
0.10060000000000001
0.102677
0.10473099999999999
0.10680500000000001
0.10885
0.110898
0.112928
0.11513899999999999
0.116994
0.119017
0.12103
0.12310700000000001
0.12486499999999999
0.127355
0.129063
0.131034
0.13303199999999998
0.135018
0.13700400000000001
0.13898
0.140954
0.14292100000000002
0.14488700000000002
0.14684799999999998
0.14880300000000002
0.15076299999999998
0.152735
0.154685
0.156636
0.15857
0.16051100000000001
0.16244299999999998
0.164402
0.166346
0.168278
0.1702
0.172151
0.174148
0.17601699999999998
0.17793799999999999
0.17987799999999998
0.181808
0.183745
0.185671
0.18759599999999998
0.189517
0.191453
0.193389
0.195291
0.197211
0.199121
0.201053
0.202984
0.20490999999999998
0.206846
0.208773
0.21074500000000002
0.212642
0.21458
0.216498

Vgs: 1.5
3.8837599999999996e-05
0.0281415
0.053491
0.076788
0.09784419999999999
0.11652199999999999
0.132925
0.146964
0.15834900000000002
0.167236
0.173659
0.177908
0.18077300000000002
0.183279
0.185666
0.187975
0.190247
0.19247799999999998
0.194696
0.196892
0.199045
0.20119800000000002
0.20334
0.205449
0.207572
0.209673
0.21177500000000002
0.213853
0.215936
0.218002
0.219509
0.222158
0.224906
0.226306
0.228285
0.23034
0.23224899999999998
0.234209
0.236228
0.238432
0.24029899999999998
0.243126
0.244325
0.246375
0.24838699999999997
0.25039399999999995
0.252156
0.254405
0.256413
0.258402
0.260389
0.262394
0.264409
0.266392
0.268388
0.27038399999999996
0.272372
0.27437799999999996
0.27644300000000005
0.27839400000000003
0.280408
0.282464
0.28445899999999996
0.286308
0.288507
0.290444
0.292534
0.29457099999999997
0.296661
0.298716
0.300846
0.30280599999999996
0.30490900000000004
0.306953
0.30901700000000004
0.31109200000000004
0.313186
0.315243
0.317386
0.31930800000000004
0.321556

Vgs: 2.0
5.7844300000000005e-05
0.0356204
0.06894860000000001
0.100209
0.129696
0.157534
0.183477
0.20762999999999998
0.229786
0.24987400000000004
0.267848
0.28324999999999995
0.297108
0.30822299999999997
0.316954
0.32341200000000003
0.327899
0.331158
0.33387100000000003
0.336401
0.33883300000000005
0.34120199999999995
0.343553
0.345848
0.348137
0.350398
0.35261
0.354809
0.356992
0.359174
0.361657
0.36357
0.365579
0.36796799999999996
0.370092
0.371887
0.37400900000000004
0.376091
0.378181
0.380261
0.382323
0.384434
0.386467
0.388517
0.390709
0.392733
0.394758
0.39670900000000003
0.398874
0.400926
0.402979
0.404902
0.40700600000000003
0.408999
0.411151
0.413244
0.415326
0.41742599999999996
0.419417
0.421241
0.42345499999999997
0.42555099999999996
0.427514
0.429572
0.43173300000000003
0.433829
0.435882
0.438042
0.440282
0.442463
0.44466900000000004
0.446834
0.44905500000000004
0.45128799999999997
0.453568
0.455824
0.45809900000000003
0.46038999999999997
0.462699
0.46500699999999995
0.46735

Vgs: 2.5
6.24095e-05
0.0417431
0.0814345
0.119502
0.156101
0.191209
0.224803
0.256849
0.287318
0.316153
0.343271
0.368695
0.392363
0.414163
0.43404499999999996
0.451844
0.467733
0.481366
0.49277000000000004
0.501969
0.508993
0.514013
0.5177390000000001
0.520782
0.523559
0.526206
0.528759
0.531204
0.5336540000000001
0.5360710000000001
0.538438
0.5407759999999999
0.543072
0.545358
0.547615
0.5498649999999999
0.5520860000000001
0.5543119999999999
0.556508
0.558701
0.560852
0.562822
0.565137
0.567242
0.569361
0.571477
0.573414
0.575746
0.57782
0.579928
0.581909
0.584054
0.586164
0.588096
0.5903780000000001
0.592391
0.594568
0.596698
0.598667
0.600889
0.60306
0.605221
0.607424
0.6095729999999999
0.611791
0.614003
0.616229
0.618486
0.620758
0.62298
0.625529
0.627668
0.6300830000000001
0.632487
0.634847
0.63757
0.640038
0.6425489999999999
0.6449649999999999
0.647854
0.650505

Vgs: 3.0
7.077199999999999e-05
0.0470835
0.09226999999999999
0.136013
0.17848899999999998
0.219668
0.25955100000000003
0.298118
0.335364
0.371235
0.405684
0.43862300000000004
0.47036700000000004
0.500485
0.529077
0.55589
0.581229
0.604938
0.626911
0.647049
0.665225
0.681362
0.695587
0.707644
0.717442
0.725252
0.731233
0.73557
0.739124
0.7421220000000001
0.745176
0.747911
0.750552
0.753162
0.755725
0.758226
0.760656
0.763092
0.7655449999999999
0.767934
0.769884
0.77225
0.774556
0.7767580000000001
0.779144
0.7814789999999999
0.783431
0.786025
0.788401
0.790577
0.7924059999999999
0.794472
0.7968540000000001
0.799017
0.801404
0.803285
0.805867
0.808049
0.810344
0.812593
0.8148139999999999
0.816603
0.819017
0.8209569999999999
0.823431
0.825722
0.828327
0.830224
0.832935
0.8348169999999999
0.8380650000000001
0.840001
0.842281
0.844918
0.846913
0.849132
0.851975
0.855572
0.858379
0.861035
0.863339

Vgs: 3.5
7.99548e-05
0.0517255
0.101686
0.150352
0.197878
0.244269
0.28951600000000005
0.33354700000000004
0.376563
0.418332
0.45891299999999996
0.49821800000000005
0.5364420000000001
0.573139
0.6090289999999999
0.643425
0.6764950000000001
0.708131
0.737973
0.7672059999999999
0.7944869999999999
0.819767
0.844281
0.866675
0.88709
0.9058090000000001
0.9224399999999999
0.937478
0.950797
0.9614670000000001
0.9704079999999999
0.9772750000000001
0.9825579999999999
0.9866409999999999
0.990093
0.9932730000000001
0.996238
0.9990839999999999
1.0033699999999999
1.0060799999999999
1.00881
1.01135
1.01326
1.01569
1.01855
1.02052
1.02362
1.02609
1.02877
1.03087
1.03298
1.03553
1.03789
1.04046
1.04265
1.04488
1.04705
1.04929
1.0516699999999999
1.05391
1.05623
1.05847
1.06076
1.06305
1.06524
1.06723
1.0695800000000002
1.0722399999999999
1.0745399999999998
1.07718
1.0794599999999999
1.08205
1.08292
1.0891099999999998
1.08794
1.09128
1.09548
1.09719
1.1010099999999998
1.10321
1.1065800000000001

Vgs: 4.0
6.80176e-05
0.0559451
0.110209
0.163249
0.21528899999999998
0.266282
0.316288
0.365241
0.413199
0.460142
0.50597
0.5508270000000001
0.594638
0.637394
0.679226
0.719984
0.7603
0.79772
0.834706
0.870728
0.905093
0.938704
0.9710730000000001
1.00318
1.03228
1.06001
1.0861200000000002
1.11069
1.1336300000000001
1.1549
1.17432
1.19198
1.20767
1.2214800000000001
1.2332400000000001
1.24311
1.25095
1.2573
1.2618
1.26591
1.2692700000000001
1.27258
1.2756399999999999
1.27841
1.28227
1.28474
1.2863600000000002
1.2892
1.2925300000000002
1.29511
1.29847
1.3020399999999999
1.30406
1.3070499999999998
1.30881
1.3121999999999998
1.31298
1.31547
1.31785
1.32024
1.3226200000000001
1.325
1.32734
1.3296700000000001
1.33201
1.33441
1.33674
1.33906
1.34149
1.3439
1.34636
1.3487900000000002
1.35133
1.3574
1.35696
1.35859
1.3613099999999998
1.36463
1.368
1.3717899999999998
1.3738299999999999

Vgs: 4.5
7.906909999999999e-05
0.0597188
0.117853
0.174841
0.230926
0.28607699999999997
0.340318
0.393627
0.446056
0.49757399999999996
0.5481750000000001
0.5978920000000001
0.6467130000000001
0.6946479999999999
0.741646
0.787734
0.832647
0.877309
0.920516
0.9626129999999999
1.00474
1.0440099999999999
1.08298
1.1212900000000001
1.15778
1.19303
1.22698
1.25936
1.29038
1.32017
1.34845
1.37529
1.40039
1.42402
1.44593
1.46618
1.48457
1.50125
1.51596
1.5287899999999999
1.5396800000000002
1.5486
1.5558
1.56147
1.56597
1.56993
1.5735199999999998
1.57692
1.58008
1.58314
1.58617
1.58913
1.592
1.5948
1.5976
1.60029
1.6029499999999999
1.60561
1.60824
1.61079
1.6134199999999999
1.6159
1.6184
1.62097
1.6233899999999999
1.62584
1.6283
1.63072
1.63315
1.63561
1.63809
1.64052
1.64298
1.6454499999999999
1.6479599999999999
1.65058
1.65322
1.65584
1.65865
1.66143
1.66426

Vgs: 5.0
5.97436e-05
0.063102
0.12470400000000001
0.185233
0.24494300000000002
0.303792
0.36181199999999997
0.419016
0.475433
0.531029
0.58584
0.639906
0.693204
0.7457349999999999
0.797489
0.84846
0.898645
0.947962
0.996403
1.0454800000000002
1.09213
1.13748
1.18238
1.22618
1.26908
1.31064
1.35128
1.39049
1.42869
1.46574
1.5013800000000002
1.5358100000000001
1.56898
1.6008
1.63114
1.66025
1.6875900000000001
1.71364
1.73777
1.76068
1.78177
1.8008
1.8179400000000001
1.8345799999999999
1.84644
1.86044
1.8714300000000001
1.87946
1.8870099999999999
1.89242
1.89721
1.90114
1.9049
1.90807
1.9118
1.91471
1.91827
1.92078
1.9243000000000001
1.92735
1.9302300000000001
1.93305
1.93579
1.9385400000000002
1.9413
1.94399
1.9466100000000002
1.94929
1.95186
1.9544599999999999
1.9569800000000002
1.9594500000000001
1.96204
1.96463
1.9671699999999999
1.9696900000000002
1.9722400000000002
1.9748700000000001
1.9772600000000002
1.98016
1.98277

Vgs: 5.5
6.91276e-05
0.06620559999999999
0.130973
0.194744
0.25777500000000003
0.320016
0.381505
0.442254
0.5023259999999999
0.561669
0.62035
0.678371
0.735792
0.792523
0.848625
0.904065
0.958834
1.01444
1.0678
1.12035
1.17209
1.22248
1.27266
1.3217700000000001
1.37006
1.41717
1.4636
1.50877
1.55293
1.59625
1.63824
1.67936
1.71912
1.75782
1.79528
1.8315899999999998
1.8663900000000002
1.90015
1.93239
1.9633699999999998
1.9928400000000002
2.02099
2.0476
2.0725700000000002
2.0962
2.11789
2.1381
2.1569
2.1735
2.18845
2.2013599999999998
2.21269
2.22241
2.23019
2.23663
2.24186
2.24633
2.2503800000000003
2.2541599999999997
2.25719
2.26079
2.2643899999999997
2.26746
2.2705300000000004
2.27343
2.27669
2.2796700000000003
2.2825200000000003
2.2853499999999998
2.28823
2.29094
2.2935999999999996
2.29632
2.29896
2.30154
2.3043
2.307
2.30952
2.31214
2.31466
2.31746

Vgs: 6.0
5.23836e-05
0.0689481
0.136531
0.203183
0.26914400000000005
0.33438
0.398931
0.462837
0.526157
0.588831
0.650956
0.7125589999999999
0.7736299999999999
0.834175
0.8941739999999999
0.953573
1.01403
1.0723099999999999
1.1299299999999999
1.18683
1.24309
1.29812
1.3529900000000001
1.40689
1.46019
1.51235
1.56399
1.6144
1.66411
1.71288
1.7605
1.80733
1.8528900000000001
1.89765
1.94104
1.9835999999999998
2.0250899999999996
2.06544
2.1045
2.14242
2.17894
2.2145200000000003
2.24862
2.28108
2.31262
2.34271
2.37149
2.39859
2.4244499999999998
2.44853
2.47121
2.4923699999999998
2.51166
2.5293400000000004
2.54522
2.55931
2.57148
2.5819900000000002
2.5907500000000003
2.59796
2.60358
2.6084099999999997
2.6132299999999997
2.61755
2.62182
2.6253499999999996
2.62885
2.63233
2.63581
2.63911
2.64219
2.64497
2.6479199999999996
2.6511
2.6541099999999997
2.6566799999999997
2.65958
2.66271
2.66535
2.66779
2.6707699999999996

Vgs: 6.5
4.37927e-05
0.07140919999999999
0.141523
0.21073199999999997
0.279297
0.347216
0.414504
0.48119900000000004
0.547412
0.613102
0.678332
0.743096
0.8074659999999999
0.871419
0.9348069999999999
0.9978
1.06191
1.12398
1.18557
1.24644
1.3066499999999999
1.3657700000000002
1.42491
1.4831
1.54078
1.59748
1.65358
1.70875
1.7630700000000001
1.81669
1.86927
1.92122
1.97202
2.02203
2.0708900000000003
2.1189899999999997
2.1663
2.21196
2.25673
2.30072
2.34345
2.38524
2.42562
2.46489
2.50323
2.5402
2.57588
2.61029
2.6435400000000002
2.67536
2.7059800000000003
2.73495
2.7626999999999997
2.7889
2.8137000000000003
2.8368700000000002
2.85852
2.87869
2.89704
2.9137299999999997
2.92865
2.942
2.9535400000000003
2.9633599999999998
2.9714400000000003
2.9782200000000003
2.9840600000000004
2.98894
2.9933099999999997
2.99738
3.00128
3.00499
3.00851
3.0119700000000003
3.01529
3.01863
3.02185
3.0249
3.02792
3.03096
3.03389

Vgs: 7.0
4.3375000000000004e-05
0.07362120000000001
0.146004
0.217553
0.28852700000000003
0.35888899999999996
0.42868700000000004
0.49797
0.566787
0.63529
0.703478
0.771187
0.838595
0.905655
0.972462
1.04034
1.10639
1.17195
1.2370599999999998
1.30162
1.36567
1.4285999999999999
1.49178
1.5538699999999999
1.61575
1.6765700000000001
1.73698
1.79645
1.8551799999999998
1.9133799999999999
1.9705199999999998
2.0271600000000003
2.08274
2.13756
2.1914399999999996
2.2447
2.29679
2.3476500000000002
2.39806
2.44748
2.49586
2.5421
2.58874
2.6340500000000002
2.67833
2.72132
2.76333
2.80417
2.84402
2.8825700000000003
2.91995
2.95607
2.99108
3.02469
3.05706
3.08803
3.11765
3.14657
3.17339
3.19849
3.22252
3.24517
3.2659
3.2849899999999996
3.30255
3.31879
3.33327
3.3458
3.35707
3.36578
3.37362
3.38014
3.38573
3.39061
3.395
3.39922
3.40312
3.40687
3.41051
3.41402
3.41742

Vgs: 7.5
1.50427e-05
0.0756221
0.150096
0.223769
0.296917
0.36950900000000003
0.441593
0.513278
0.5845009999999999
0.655397
0.7259220000000001
0.796425
0.86661
0.936526
1.00767
1.07713
1.14624
1.2149299999999998
1.28328
1.35127
1.41871
1.48517
1.5518100000000001
1.61764
1.68319
1.74804
1.8121999999999998
1.8751799999999998
1.93827
2.0007599999999996
2.06223
2.12309
2.18316
2.24248
2.3008
2.35879
2.41526
2.4713700000000003
2.52644
2.58083
2.6341300000000003
2.68671
2.73814
2.78862
2.83844
2.88706
2.9348
2.98134
3.02714
3.0716799999999997
3.1152599999999997
3.15749
3.19885
3.2390000000000003
3.2779100000000003
3.31566
3.35215
3.38694
3.42109
3.45397
3.48564
3.51611
3.54488
3.5724099999999996
3.59873
3.62354
3.64663
3.66825
3.68846
3.7069300000000003
3.72387
3.7390700000000003
3.75272
3.76473
3.77516
3.78391
3.79137
3.79766
3.8030899999999996
3.8079899999999998
3.81243

Vgs: 8.0
2.4777100000000003e-06
0.0774575
0.15368700000000002
0.22920100000000002
0.304238
0.37878199999999995
0.452861
0.526571
0.60001
0.673193
0.746156
0.818982
0.8916799999999999
0.964215
1.03809
1.11026
1.18224
1.25392
1.32527
1.39635
1.46679
1.53637
1.6064
1.67418
1.74296
1.81261
1.88039
1.94743
2.01425
2.08009
2.1452
2.21019
2.27415
2.33748
2.39999
2.46196
2.52271
2.58321
2.6425799999999997
2.70137
2.75922
2.8166599999999997
2.87272
2.928
2.9825199999999996
3.03612
3.08922
3.14093
3.19157
3.2406599999999997
3.28944
3.3372200000000003
3.38415
3.4301700000000004
3.47365
3.51775
3.56166
3.6039499999999998
3.64442
3.68384
3.7220299999999997
3.75914
3.7947800000000003
3.82945
3.8627800000000003
3.89493
3.9257199999999997
3.9552600000000004
3.98333
4.01003
4.03531
4.05915
4.0816
4.10252
4.1219
4.13969
4.155930000000001
4.17052
4.18351
4.1950199999999995
4.20485
