Vgs range: 0,8,0.5
Vds range: 0,8,0.1

Vgs: 0.0
3.10368e-05
0.00311177
0.00552822
0.0077674400000000005
0.00997492
0.012166
0.0143403
0.0165009
0.0186466
0.0207768
0.0228969
0.025001600000000002
0.0270984
0.0291825
0.0312611
0.0333293
0.0353927
0.037445
0.039492400000000004
0.0415363
0.043574
0.045586
0.0476095
0.0496227
0.0516379
0.0536386
0.055640999999999996
0.057632800000000005
0.0596225
0.061613799999999996
0.0635931
0.06557539999999999
0.0675407
0.06951299999999999
0.0714716
0.07343279999999999
0.0753789
0.0773304
0.0792737
0.0812166
0.0831513
0.0850853
0.08700669999999999
0.0889335
0.0908496
0.0927658
0.0946566
0.0965608
0.0984738
0.100368
0.102271
0.104159
0.10605800000000001
0.107941
0.109825
0.111706
0.113596
0.115468
0.11733700000000001
0.119185
0.12103900000000001
0.12291
0.124771
0.126607
0.12846
0.130328
0.132167
0.13401600000000002
0.135857
0.137693
0.13956
0.14138599999999998
0.143203
0.145033
0.14686000000000002
0.148705
0.150537
0.152348
0.154179
0.155989
0.15781

Vgs: 0.5
5.85802e-06
0.00640423
0.00983985
0.0122302
0.014470100000000001
0.0166835
0.018878299999999997
0.0210546
0.0232173
0.0253623
0.0274935
0.0296122
0.0317199
0.033816299999999994
0.035902100000000006
0.0379772
0.0400459
0.0421065
0.0441601
0.046209099999999996
0.0482531
0.050271800000000005
0.052305700000000004
0.0543287
0.0563524
0.058358
0.0603706
0.0623733
0.06436399999999999
0.06636289999999999
0.0683471
0.0703285
0.0723089
0.0742816
0.0762545
0.0782231
0.0801782
0.0821374
0.0840958
0.0860499
0.08798969999999999
0.08993939999999999
0.091878
0.09381010000000001
0.0957446
0.0976658
0.0995967
0.10151500000000001
0.10344
0.105348
0.10726999999999999
0.10917
0.111081
0.11298000000000001
0.114888
0.116782
0.118674
0.120571
0.12244999999999999
0.124334
0.12620900000000002
0.128098
0.12998200000000001
0.131841
0.133709
0.135588
0.137453
0.139322
0.141185
0.143039
0.144902
0.14675
0.14860900000000002
0.150459
0.152326
0.154179
0.15602
0.157856
0.159721
0.16156199999999998
0.16340500000000002

Vgs: 1.0
5.6502000000000006e-06
0.0187202
0.034137999999999995
0.046653
0.0563494
0.0632566
0.0676739
0.0705591
0.0729349
0.0752241
0.077464
0.0796726
0.0818638
0.0840292
0.086176
0.08831629999999999
0.0904539
0.0925718
0.09467450000000001
0.0967833
0.0988736
0.100947
0.10302800000000001
0.105095
0.107173
0.10922
0.111284
0.11332500000000001
0.115367
0.11740099999999999
0.119431
0.12146799999999999
0.12349299999999999
0.125508
0.12751900000000002
0.129534
0.13154200000000002
0.133543
0.13553099999999998
0.13751400000000003
0.139495
0.141495
0.14346699999999998
0.145425
0.14740399999999998
0.14936999999999998
0.15132700000000002
0.153291
0.15526
0.15721100000000002
0.159173
0.161126
0.16306900000000002
0.165015
0.166964
0.168911
0.170858
0.172807
0.174748
0.17669100000000001
0.17862299999999998
0.18057399999999998
0.1825
0.184444
0.18637800000000002
0.188329
0.19025
0.19219899999999998
0.19413000000000002
0.196065
0.198014
0.19993
0.20186800000000002
0.203789
0.205727
0.207674
0.20960900000000002
0.211526
0.21346
0.21541
0.21736999999999998

Vgs: 1.5
5.92116e-05
0.0282368
0.0537972
0.0770701
0.0981595
0.116987
0.13345300000000002
0.147475
0.158972
0.167858
0.17424800000000001
0.178522
0.18149400000000002
0.184009
0.186395
0.188721
0.191001
0.193244
0.195461
0.197664
0.199849
0.201997
0.204161
0.206285
0.208411
0.210531
0.212637
0.214729
0.216817
0.218908
0.220979
0.223055
0.22512300000000002
0.227182
0.229239
0.231285
0.233328
0.235367
0.237398
0.239431
0.241476
0.243481
0.245511
0.24751299999999998
0.24950900000000004
0.251531
0.253539
0.255546
0.257564
0.25956999999999997
0.261581
0.263596
0.265597
0.267604
0.26962200000000003
0.271623
0.273634
0.275664
0.277659
0.279674
0.28168699999999997
0.28375900000000004
0.285761
0.287787
0.289835
0.291856
0.293897
0.295962
0.298001
0.300042
0.302099
0.304164
0.306206
0.30828099999999997
0.310361
0.312436
0.314545
0.31664600000000004
0.31875000000000003
0.320838
0.32296400000000003

Vgs: 2.0
7.04197e-05
0.0357486
0.0691706
0.100704
0.13048300000000002
0.15845900000000002
0.184598
0.20883100000000002
0.23110399999999998
0.251334
0.269419
0.285303
0.298892
0.310108
0.318931
0.325428
0.329989
0.33326100000000003
0.335983
0.33854799999999996
0.34102
0.343418
0.34576399999999996
0.34810199999999997
0.350408
0.352671
0.35490700000000003
0.357144
0.359341
0.36152500000000004
0.363679
0.365811
0.367961
0.370059
0.372252
0.37430800000000003
0.376463
0.378577
0.380608
0.382735
0.38472700000000004
0.386855
0.388907
0.390991
0.39306399999999997
0.39507000000000003
0.397158
0.39919499999999997
0.401271
0.403322
0.405381
0.40732799999999997
0.409441
0.411497
0.413561
0.41567299999999996
0.417735
0.41983899999999996
0.421913
0.423975
0.426084
0.428203
0.430331
0.43245
0.434593
0.436738
0.43892600000000004
0.44108800000000004
0.443231
0.44543900000000003
0.44763600000000003
0.449859
0.452104
0.454344
0.456628
0.45891
0.46122399999999997
0.46349999999999997
0.46580699999999997
0.468176
0.470531

Vgs: 2.5
7.699789999999999e-05
0.0419818
0.081874
0.12012500000000001
0.156904
0.192188
0.225941
0.258154
0.288777
0.31777599999999995
0.345078
0.370647
0.394414
0.416336
0.43631600000000004
0.45430200000000004
0.4702
0.483952
0.495469
0.504746
0.511818
0.516917
0.520699
0.52377
0.526586
0.529262
0.531837
0.534331
0.536817
0.539219
0.541599
0.543956
0.546296
0.548601
0.5508829999999999
0.5531349999999999
0.5553659999999999
0.557604
0.559804
0.562032
0.5641970000000001
0.566381
0.5685640000000001
0.570706
0.572865
0.574978
0.577121
0.5792259999999999
0.5813539999999999
0.583478
0.58558
0.587704
0.589831
0.591947
0.5940529999999999
0.596164
0.5982700000000001
0.600411
0.602521
0.604701
0.6067899999999999
0.60897
0.611089
0.613362
0.6156469999999999
0.6178899999999999
0.6201530000000001
0.622389
0.6247590000000001
0.627099
0.629439
0.631824
0.634226
0.6366769999999999
0.6391460000000001
0.6416580000000001
0.644176
0.646746
0.649284
0.6518980000000001
0.654532

Vgs: 3.0
8.90929e-05
0.0473397
0.09274479999999999
0.136691
0.179368
0.220746
0.26082900000000003
0.29958300000000004
0.33701
0.37305299999999997
0.407713
0.440939
0.47271
0.5029830000000001
0.5317230000000001
0.558859
0.5844100000000001
0.608179
0.6302420000000001
0.650452
0.6687540000000001
0.6849700000000001
0.699302
0.711472
0.7215499999999999
0.7294229999999999
0.7354269999999999
0.739866
0.7433649999999999
0.746418
0.7493569999999999
0.752158
0.7548360000000001
0.7574730000000001
0.76002
0.762506
0.765007
0.76742
0.7698079999999999
0.7722439999999999
0.774601
0.776975
0.779286
0.781599
0.783856
0.786157
0.788412
0.7906529999999999
0.7928930000000001
0.795114
0.7973439999999999
0.799542
0.8017420000000001
0.803927
0.806132
0.808316
0.8105060000000001
0.812723
0.814917
0.817106
0.819318
0.821578
0.823832
0.8260799999999999
0.8283739999999999
0.830643
0.832957
0.835304
0.837685
0.840105
0.842507
0.845011
0.8474970000000001
0.850092
0.852681
0.855366
0.858056
0.86085
0.863628
0.866485
0.8693839999999999

Vgs: 3.5
8.40636e-05
0.0520203
0.10225699999999999
0.151144
0.19891599999999998
0.245542
0.29101499999999997
0.335326
0.378521
0.420502
0.46131900000000003
0.5009
0.539276
0.576401
0.612267
0.646826
0.680041
0.711865
0.7422890000000001
0.771227
0.798631
0.824222
0.848489
0.870962
0.891736
0.9106500000000001
0.927673
0.9427040000000001
0.955714
0.966725
0.9755980000000001
0.9825879999999999
0.9878510000000001
0.991958
0.995466
0.998671
1.00321
1.0061
1.0089599999999999
1.01165
1.01439
1.01699
1.01958
1.02217
1.02464
1.02718
1.02966
1.0320500000000001
1.0344200000000001
1.0368199999999999
1.03925
1.04159
1.04392
1.0462200000000001
1.0485200000000001
1.0507900000000001
1.05311
1.05535
1.05766
1.05996
1.0621999999999998
1.06449
1.0668
1.0691
1.0714
1.07374
1.07609
1.07847
1.0809000000000002
1.08327
1.08579
1.0882699999999998
1.09089
1.09352
1.0962100000000001
1.09888
1.1017100000000002
1.10459
1.10752
1.1105
1.1135599999999999

Vgs: 4.0
0.000102982
0.0561745
0.110629
0.163885
0.216168
0.26743
0.317654
0.366884
0.41508
0.462216
0.508332
0.553415
0.59745
0.64044
0.6823480000000001
0.723159
0.7628729999999999
0.801399
0.838746
0.874876
0.909716
0.9429660000000001
0.975227
1.0075100000000001
1.037
1.06486
1.09126
1.11604
1.13909
1.1605
1.18013
1.19798
1.21386
1.22782
1.23972
1.24975
1.2577
1.2639699999999998
1.2688300000000001
1.27283
1.27634
1.2796299999999998
1.28278
1.28577
1.2887
1.2914999999999999
1.29436
1.29702
1.29979
1.3023
1.30492
1.30743
1.31002
1.31248
1.31478
1.3174599999999999
1.31981
1.3222399999999999
1.32435
1.32684
1.32926
1.33183
1.33422
1.33666
1.33905
1.34139
1.34378
1.3462100000000001
1.34863
1.3510900000000001
1.35353
1.35606
1.3586200000000002
1.36113
1.36371
1.36638
1.36904
1.3719
1.3747399999999999
1.37776
1.3808099999999999

Vgs: 4.5
8.472530000000001e-05
0.059957
0.118302
0.17549399999999998
0.231771
0.286999
0.34152899999999997
0.395056
0.44768800000000003
0.4993969999999999
0.5501320000000001
0.600157
0.649157
0.6973
0.744475
0.790791
0.8361339999999999
0.880487
0.923809
0.9660839999999999
1.00884
1.04861
1.08771
1.12535
1.1621299999999999
1.19724
1.2314800000000001
1.2641600000000002
1.29528
1.32541
1.35371
1.3807699999999998
1.40591
1.4298600000000001
1.45189
1.4723
1.4908700000000001
1.50759
1.5226199999999999
1.53544
1.5465
1.55554
1.5628300000000002
1.5685099999999998
1.57321
1.57724
1.58081
1.58425
1.5874000000000001
1.5906399999999998
1.5935700000000002
1.59657
1.59948
1.60228
1.60504
1.60775
1.61049
1.61316
1.61578
1.61846
1.62096
1.62355
1.62605
1.62862
1.63099
1.6335600000000001
1.6359700000000001
1.63851
1.64085
1.64335
1.6457799999999998
1.64828
1.6508
1.65327
1.65577
1.6583100000000002
1.66101
1.66354
1.66644
1.66917
1.67208

Vgs: 5.0
8.66057e-05
0.0633414
0.125148
0.18588200000000002
0.24578799999999998
0.304842
0.363052
0.420452
0.477073
0.532859
0.587893
0.642142
0.695652
0.7483719999999999
0.800343
0.851493
0.901878
0.9514159999999999
1.00161
1.04936
1.09622
1.1417000000000002
1.18671
1.23048
1.2733899999999998
1.31503
1.35574
1.39517
1.4333900000000002
1.4705300000000001
1.50628
1.54092
1.57397
1.60588
1.63626
1.6653799999999999
1.6927699999999999
1.71887
1.74314
1.76606
1.78715
1.8065900000000001
1.82431
1.83995
1.85402
1.86611
1.87628
1.88462
1.89144
1.8968399999999999
1.90127
1.9053
1.90899
1.9124999999999999
1.91588
1.9191
1.92233
1.9252500000000001
1.92835
1.93124
1.93415
1.9369800000000001
1.9396699999999998
1.9424299999999999
1.94509
1.94778
1.95057
1.9532
1.9557099999999998
1.9584300000000001
1.9608999999999999
1.9633699999999998
1.96599
1.9686000000000001
1.9711899999999998
1.97371
1.9763
1.97883
1.9814899999999998
1.9841300000000002
1.9868199999999998

Vgs: 5.5
7.97753e-05
0.066433
0.131359
0.195286
0.258464
0.320868
0.382498
0.443401
0.503629
0.5631390000000001
0.621954
0.6801659999999999
0.737707
0.794603
0.850892
0.906462
0.961401
1.0171100000000002
1.07058
1.1232900000000001
1.17512
1.2257399999999998
1.2760099999999999
1.32515
1.3736300000000001
1.42089
1.46737
1.5127300000000001
1.5570300000000001
1.60042
1.64247
1.68364
1.7234800000000001
1.76227
1.7997
1.8360500000000002
1.87095
1.90469
1.93706
1.96802
1.9975399999999999
2.0257899999999998
2.05236
2.0774600000000003
2.10101
2.12289
2.1431699999999996
2.16176
2.17849
2.1934400000000003
2.20659
2.21798
2.22755
2.23523
2.24159
2.2467799999999998
2.2513300000000003
2.2553
2.2590700000000004
2.2625800000000003
2.26608
2.26932
2.27265
2.27579
2.27882
2.2819
2.28476
2.28767
2.29047
2.29327
2.29593
2.29894
2.30168
2.3043500000000003
2.30706
2.30966
2.31246
2.31514
2.31779
2.32043
2.32294

Vgs: 6.0
6.06685e-05
0.0691529
0.136931
0.203763
0.269903
0.335327
0.400054
0.464131
0.527604
0.590471
0.652754
0.71451
0.775765
0.8364590000000001
0.896654
0.956271
1.0168499999999998
1.07527
1.13307
1.19018
1.2466199999999998
1.3017400000000001
1.3567900000000002
1.41084
1.46428
1.51667
1.5683500000000001
1.61897
1.6686299999999998
1.71753
1.76529
1.81226
1.8579700000000001
1.90284
1.94644
1.9891100000000002
2.03056
2.07098
2.11015
2.1481299999999997
2.18491
2.2204099999999998
2.25463
2.28744
2.31868
2.34877
2.37776
2.40504
2.4309000000000003
2.45512
2.47781
2.4987999999999997
2.5183
2.53594
2.5519700000000003
2.56613
2.57852
2.58912
2.59803
2.60528
2.6113
2.61641
2.6208899999999997
2.62503
2.62889
2.63261
2.63605
2.63947
2.64254
2.64593
2.64906
2.6521
2.6552
2.65808
2.66116
2.6637700000000004
2.66694
2.6696400000000002
2.67252
2.67518
2.67803

Vgs: 6.5
6.63587e-05
0.0716575
0.141994
0.211447
0.28027199999999997
0.348429
0.41597
0.482924
0.549359
0.615264
0.6807230000000001
0.745734
0.81036
0.874524
0.93826
1.00314
1.06598
1.1282899999999998
1.19005
1.25116
1.31172
1.3711000000000002
1.4305299999999999
1.48892
1.5468899999999999
1.60388
1.66024
1.71566
1.7702099999999998
1.82417
1.87696
1.92915
1.98021
2.0305
2.07966
2.12807
2.17523
2.22147
2.26665
2.3109200000000003
2.35382
2.39556
2.4366000000000003
2.47592
2.5141500000000003
2.55144
2.58716
2.62196
2.65556
2.68759
2.71841
2.74771
2.77574
2.8022099999999996
2.82729
2.85068
2.8724499999999997
2.89282
2.91149
2.92836
2.94355
2.95702
2.9687099999999997
2.97866
2.9870500000000004
2.9939799999999996
2.99979
3.0048000000000004
3.0093
3.01345
3.01735
3.02112
3.0246399999999998
3.0281599999999997
3.03144
3.0346800000000003
3.03801
3.04109
3.0443100000000003
3.0472
3.0503299999999998

Vgs: 7.0
3.9157100000000005e-05
0.0739009
0.146552
0.218356
0.289588
0.360212
0.43027
0.499813
0.568919
0.637605
0.705902
0.773868
0.841544
0.908848
0.975866
1.044
1.11029
1.17611
1.2415200000000002
1.30635
1.37064
1.43386
1.49726
1.55969
1.62175
1.6829
1.74353
1.8033299999999999
1.86234
1.9208
1.9782300000000002
2.03513
2.09099
2.14615
2.20024
2.25371
2.30598
2.35765
2.40811
2.45777
2.50621
2.55398
2.60047
2.64596
2.69046
2.73376
2.77615
2.81725
2.85724
2.89605
2.93378
2.97004
3.00543
3.03911
3.0719
3.10308
3.13303
3.1615599999999997
3.18877
3.2143599999999997
3.23847
3.26134
3.28225
3.30186
3.31955
3.33586
3.35024
3.36318
3.3740900000000003
3.3836999999999997
3.39158
3.3980400000000004
3.40382
3.40871
3.41328
3.4174499999999997
3.42152
3.42509
3.42897
3.4323
3.43595

Vgs: 7.5
3.17842e-05
0.07590100000000001
0.15060900000000002
0.22453499999999998
0.297927
0.370765
0.443084
0.5149360000000001
0.5864550000000001
0.6576190000000001
0.728523
0.799193
0.8696459999999999
0.9398650000000001
1.01136
1.08103
1.15042
1.21948
1.28812
1.35629
1.42409
1.49085
1.55779
1.62388
1.68969
1.75464
1.8192300000000001
1.88295
1.94605
2.00861
2.07017
2.13138
2.19153
2.25105
2.30967
2.3678000000000003
2.4248600000000002
2.4812100000000004
2.53649
2.59103
2.64416
2.69722
2.74894
2.79968
2.8498400000000004
2.8987000000000003
2.94677
2.99365
3.03966
3.08437
3.1278799999999998
3.1706
3.2122800000000002
3.25272
3.2918499999999997
3.3299
3.36677
3.40244
3.43683
3.47002
3.5019500000000003
3.53246
3.56153
3.5893100000000002
3.6157199999999996
3.64036
3.66423
3.68586
3.7064
3.72522
3.7413
3.75707
3.7713400000000004
3.7836800000000004
3.79408
3.8032500000000002
3.8106899999999997
3.81697
3.82256
3.82765
3.83206

Vgs: 8.0
2.17045e-06
0.077724
0.154215
0.229985
0.305263
0.38004899999999997
0.45437700000000003
0.5283399999999999
0.602009
0.675455
0.7486940000000001
0.821765
0.894749
0.9675419999999999
1.04169
1.11422
1.18641
1.2583799999999998
1.32999
1.40133
1.47222
1.5421099999999999
1.61223
1.68171
1.75099
1.8193899999999998
1.88766
1.9548999999999999
2.0216700000000003
2.08812
2.15347
2.21859
2.2826999999999997
2.3463
2.4091
2.4715100000000003
2.53274
2.59341
2.6531800000000003
2.71217
2.77041
2.8279099999999997
2.88435
2.93979
2.99481
3.04855
3.1018
3.15367
3.2048799999999997
3.25494
3.30423
3.35241
3.3996299999999997
3.4459500000000003
3.491
3.53521
3.57815
3.62002
3.6606899999999998
3.70045
3.7386899999999996
3.77582
3.81162
3.84621
3.87995
3.9124700000000003
3.94384
3.97338
4.00203
4.029
4.05469
4.07874
4.10161
4.122800000000001
4.142340000000001
4.16024
4.17702
4.19172
4.20518
4.2165099999999995
4.22689
