Vgs range: 0,8,0.1
Vds range: 0,8,0.5

Vgs: 0.0
5.74837e-05
5.95355e-05
6.12078e-05
6.0579300000000005e-05
6.954770000000001e-05
7.27859e-05
7.5183e-05
7.80335e-05
8.2416e-05
8.48094e-05
8.59137e-05
8.894259999999999e-05
9.07351e-05
9.23348e-05
9.54987e-05
9.73881e-05
9.98253e-05
0.000140997
0.00015102199999999998
0.000148486
0.000152759
0.000156045
0.000161791
0.000162891
0.00016460799999999998
0.000168909
0.000171697
0.000171153
0.00017506300000000001
0.000178323
0.000176916
0.000177793
0.000182492
0.000179272
0.000182899
0.00018006199999999998
0.000180821
0.00017727
0.000180246
0.00017942700000000002
0.00017919700000000003
0.000178316
0.00017627500000000002
0.000175793
0.000174389
0.000173864
0.00017350299999999998
0.000171588
0.000173031
0.000173931
0.000173213
0.000169034
0.000168859
0.000167277
0.000167565
0.00016239599999999998
0.000166528
0.000161542
0.000163284
0.000157074
0.000161263
0.00015865499999999998
0.00015716099999999998
0.000152129
0.000153755
0.00015141999999999998
0.000148271
0.000146473
0.000145332
0.000143336
0.000139337
0.000138546
0.000135847
0.000131531
0.000126732
0.00012219799999999998
0.000119102
0.000115539
0.00010879999999999999
0.000102895
9.18201e-05

Vgs: 0.5
0.0119013
0.0119025
0.0119465
0.012115
0.0131194
0.0158032
0.0206606
0.028044399999999997
0.0365681
0.048529
0.060628999999999995
0.0723917
0.08344789999999999
0.09451330000000001
0.10619200000000001
0.113886
0.122934
0.131702
0.13970000000000002
0.147436
0.15494
0.162125
0.16897500000000001
0.175486
0.181843
0.18806699999999998
0.193999
0.19973
0.205233
0.210634
0.21589
0.220386
0.225972
0.23086800000000002
0.235349
0.239981
0.244442
0.24876199999999998
0.252941
0.25716
0.261133
0.265145
0.26899
0.27274
0.27641200000000005
0.28024099999999996
0.283626
0.287176
0.290514
0.293898
0.296764
0.300308
0.303483
0.306571
0.30959800000000004
0.312671
0.315367
0.318245
0.32100199999999995
0.32375200000000004
0.32643700000000003
0.329007
0.331608
0.33407899999999996
0.337025
0.339025
0.341355
0.343634
0.345837
0.348179
0.35022200000000003
0.35233600000000004
0.354429
0.356458
0.358417
0.36036
0.36224100000000004
0.364106
0.365865
0.367642
0.369345

Vgs: 1.0
0.0223728
0.0223748
0.022436
0.0226235
0.023643300000000003
0.0264269
0.0313509
0.0385635
0.048300600000000006
0.0600452
0.0738508
0.0894869
0.11055899999999999
0.126716
0.14662
0.167955
0.166687
0.189412
0.18970900000000002
0.22015300000000002
0.20736
0.219473
0.263499
0.276274
0.28711699999999996
0.297926
0.308163
0.318455
0.328407
0.338411
0.349409
0.35804
0.366728
0.375131
0.383166
0.390755
0.398113
0.40585000000000004
0.41244
0.418746
0.425803
0.432592
0.439094
0.445171
0.450994
0.45603
0.46143999999999996
0.468194
0.473582
0.47937
0.484155
0.48970100000000005
0.49600299999999997
0.501343
0.506139
0.511321
0.51622
0.522112
0.468263
0.527582
0.487933
0.506939
0.522728
0.5914269999999999
0.574476
0.582227
0.587233
0.5920059999999999
0.595795
0.600113
0.603477
0.6068300000000001
0.610175
0.6142409999999999
0.617528
0.620597
0.623452
0.626219
0.629621
0.633215
0.63648

Vgs: 1.5
0.0323769
0.0323777
0.0324492
0.032629899999999996
0.0335663
0.036226600000000005
0.0409406
0.048096700000000006
0.0569654
0.0682442
0.08147839999999999
0.0957116
0.0986646
0.0986718
0.098681
0.09868400000000001
0.0986901
0.0987105
0.09870609999999999
0.264028
0.290221
0.314728
0.338111
0.360745
0.380857
0.401968
0.422239
0.43961
0.45617800000000003
0.472854
0.489045
0.5050509999999999
0.52001
0.53419
0.5482819999999999
0.560939
0.573719
0.586734
0.600258
0.6127710000000001
0.6240290000000001
0.633583
0.644635
0.656159
0.6707
0.682188
0.691997
0.701109
0.71075
0.7200960000000001
0.72848
0.738585
0.745254
0.753831
0.763528
0.775105
0.784956
0.795564
0.803544
0.8119919999999999
0.821349
0.828543
0.8372679999999999
0.845006
0.852845
0.860449
0.867512
0.8740290000000001
0.879841
0.886823
0.8926649999999999
0.901022
0.908285
0.917134
0.924447
0.9295399999999999
0.934862
0.941854
0.9486199999999999
0.9575579999999999
0.9633489999999999

Vgs: 2.0
0.0423873
0.0423938
0.0424813
0.0426808
0.0437086
0.0464366
0.0512291
0.0583612
0.06783449999999999
0.0778179
0.0926945
0.11072900000000001
0.124402
0.141617
0.163359
0.18593
0.208487
0.232891
0.259766
0.285475
0.314208
0.344393
0.373684
0.40471
0.436136
0.468035
0.49886099999999994
0.5294380000000001
0.555896
0.582993
0.609943
0.6344299999999999
0.638424
0.638333
0.638308
0.638422
0.638234
0.63843
0.707859
0.798439
0.818064
0.83537
0.852402
0.869044
0.884829
0.900394
0.9158000000000001
0.929941
0.944822
0.95918
0.9732999999999999
0.9873799999999999
1.0055
1.01688
1.03107
1.04317
1.05517
1.0699100000000001
1.08227
1.09518
1.10983
1.12165
1.13335
1.14447
1.15489
1.16513
1.17555
1.18621
1.19689
1.20668
1.21821
1.22833
1.2386599999999999
1.24767
1.2592
1.26953
1.2784300000000002
1.28817
1.29704
1.30727
1.31582

Vgs: 2.5
0.052203200000000005
0.0522116
0.0523098
0.0525353
0.053604399999999996
0.056399
0.0613543
0.0685473
0.0781085
0.09014240000000001
0.10595299999999999
0.118785
0.136094
0.155738
0.175455
0.19793
0.22178399999999998
0.24653899999999998
0.273322
0.300832
0.330407
0.36076400000000003
0.392127
0.425365
0.45855100000000004
0.493608
0.529744
0.565095
0.602581
0.639893
0.6772360000000001
0.7129709999999999
0.747399
0.780193
0.811782
0.842917
0.872711
0.901416
0.9283899999999999
0.955161
0.9816149999999999
1.0121399999999998
1.03144
1.05493
1.07776
1.09949
1.1189200000000001
1.1428
1.16262
1.18309
1.2027400000000001
1.22121
1.24003
1.25863
1.27776
1.29575
1.31198
1.3298299999999998
1.34684
1.3624100000000001
1.37858
1.39218
1.40834
1.42514
1.43998
1.45458
1.4680900000000001
1.48244
1.4955800000000001
1.5090800000000002
1.52286
1.53948
1.55497
1.57646
1.59946
1.6534
1.69098
1.70579
1.7209
1.7300499999999999
1.74186

Vgs: 3.0
0.0619829
0.0619879
0.062105499999999994
0.0623485
0.06346099999999999
0.0665712
0.0715461
0.0790532
0.088896
0.103188
0.114867
0.130682
0.148235
0.168466
0.189271
0.213259
0.237484
0.26305700000000004
0.29123
0.319703
0.350671
0.382293
0.415813
0.45007199999999997
0.485132
0.5227740000000001
0.561109
0.599185
0.63945
0.6805869999999999
0.723716
0.767065
0.8042229999999999
0.854611
0.896422
0.9405060000000001
0.9825369999999999
1.0324900000000001
1.0639399999999999
1.10132
1.13831
1.17374
1.2098
1.24166
1.2743
1.30566
1.33741
1.3660700000000001
1.39485
1.4238300000000002
1.45151
1.47857
1.50498
1.53096
1.55661
1.57776
1.60538
1.62979
1.65361
1.67577
1.69834
1.72031
1.7423499999999998
1.76304
1.78409
1.80547
1.82463
1.84442
1.8633899999999999
1.88265
1.9011200000000001
1.9190500000000001
1.9369100000000001
1.95426
1.9713299999999998
1.98801
2.00425
2.02069
2.0368299999999997
2.05288
2.06768

Vgs: 3.5
0.07152839999999999
0.0715228
0.0716563
0.07192509999999999
0.0730798
0.0762245
0.0812084
0.0887163
0.0989029
0.11297499999999999
0.125353
0.141119
0.158471
0.178522
0.199183
0.222842
0.248281
0.273256
0.302406
0.330845
0.361717
0.394611
0.42639499999999997
0.461708
0.4975379999999999
0.533702
0.5716840000000001
0.604296
0.651373
0.693162
0.736204
0.7790279999999999
0.817336
0.869154
0.9149689999999999
0.963097
1.02122
1.06159
1.1105399999999999
1.1574499999999999
1.20535
1.2499200000000001
1.29479
1.3397299999999999
1.38108
1.4200300000000001
1.46006
1.4970700000000001
1.5337599999999998
1.5707799999999998
1.60528
1.63908
1.67252
1.7049299999999998
1.7371400000000001
1.7688000000000001
1.79822
1.82919
1.8576899999999998
1.88638
1.91103
1.94144
1.9686199999999998
1.9947799999999998
2.02182
2.04637
2.07159
2.0953999999999997
2.11924
2.14277
2.16576
2.18842
2.2106600000000003
2.23183
2.25379
2.27533
2.29482
2.31533
2.3343000000000003
2.3384899999999997
2.33864

Vgs: 4.0
0.0809577
0.080962
0.08110210000000001
0.0813661
0.08255570000000001
0.0855422
0.0907264
0.0985892
0.11015699999999999
0.120338
0.13414399999999999
0.150624
0.167946
0.18793400000000002
0.209287
0.232807
0.257288
0.26211300000000004
0.26217
0.262194
0.262198
0.262204
0.262218
0.26222300000000004
0.384537
0.5414629999999999
0.582851
0.622337
0.66222
0.704199
0.747557
0.791099
0.83614
0.8810680000000001
0.928282
0.976504
1.03579
1.0769600000000001
1.12673
1.17725
1.23007
1.28141
1.33478
1.38772
1.43939
1.4900499999999999
1.53892
1.58687
1.63247
1.6781599999999999
1.7221899999999999
1.76498
1.80582
1.8463500000000002
1.88614
1.9245899999999998
1.96162
1.99878
2.03322
2.0687800000000003
2.10344
2.13675
2.16694
2.2012799999999997
2.23291
2.26407
2.29292
2.32339
2.3521
2.3808599999999998
2.40876
2.43592
2.46323
2.4902
2.51525
2.5405699999999998
2.56523
2.5899199999999998
2.61379
2.63722
2.6607100000000004

Vgs: 4.5
0.0902779
0.0902843
0.09043749999999999
0.09071620000000001
0.09192009999999999
0.0950265
0.10140300000000001
0.107814
0.117772
0.130099
0.143876
0.159865
0.17834599999999998
0.19747800000000001
0.219093
0.24241900000000002
0.267591
0.292982
0.321759
0.34592599999999996
0.381346
0.413754
0.44760900000000003
0.481641
0.5172599999999999
0.555019
0.5935590000000001
0.63461
0.674434
0.7154079999999999
0.7589899999999999
0.8036490000000001
0.847586
0.893572
0.9403560000000001
0.989971
1.04908
1.0896000000000001
1.1402999999999999
1.19151
1.24452
1.2976699999999999
1.3525099999999999
1.4074
1.463
1.51955
1.57571
1.63276
1.6881000000000002
1.7446899999999999
1.79883
1.84979
1.9018
1.9493500000000001
1.9980000000000002
2.0446
2.0915299999999997
2.13461
2.17745
2.2204099999999998
2.2622
2.30202
2.34318
2.37966
2.41799
2.45471
2.49087
2.52651
2.56062
2.5961600000000002
2.62893
2.66119
2.69417
2.7251100000000004
2.75697
2.78685
2.8161699999999996
2.8457600000000003
2.87439
2.90217
2.9302

Vgs: 5.0
0.09946590000000001
0.0994598
0.0996293
0.0999225
0.101495
0.10426400000000001
0.109453
0.117017
0.127046
0.139044
0.15357200000000001
0.169381
0.187024
0.20718399999999998
0.228797
0.253092
0.277058
0.302981
0.331235
0.36017299999999997
0.39170699999999997
0.423476
0.457861
0.49164800000000003
0.527631
0.5666519999999999
0.603819
0.644161
0.683854
0.726294
0.7700060000000001
0.81363
0.860058
0.9049830000000001
0.95296
1.01204
1.05236
1.10398
1.15449
1.20562
1.25929
1.31199
1.368
1.42308
1.47939
1.53644
1.5931000000000002
1.65199
1.71106
1.77281
1.83232
1.89087
1.95286
2.0101199999999997
2.06826
2.1247800000000003
2.17981
2.23583
2.28486
2.33672
2.38618
2.4344599999999996
2.4793800000000004
2.5266699999999997
2.5738
2.6158599999999996
2.6589199999999997
2.7024000000000004
2.7415
2.78222
2.82171
2.8603899999999998
2.89841
2.9353000000000002
2.97207
3.00746
3.04215
3.0774600000000003
3.11096
3.1447599999999998
3.1766099999999997

Vgs: 5.5
0.108547
0.10855500000000001
0.108727
0.109035
0.11027100000000001
0.11336399999999999
0.118686
0.126278
0.13649499999999998
0.148444
0.16261699999999998
0.178897
0.196704
0.216963
0.23793499999999998
0.261802
0.28629699999999997
0.31238
0.34096400000000004
0.36970200000000003
0.401486
0.43389900000000003
0.46834
0.49910000000000004
0.537185
0.575154
0.61444
0.653775
0.696075
0.736976
0.7816369999999999
0.824708
0.87
0.916257
0.9635619999999999
1.02326
1.06317
1.1135
1.1653200000000001
1.2169800000000002
1.27046
1.32389
1.37988
1.4356099999999998
1.4932999999999998
1.54977
1.6075499999999998
1.66734
1.72616
1.78711
1.8488300000000002
1.90936
1.9722400000000002
2.03515
2.09898
2.16285
2.2248200000000002
2.2891399999999997
2.35125
2.41169
2.47145
2.52796
2.5849699999999998
2.6384999999999996
2.6925
2.74446
2.79341
2.84448
2.89068
2.93904
2.9871
3.03057
3.075
3.11867
3.16122
3.20262
3.24458
3.2830899999999996
3.32179
3.3615
3.39736

Vgs: 6.0
0.117605
0.117611
0.117783
0.11809800000000001
0.119356
0.122531
0.127742
0.135454
0.145451
0.157836
0.171781
0.188287
0.205971
0.22691399999999998
0.24808300000000003
0.27087900000000004
0.29678
0.32195
0.35047300000000003
0.37955500000000003
0.410645
0.44309200000000004
0.476924
0.511533
0.5479200000000001
0.5852
0.624194
0.664057
0.704464
0.747191
0.7910699999999999
0.835286
0.880564
0.927462
0.974079
1.03423
1.07599
1.12482
1.17579
1.2280200000000001
1.28251
1.33588
1.39139
1.4477
1.50505
1.56302
1.6203999999999998
1.68314
1.7334
1.80129
1.86269
1.92577
1.9883600000000001
2.0516
2.11648
2.18249
2.24584
2.3129600000000003
2.38004
2.44787
2.51257
2.5783
2.64628
2.70728
2.77061
2.8328200000000003
2.89366
2.94401
3.0048700000000004
3.06248
3.1149799999999996
3.16717
3.21888
3.26936
3.31957
3.3675699999999997
3.4153000000000002
3.4642399999999998
3.50685
3.55165
3.59443

Vgs: 6.5
0.12658
0.126569
0.126761
0.12709099999999998
0.12837199999999999
0.131519
0.13687000000000002
0.14451899999999998
0.154698
0.166772
0.181067
0.197288
0.215219
0.23596899999999998
0.256926
0.28047700000000003
0.30559800000000004
0.331859
0.361174
0.38975499999999996
0.416767
0.45274200000000003
0.48685900000000004
0.520876
0.557417
0.595565
0.634115
0.673985
0.715011
0.756928
0.801604
0.846613
0.891725
0.937828
0.985191
1.04517
1.08574
1.13602
1.18757
1.2398500000000001
1.29382
1.34892
1.40535
1.4610999999999998
1.51731
1.575
1.63292
1.69343
1.75392
1.8152599999999999
1.8775199999999999
1.93914
2.0054600000000002
2.0685700000000002
2.13225
2.19785
2.26402
2.33193
2.39734
2.4659999999999997
2.53539
2.6035500000000003
2.67257
2.74226
2.81243
2.88381
2.94964
3.0171799999999998
3.0826700000000002
3.1473
3.20999
3.27049
3.3316600000000003
3.38858
3.44641
3.50227
3.55643
3.61122
3.66291
3.71481
3.766

Vgs: 7.0
0.13548100000000002
0.13548600000000002
0.135682
0.136015
0.137313
0.140493
0.145037
0.153615
0.163765
0.175981
0.190266
0.20657999999999999
0.224646
0.244832
0.266295
0.29035299999999997
0.316039
0.341364
0.370084
0.398915
0.430289
0.462762
0.496199
0.531392
0.56762
0.607113
0.644404
0.684252
0.725035
0.767829
0.811355
0.856015
0.9018360000000001
0.948048
0.995533
1.05632
1.0966699999999998
1.1475899999999999
1.19858
1.25112
1.3075599999999998
1.35991
1.4156900000000001
1.47196
1.5293800000000002
1.58741
1.64646
1.70614
1.76584
1.82822
1.89039
1.95223
2.0165
2.08041
2.14687
2.2127700000000003
2.27885
2.3474
2.4141000000000004
2.4852
2.55374
2.62116
2.6918900000000003
2.76281
2.83455
2.9057000000000004
2.97635
3.04981
3.12121
3.1943
3.26535
3.33495
3.4045799999999997
3.4706699999999997
3.5374600000000003
3.60333
3.66381
3.72634
3.7862899999999997
3.84604
3.9042600000000003

Vgs: 7.5
0.144234
0.144247
0.144458
0.144811
0.14611100000000002
0.149365
0.154863
0.162504
0.172816
0.18547799999999998
0.199421
0.21607
0.234086
0.254441
0.275636
0.29939499999999997
0.32451399999999997
0.350964
0.379533
0.408622
0.440191
0.472829
0.5064569999999999
0.541166
0.577944
0.615858
0.655174
0.6957289999999999
0.735979
0.772428
0.8224509999999999
0.867892
0.91295
0.960743
1.0182200000000001
1.06002
1.10736
1.15911
1.21071
1.2622799999999998
1.31683
1.37069
1.42735
1.48543
1.54135
1.60053
1.65924
1.7186000000000001
1.7788000000000002
1.8420100000000001
1.90345
1.9657199999999997
2.0302599999999997
2.0953399999999998
2.16181
2.22823
2.29342
2.3610200000000003
2.4289
2.49798
2.56718
2.63845
2.7085
2.77906
2.85172
2.92342
2.99802
3.0697900000000002
3.14207
3.23252
3.29248
3.36549
3.44076
3.5149299999999997
3.59077
3.6632000000000002
3.73407
3.80532
3.87746
3.94106
4.00716

Vgs: 8.0
0.152902
0.152914
0.153128
0.153476
0.15484
0.1581
0.163564
0.17146
0.181683
0.19430399999999998
0.208367
0.225257
0.242797
0.263554
0.285094
0.30888
0.334026
0.361565
0.389036
0.41396299999999997
0.449822
0.482609
0.516482
0.551242
0.587678
0.626013
0.664994
0.706175
0.745755
0.788434
0.833497
0.878281
0.9234319999999999
0.969647
1.02897
1.0682800000000001
1.11991
1.1696199999999999
1.22108
1.27571
1.32789
1.38213
1.43492
1.49532
1.55268
1.6132
1.67188
1.7317
1.79316
1.85262
1.91654
1.97766
2.0434099999999997
2.1069600000000004
2.17245
2.24061
2.30538
2.37412
2.4413899999999997
2.5112200000000002
2.58055
2.65141
2.72195
2.79361
2.86728
2.94203
3.00986
3.08558
3.15814
3.23412
3.31067
3.38508
3.46277
3.5372899999999996
3.61407
3.6913300000000002
3.76825
3.84452
3.9216800000000003
3.9966000000000004
4.07189
