Vgs range: 0,8,0.5
Vds range: 0,8,0.1

Vgs: 0.0
1.63268e-05
0.0030191
0.00538926
0.007589640000000001
0.00976007
0.011916600000000001
0.0140572
0.016183100000000002
0.0182954
0.0203937
0.0224792
0.0245515
0.0266149
0.0286674
0.030710100000000004
0.0327451
0.0347738
0.0367907
0.0388091
0.0408181
0.0428107
0.0447926
0.046786
0.0487675
0.050748999999999996
0.0527214
0.0546949
0.0566575
0.0586145
0.0605738
0.0625199
0.0644714
0.06640990000000001
0.068342
0.0702644
0.0721918
0.07410889999999999
0.0760325
0.0779398
0.0798596
0.08174959999999999
0.08365629999999999
0.0855499
0.0874387
0.0893353
0.091215
0.0930951
0.09496650000000001
0.0968513
0.0987182
0.100566
0.102426
0.104289
0.106109
0.107966
0.10981199999999999
0.11165199999999999
0.113495
0.115334
0.117171
0.119003
0.120841
0.12266999999999999
0.12450300000000002
0.12632100000000002
0.128149
0.129956
0.131767
0.133587
0.13539199999999998
0.13718899999999998
0.138994
0.14079699999999998
0.142616
0.144419
0.146199
0.14799400000000001
0.149767
0.151544
0.15333100000000002
0.155091

Vgs: 0.5
1.54855e-05
0.00627194
0.00965921
0.011995500000000001
0.0142082
0.0163898
0.0185478
0.0206895
0.0228148
0.0249261
0.0270226
0.029105100000000002
0.031176500000000003
0.0332365
0.0352875
0.037329600000000004
0.039366899999999996
0.0413911
0.0434154
0.0454283
0.047441899999999995
0.0494275
0.0514258
0.053411400000000005
0.055402599999999996
0.0573796
0.0593627
0.0613268
0.0632844
0.0652554
0.0672054
0.0691607
0.0711078
0.0730488
0.0749831
0.0769208
0.07885020000000001
0.0807786
0.0826951
0.0846137
0.08652259999999999
0.088436
0.0903499
0.09224539999999999
0.094148
0.0960427
0.0979433
0.09982970000000001
0.10171
0.10359700000000001
0.10548300000000001
0.107349
0.109222
0.111097
0.112954
0.11481699999999999
0.11667799999999999
0.11853000000000001
0.120378
0.122235
0.124072
0.125916
0.12776700000000002
0.12961599999999998
0.131452
0.133287
0.135127
0.136952
0.138779
0.14060599999999998
0.14243799999999998
0.14425700000000002
0.14608000000000002
0.147878
0.149709
0.151533
0.15335500000000002
0.155165
0.156971
0.158779
0.160601

Vgs: 1.0
2.58912e-05
0.018491999999999998
0.033800000000000004
0.0462264
0.055850300000000005
0.06268589999999999
0.067043
0.06988140000000001
0.0722383
0.0744644
0.0766682
0.0788431
0.0809862
0.0831172
0.0852286
0.0873304
0.0894247
0.09150649999999999
0.0935842
0.0956471
0.0976953
0.0997238
0.101764
0.103796
0.105822
0.10784300000000001
0.10987000000000001
0.111874
0.113881
0.115894
0.117873
0.119867
0.121835
0.123819
0.12579200000000001
0.12776
0.12973600000000002
0.131686
0.133644
0.135588
0.13752999999999999
0.139487
0.14141600000000001
0.143347
0.145281
0.147217
0.14915
0.151086
0.153002
0.15490600000000002
0.156825
0.158741
0.160665
0.16257000000000002
0.164501
0.16639199999999998
0.1683
0.17020300000000002
0.17212
0.174031
0.17594200000000002
0.17785800000000002
0.179754
0.18166100000000002
0.18354499999999999
0.18545
0.187327
0.189225
0.191136
0.193049
0.19494999999999998
0.19685
0.19875
0.200631
0.202527
0.20441299999999998
0.206331
0.208224
0.210163
0.21207600000000001
0.213976

Vgs: 1.5
1.4679800000000001e-05
0.0279199
0.053257200000000005
0.0763254
0.0972292
0.11587800000000001
0.132183
0.146074
0.157424
0.166232
0.17251
0.176741
0.179657
0.18215399999999998
0.18448499999999998
0.18676500000000001
0.189045
0.19122999999999998
0.19338
0.195579
0.197734
0.199837
0.201929
0.20404
0.20616400000000001
0.208221
0.210304
0.212306
0.214398
0.216463
0.218444
0.22050999999999998
0.222519
0.224517
0.226542
0.228517
0.230595
0.232587
0.234592
0.236586
0.238529
0.240526
0.24249600000000002
0.24445100000000003
0.24646800000000002
0.248463
0.250332
0.252424
0.25431
0.256314
0.258229
0.26023399999999997
0.262198
0.264167
0.266177
0.268158
0.270131
0.272028
0.273989
0.276046
0.27804
0.280011
0.282038
0.283938
0.285962
0.287986
0.28996099999999997
0.291957
0.293949
0.296017
0.298037
0.29996
0.302093
0.30405299999999996
0.306087
0.30813999999999997
0.310197
0.312349
0.314338
0.316394
0.318594

Vgs: 2.0
5.177829999999999e-06
0.0354107
0.0685191
0.0997454
0.129201
0.15692399999999998
0.18282800000000002
0.20681
0.22884500000000002
0.248954
0.266953
0.28257899999999997
0.296125
0.307081
0.315822
0.322296
0.326765
0.330025
0.33273400000000003
0.335199
0.337647
0.34
0.34219099999999997
0.344599
0.346901
0.349117
0.351374
0.353454
0.35567299999999996
0.35771000000000003
0.359815
0.361966
0.36397
0.366237
0.368217
0.370137
0.372285
0.37453200000000003
0.37658
0.378669
0.380685
0.382587
0.384781
0.386499
0.388557
0.39065
0.392666
0.394519
0.39677100000000004
0.39882300000000004
0.400926
0.40298
0.404984
0.407023
0.409052
0.411086
0.41311499999999995
0.415173
0.417229
0.419352
0.421393
0.42346
0.425559
0.427652
0.42977
0.431896
0.43403400000000003
0.436166
0.438302
0.440461
0.442634
0.44463400000000003
0.446983
0.44912199999999997
0.451468
0.453725
0.456013
0.45830699999999996
0.46067800000000003
0.462933
0.46509999999999996

Vgs: 2.5
5.37662e-06
0.0415749
0.08105119999999999
0.118918
0.155343
0.19028599999999998
0.223722
0.255625
0.28591700000000003
0.314686
0.341715
0.366616
0.39049700000000004
0.41218899999999997
0.431967
0.449764
0.46552099999999996
0.479084
0.490453
0.499571
0.506542
0.511507
0.515258
0.518234
0.52101
0.5235580000000001
0.526156
0.528625
0.530995
0.533326
0.5358010000000001
0.538148
0.54029
0.5424829999999999
0.544104
0.546859
0.548916
0.551026
0.5532729999999999
0.555407
0.5577759999999999
0.559866
0.5620350000000001
0.564212
0.566327
0.568321
0.5705079999999999
0.5724239999999999
0.574606
0.576699
0.578678
0.580868
0.582946
0.585017
0.5871000000000001
0.589204
0.5913010000000001
0.5934
0.595535
0.597665
0.599768
0.601921
0.6040620000000001
0.60623
0.608416
0.6106790000000001
0.612882
0.615165
0.617434
0.619768
0.621909
0.6242059999999999
0.626549
0.62889
0.631635
0.6338039999999999
0.636142
0.63898
0.641357
0.6441990000000001
0.6468780000000001

Vgs: 3.0
5.28937e-05
0.0467424
0.09162890000000001
0.135079
0.177295
0.218234
0.257859
0.29619999999999996
0.333053
0.368712
0.40306000000000003
0.43593899999999997
0.467149
0.497267
0.525595
0.5522539999999999
0.577707
0.601066
0.622962
0.642852
0.660867
0.676902
0.690987
0.7029799999999999
0.712851
0.720588
0.726514
0.730836
0.734256
0.7373149999999999
0.740125
0.742896
0.7454799999999999
0.748027
0.750606
0.752962
0.755481
0.755679
0.745433
0.749562
0.752545
0.754913
0.755483
0.760154
0.762571
0.765354
0.765979
0.7684000000000001
0.771387
0.773834
0.776155
0.777362
0.780628
0.78184
0.785041
0.786821
0.788551
0.7910499999999999
0.793509
0.795744
0.7978500000000001
0.799095
0.8020959999999999
0.8041119999999999
0.805931
0.808502
0.811299
0.8137949999999999
0.816222
0.81848
0.819298
0.822268
0.825181
0.8277580000000001
0.829967
0.8320919999999999
0.835277
0.837726
0.840865
0.843197
0.846453

Vgs: 3.5
6.40236e-05
0.0508953
0.100114
0.14801899999999998
0.194864
0.24040699999999998
0.284987
0.328519
0.370496
0.412126
0.45131499999999997
0.490854
0.527095
0.564039
0.599548
0.633783
0.665369
0.697296
0.726309
0.75484
0.781518
0.8065439999999999
0.83104
0.8529399999999999
0.8741099999999999
0.892057
0.909498
0.924235
0.9372039999999999
0.947816
0.9568960000000001
0.9637209999999999
0.968974
0.973158
0.976565
0.97964
0.982646
0.985529
0.9883400000000001
0.9910450000000001
0.993615
0.996058
0.998505
1.00277
1.00541
1.00785
1.0102900000000001
1.01244
1.0149899999999998
1.01738
1.0195
1.01988
1.0224399999999998
1.0254
1.0270299999999999
1.03013
1.02483
1.02964
1.0315400000000001
1.03647
1.03919
1.04089
1.04408
1.0466
1.04855
1.05145
1.0538100000000001
1.0544
1.0574899999999998
1.0599699999999999
1.0629899999999999
1.06555
1.0681
1.07084
1.07354
1.07622
1.0789
1.08132
1.0846
1.08764
1.09066

Vgs: 4.0
4.68574e-05
0.0548812
0.10818599999999999
0.160215
0.210976
0.261358
0.31050700000000003
0.358678
0.40585000000000004
0.45198200000000005
0.497071
0.5412140000000001
0.5842430000000001
0.626308
0.6665679999999999
0.707228
0.745788
0.783706
0.820311
0.855456
0.890032
0.922659
0.954346
0.984237
1.01164
1.04097
1.06477
1.08992
1.1123100000000001
1.1310499999999999
1.15262
1.17059
1.18634
1.20004
1.21182
1.22159
1.22944
1.2355800000000001
1.2401300000000002
1.24394
1.24781
1.25066
1.25333
1.25629
1.25929
1.26204
1.26482
1.26752
1.26828
1.27319
1.2674100000000001
1.26715
1.2632800000000002
1.26768
1.27183
1.27428
1.27705
1.2798200000000002
1.2838100000000001
1.2848899999999999
1.28746
1.28501
1.2857100000000001
1.2906499999999999
1.2895999999999999
1.2902
1.2972599999999999
1.29969
1.30085
1.30244
1.3046799999999998
1.30624
1.3088799999999998
1.31121
1.3162200000000002
1.31814
1.32194
1.32617
1.32372
1.3285
1.33052

Vgs: 4.5
6.74537e-05
0.057853299999999996
0.114219
0.169479
0.223882
0.27741
0.330035
0.38178799999999996
0.4327
0.483056
0.5315730000000001
0.579966
0.627103
0.6735680000000001
0.719184
0.763861
0.80773
0.850946
0.89315
0.934545
0.97351
1.01572
1.0499800000000001
1.08854
1.12487
1.1583999999999999
1.19061
1.22127
1.25193
1.27921
1.30562
1.33259
1.35626
1.38202
1.4044299999999998
1.42175
1.4376499999999999
1.45625
1.46953
1.47916
1.4899900000000001
1.49831
1.50487
1.51002
1.51517
1.51825
1.52213
1.5254400000000001
1.52862
1.53166
1.53499
1.53715
1.54043
1.54405
1.5476100000000002
1.54937
1.5533299999999999
1.5591400000000002
1.55809
1.56054
1.56388
1.56575
1.56799
1.56977
1.5726900000000001
1.57427
1.57671
1.57775
1.58009
1.5831300000000001
1.5911300000000002
1.59036
1.5915899999999998
1.596
1.59703
1.6026
1.6053199999999999
1.60188
1.60392
1.60808
1.60942

Vgs: 5.0
3.7048299999999996e-05
0.061540399999999995
0.121396
0.180673
0.23926
0.296476
0.35306299999999996
0.40861000000000003
0.46341
0.517717
0.571188
0.623537
0.675383
0.726992
0.777218
0.826793
0.875332
0.9237139999999999
0.970448
1.01865
1.0641100000000001
1.1078100000000002
1.15227
1.19548
1.2368
1.27941
1.31579
1.3557700000000001
1.3913499999999999
1.43028
1.46427
1.49836
1.53097
1.56202
1.5915899999999998
1.61764
1.6455
1.67043
1.69651
1.71886
1.73849
1.75731
1.77366
1.7887899999999999
1.80196
1.81171
1.8187900000000001
1.8323
1.83315
1.84257
1.8431199999999999
1.85005
1.85793
1.85988
1.8591499999999999
1.86171
1.8642999999999998
1.86736
1.87042
1.87208
1.87491
1.87853
1.8840599999999998
1.8832
1.88589
1.8883
1.89129
1.89497
1.89665
1.8987100000000001
1.90386
1.9040400000000002
1.91038
1.91217
1.91553
1.9198
1.91693
1.9233099999999999
1.9276
1.92899
1.93182

Vgs: 5.5
5.30222e-05
0.0645956
0.127872
0.190352
0.252008
0.31258
0.372917
0.432225
0.49063199999999996
0.548447
0.6062249999999999
0.662354
0.7188410000000001
0.7739309999999999
0.8287169999999999
0.882491
0.9369219999999999
0.9879100000000001
1.04115
1.09344
1.14291
1.1919000000000002
1.2406599999999999
1.2882
1.33592
1.38104
1.42614
1.47076
1.51394
1.5562
1.59854
1.63735
1.67639
1.71392
1.7502900000000001
1.78651
1.82179
1.8540699999999999
1.88518
1.91546
1.94438
1.97199
1.99781
2.02206
2.0460700000000003
2.06746
2.08433
2.1021400000000003
2.11967
2.13664
2.1492199999999997
2.1591299999999998
2.1662
2.17789
2.17929
2.1832800000000003
2.18754
2.19238
2.19634
2.19921
2.20239
2.2040599999999997
2.20682
2.212
2.21435
2.21658
2.2211000000000003
2.2239899999999997
2.2246900000000003
2.2155299999999998
2.22229
2.2363999999999997
2.2396
2.24612
2.24609
2.24797
2.24808
2.2560000000000002
2.25944
2.26212
2.26302

Vgs: 6.0
4.82311e-05
0.0675842
0.133877
0.19922399999999998
0.263915
0.327905
0.391214
0.45388
0.515959
0.577412
0.6383110000000001
0.698657
0.758491
0.8177949999999999
0.8765510000000001
0.934743
0.9923810000000001
1.05094
1.1073199999999999
1.16308
1.2181099999999998
1.27202
1.32576
1.3784100000000001
1.43048
1.4815900000000002
1.5319800000000001
1.5813
1.62974
1.67741
1.72399
1.76973
1.8142900000000002
1.85792
1.9005
1.94209
1.98243
2.02178
2.05979
2.0968
2.13251
2.1669699999999996
2.20017
2.232
2.26268
2.29188
2.31978
2.34618
2.3712
2.39461
2.4165200000000002
2.4368
2.4555100000000003
2.4729
2.48784
2.50133
2.5131200000000002
2.5232
2.53146
2.53829
2.5439299999999996
2.54874
2.5529900000000003
2.55684
2.56055
2.5641000000000003
2.56743
2.57071
2.57387
2.57701
2.58006
2.58297
2.5859
2.5887599999999997
2.5915999999999997
2.59435
2.59713
2.59985
2.6025
2.60516
2.6078099999999997

Vgs: 6.5
2.89999e-05
0.0700078
0.138735
0.206601
0.27385000000000004
0.34047
0.406475
0.471903
0.536813
0.6011970000000001
0.66511
0.7285889999999999
0.791658
0.8542759999999999
0.916457
0.978191
1.04105
1.10179
1.1619899999999999
1.22163
1.28061
1.33852
1.39642
1.45334
1.5098
1.5653
1.62026
1.67421
1.7274
1.77995
1.83137
1.88219
1.93188
1.9808299999999999
2.02868
2.07572
2.1216
2.16665
2.2104999999999997
2.25345
2.29524
2.33607
2.37565
2.41405
2.4514799999999997
2.4875000000000003
2.5224599999999997
2.55606
2.58849
2.61955
2.64945
2.67778
2.7048200000000002
2.73041
2.7545
2.77709
2.79807
2.81759
2.8354399999999997
2.8516000000000004
2.86609
2.87888
2.88994
2.89938
2.9072299999999998
2.91378
2.91909
2.9239
2.9282399999999997
2.93213
2.93582
2.9393499999999997
2.94283
2.9461399999999998
2.94932
2.95253
2.95566
2.9587
2.96159
2.96453
2.96744

Vgs: 7.0
2.44074e-05
0.0721102
0.143052
0.213179
0.28274499999999997
0.351722
0.42014
0.488044
0.555527
0.622539
0.689171
0.755486
0.821455
0.887121
0.952384
1.0188899999999999
1.0834300000000001
1.14756
1.21122
1.27582
1.3370199999999999
1.39857
1.46109
1.52099
1.58157
1.64094
1.70003
1.75818
1.81559
1.8756700000000002
1.92845
1.98563
2.03981
2.09393
2.1484199999999998
2.19632
2.2471900000000002
2.29738
2.34651
2.39479
2.44196
2.48825
2.53343
2.57757
2.62134
2.66287
2.7039400000000002
2.7438100000000003
2.7827699999999997
2.82029
2.8568399999999996
2.892
2.9261299999999997
2.9589
2.9904699999999997
3.02069
3.04956
3.07714
3.10324
3.12805
3.1512100000000003
3.1731
3.1933000000000002
3.21195
3.22912
3.24445
3.25819
3.2741200000000004
3.28702
3.29126
3.3071200000000003
3.30406
3.31513
3.31788
3.32496
3.32125
3.32729
3.3287400000000003
3.33668
3.33568
3.34416

Vgs: 7.5
1.92187e-06
0.0740979
0.146986
0.21912099999999998
0.290746
0.36183
0.432419
0.5025719999999999
0.572353
0.6417740000000001
0.710895
0.779782
0.848425
0.91681
0.9849539999999999
1.05443
1.12199
1.18917
1.25598
1.3223799999999999
1.3883400000000001
1.45323
1.51911
1.58272
1.6467
1.70994
1.77274
1.83468
1.8960400000000002
1.9568900000000002
2.0189399999999997
2.07634
2.13585
2.1927499999999998
2.24981
2.3062500000000004
2.36161
2.41639
2.47011
2.5232599999999996
2.57525
2.62663
2.6768
2.72607
2.77461
2.82202
2.86864
2.91402
2.9587
3.00203
3.04451
3.08566
3.12596
3.1650300000000002
3.2031300000000003
3.2399899999999997
3.27554
3.31007
3.34325
3.3752999999999997
3.41233
3.4355599999999997
3.46354
3.4903299999999997
3.51562
3.53966
3.56199
3.58296
3.60255
3.63014
3.63668
3.6513299999999997
3.66487
3.67691
3.68573
3.69404
3.70109
3.707
3.71214
3.7168200000000002
3.7212899999999998

Vgs: 8.0
6.57333e-06
0.0757494
0.15034999999999998
0.224274
0.29772499999999996
0.37074999999999997
0.443354
0.5155029999999999
0.587457
0.659098
0.730522
0.8017770000000001
0.872873
0.943853
1.01607
1.08642
1.1567999999999998
1.22693
1.2966099999999998
1.36603
1.43505
1.50307
1.57112
1.63865
1.70511
1.7716699999999999
1.8379100000000002
1.90337
1.96826
2.03276
2.09647
2.1596699999999998
2.22202
2.28391
2.3448700000000002
2.4053299999999997
2.4647699999999997
2.52377
2.58178
2.63917
2.69558
2.7514100000000004
2.8061800000000003
2.8601
2.91336
2.96553
3.01702
3.06742
3.1171800000000003
3.1657
3.2134300000000002
3.26004
3.30577
3.35038
3.39418
3.43675
3.4782200000000003
3.51872
3.5580600000000002
3.5964199999999997
3.63346
3.66951
3.70432
3.7378400000000003
3.7701700000000002
3.8013500000000002
3.83115
3.8596899999999996
3.88686
3.9127700000000005
3.9373000000000005
3.9603499999999996
3.98205
4.00205
4.02068
4.0377
4.05322
4.06736
4.07976
4.09065
4.10005
