Vgs range: 0,8,0.5
Vds range: 0,8,0.1

Vgs: 0.0
1.99558e-05
0.0030594700000000003
0.00545891
0.00768255
0.00987549
0.0120515
0.0142129
0.0163611
0.0184936
0.020614
0.022719899999999998
0.0248132
0.026895600000000002
0.0289684
0.031031700000000002
0.03309
0.0351418
0.037181500000000006
0.0392162
0.0412413
0.0432643
0.045264
0.0472789
0.049278499999999996
0.051282
0.0532721
0.0552621
0.0572454
0.059216
0.061189499999999994
0.0631544
0.0651234
0.06708220000000001
0.0690411
0.0709903
0.07293559999999999
0.0748716
0.07681210000000001
0.0787362
0.0806664
0.082592
0.08451689999999999
0.0864279
0.0883352
0.09024140000000001
0.09214130000000001
0.09404530000000001
0.09593249999999999
0.0978363
0.09971819999999999
0.101586
0.103459
0.10534
0.10721499999999999
0.10909
0.11095300000000001
0.112807
0.114674
0.116523
0.118377
0.12023099999999999
0.12207900000000001
0.12391799999999999
0.125756
0.12758999999999998
0.12940400000000002
0.131242
0.133084
0.134909
0.136737
0.138557
0.14038599999999998
0.142212
0.14401799999999998
0.145836
0.147647
0.149472
0.15128
0.15307600000000002
0.15486
0.156661

Vgs: 0.5
2.90993e-05
0.00631768
0.00972643
0.012081699999999999
0.014307499999999999
0.016506399999999997
0.0186811
0.0208385
0.0229808
0.025106700000000003
0.027218700000000002
0.0293185
0.031405999999999996
0.033479300000000004
0.0355514
0.0376088
0.0396638
0.041706099999999996
0.0437411
0.045775300000000005
0.047799100000000004
0.0497935
0.0518145
0.053814299999999995
0.0558201
0.057810299999999995
0.059806399999999996
0.061786999999999995
0.06376169999999999
0.0657399
0.0677059
0.0696805
0.0716418
0.0736013
0.0755518
0.07750499999999999
0.07944419999999999
0.0813917
0.0833144
0.0852543
0.087175
0.08910030000000001
0.0910346
0.0929441
0.0948732
0.0967741
0.0986915
0.10058700000000001
0.102488
0.10438900000000001
0.106285
0.108178
0.110075
0.111955
0.11383700000000001
0.11572
0.11759700000000001
0.11946399999999999
0.121331
0.123215
0.125074
0.126934
0.128796
0.13065000000000002
0.132506
0.13436
0.136212
0.13805800000000001
0.139915
0.141772
0.143616
0.145448
0.14729399999999998
0.14913099999999999
0.15096099999999998
0.152798
0.154623
0.156446
0.158265
0.160102
0.16192299999999998

Vgs: 1.0
3.09906e-05
0.0184762
0.0337755
0.0461933
0.0558193
0.06265219999999999
0.06702409999999999
0.0698594
0.07222400000000001
0.0744709
0.0766757
0.0788542
0.0810015
0.0831488
0.0852706
0.0873825
0.0894837
0.0915775
0.0936622
0.0957226
0.0977975
0.09983550000000001
0.10189200000000001
0.103934
0.10597799999999999
0.10800499999999999
0.110029
0.11204199999999999
0.114063
0.116066
0.118066
0.120075
0.122064
0.12405200000000001
0.126035
0.128014
0.129988
0.131962
0.13392300000000001
0.13589
0.137852
0.139799
0.141751
0.143693
0.145649
0.147587
0.149516
0.151448
0.153382
0.155313
0.157249
0.159181
0.161109
0.163027
0.16494599999999998
0.166868
0.168777
0.17069900000000002
0.172626
0.174541
0.176444
0.17836300000000002
0.180259
0.182175
0.184079
0.186001
0.18789699999999998
0.189808
0.19171100000000002
0.181208
0.181153
0.182941
0.184763
0.186412
0.188183
0.189991
0.19174
0.193473
0.195461
0.19722399999999998
0.19906000000000001

Vgs: 1.5
1.65516e-05
0.0248769
0.047599499999999996
0.0683438
0.0871733
0.10401
0.118785
0.13136699999999998
0.141737
0.149749
0.155461
0.159202
0.161838
0.16403
0.166189
0.168204
0.170323
0.172283
0.17428300000000002
0.176228
0.178171
0.18006
0.18199099999999999
0.18394
0.185828
0.187674
0.18952
0.191398
0.19324000000000002
0.19510799999999998
0.196907
0.19876
0.200669
0.202397
0.20432999999999998
0.2061
0.20807399999999998
0.209897
0.211713
0.213526
0.215342
0.21710100000000002
0.21884800000000001
0.22079200000000002
0.222688
0.224601
0.226209
0.227877
0.229697
0.231443
0.233373
0.235183
0.23694800000000002
0.23874399999999998
0.24043799999999999
0.242045
0.243791
0.24558799999999997
0.24740199999999998
0.24924300000000002
0.25101300000000004
0.252722
0.254634
0.256592
0.258267
0.260217
0.261809
0.263603
0.265166
0.267002
0.268843
0.27073400000000003
0.272552
0.27432
0.276375
0.278112
0.279977
0.281773
0.283565
0.28538800000000003
0.287157

Vgs: 2.0
2.9657999999999996e-06
0.0309621
0.0601519
0.0878475
0.11400600000000001
0.138719
0.16141
0.182738
0.20335399999999998
0.220642
0.236228
0.250313
0.263076
0.27337500000000003
0.281809
0.287511
0.292234
0.295773
0.298576
0.301111
0.301711
0.30592400000000003
0.307684
0.31023999999999996
0.306067
0.307642
0.309465
0.311636
0.313612
0.315284
0.317247
0.319291
0.321244
0.323148
0.32464499999999996
0.32657200000000003
0.32837099999999997
0.33024699999999996
0.33199500000000004
0.333766
0.335543
0.33747699999999997
0.33925900000000003
0.34086099999999997
0.342545
0.344469
0.346324
0.348095
0.349971
0.35180900000000004
0.35362000000000005
0.35565599999999997
0.35739099999999996
0.359345
0.360923
0.36268900000000004
0.36485100000000004
0.367526
0.369043
0.37097399999999997
0.372823
0.37501
0.376829
0.37881
0.38076800000000005
0.382583
0.384316
0.386073
0.388145
0.39037400000000005
0.39200599999999997
0.393561
0.39606199999999997
0.398663
0.399569
0.400835
0.402564
0.40605600000000003
0.408265
0.410339
0.412286

Vgs: 2.5
3.8357500000000005e-06
0.0387182
0.079529
0.116817
0.152781
0.18718500000000002
0.220113
0.25150900000000004
0.281565
0.30982200000000004
0.33646099999999995
0.361357
0.38456999999999997
0.405933
0.42540100000000003
0.442901
0.458388
0.47165100000000004
0.482529
0.49153399999999997
0.498283
0.503287
0.5069309999999999
0.5099049999999999
0.512648
0.515224
0.51771
0.52025
0.5227040000000001
0.525133
0.527496
0.529766
0.532006
0.534251
0.536526
0.53891
0.5412239999999999
0.543417
0.5455800000000001
0.547686
0.549847
0.551971
0.554069
0.5561299999999999
0.558216
0.5603239999999999
0.562408
0.564472
0.566512
0.568553
0.570631
0.572658
0.5747420000000001
0.576787
0.578825
0.5808760000000001
0.5829259999999999
0.584999
0.5870759999999999
0.589222
0.591324
0.593456
0.595599
0.597729
0.599884
0.602044
0.604237
0.606514
0.6087659999999999
0.6110599999999999
0.613297
0.615598
0.6179749999999999
0.620336
0.622768
0.625205
0.62762
0.630116
0.6326240000000001
0.635116
0.6376729999999999

Vgs: 3.0
6.389010000000001e-05
0.0460514
0.0902901
0.133086
0.174716
0.215
0.25403
0.291815
0.328278
0.36340199999999995
0.397173
0.429551
0.460498
0.49002599999999996
0.517958
0.5444169999999999
0.569299
0.592396
0.613797
0.63343
0.651139
0.66686
0.680796
0.692401
0.702142
0.7096210000000001
0.715237
0.719575
0.72285
0.7258800000000001
0.728672
0.7313890000000001
0.7339910000000001
0.736496
0.739002
0.7414989999999999
0.743865
0.7462340000000001
0.748676
0.751228
0.753467
0.755853
0.758021
0.760286
0.7626430000000001
0.764802
0.766979
0.769059
0.7712
0.773502
0.7756959999999999
0.777778
0.779909
0.782036
0.784133
0.7862499999999999
0.7883560000000001
0.7905
0.792637
0.7948350000000001
0.7969
0.7990389999999999
0.801203
0.80341
0.8057150000000001
0.808028
0.810476
0.812294
0.814604
0.816942
0.819236
0.82169
0.824421
0.827045
0.829561
0.831645
0.834359
0.837139
0.839542
0.842344
0.8451599999999999

Vgs: 3.5
6.20086e-05
0.050765199999999996
0.0997879
0.147762
0.195171
0.241002
0.285835
0.329438
0.371918
0.413178
0.454059
0.493229
0.5310440000000001
0.56764
0.602931
0.636927
0.669609
0.700923
0.730816
0.759256
0.786178
0.811302
0.8351069999999999
0.857124
0.877506
0.8960180000000001
0.912693
0.927366
0.940055
0.95074
0.959354
0.966102
0.9711770000000001
0.975148
0.978518
0.982213
0.9860279999999999
0.990494
0.994078
0.996898
0.999579
1.00427
1.00685
1.00944
1.01187
1.0147000000000002
1.01714
1.0195200000000002
1.02194
1.02428
1.02667
1.02898
1.03131
1.0336500000000002
1.0359099999999999
1.03816
1.0404200000000001
1.04263
1.04487
1.04709
1.04936
1.05163
1.05393
1.0562
1.05847
1.06067
1.063
1.06548
1.0679999999999998
1.0704799999999999
1.07299
1.07548
1.07782
1.0804600000000002
1.08317
1.08595
1.08873
1.09158
1.09439
1.09742
1.10047

Vgs: 4.0
6.43099e-05
0.0553457
0.109063
0.16156199999999998
0.213058
0.263544
0.31301799999999996
0.361551
0.408992
0.455148
0.5011049999999999
0.545267
0.586402
0.628679
0.6695810000000001
0.7099030000000001
0.748929
0.7866839999999999
0.823308
0.8587319999999999
0.892926
0.925442
0.9571160000000001
0.987253
1.01758
1.0448499999999998
1.07067
1.09486
1.11741
1.13837
1.15749
1.1747800000000002
1.19015
1.2037499999999999
1.2153800000000001
1.22506
1.23221
1.23694
1.24628
1.24694
1.25032
1.2559500000000001
1.25835
1.26081
1.26375
1.2668899999999998
1.26909
1.2717500000000002
1.27442
1.27699
1.27966
1.2821
1.28465
1.28712
1.2895
1.2919800000000001
1.2943500000000001
1.2967499999999998
1.2991000000000001
1.3014299999999999
1.3037299999999998
1.30611
1.30842
1.31075
1.31305
1.31574
1.3142200000000002
1.31674
1.32284
1.32322
1.3249799999999998
1.32952
1.33202
1.33395
1.33662
1.33811
1.34096
1.3439999999999999
1.3468099999999998
1.34965
1.3525500000000001

Vgs: 4.5
7.284219999999999e-05
0.058700499999999996
0.115859
0.171899
0.22704100000000002
0.28127399999999997
0.334607
0.387042
0.43867100000000003
0.489341
0.539147
0.58802
0.636032
0.6803049999999999
0.729066
0.775809
0.8194819999999999
0.8628349999999999
0.9063180000000001
0.947807
0.988119
1.02881
1.06731
1.10429
1.14018
1.17465
1.20804
1.23991
1.27063
1.29994
1.32771
1.35401
1.37874
1.40185
1.4233500000000001
1.44333
1.46141
1.4777200000000001
1.4922
1.50474
1.51673
1.52468
1.53083
1.54319
1.5452599999999999
1.53787
1.54333
1.56067
1.56392
1.56748
1.57105
1.5739400000000001
1.57682
1.57961
1.58239
1.58508
1.58774
1.5904800000000001
1.59304
1.5957000000000001
1.5982800000000001
1.60078
1.60317
1.60567
1.60822
1.61071
1.61317
1.61555
1.618
1.6204500000000002
1.62422
1.62672
1.62192
1.6180999999999999
1.62209
1.62623
1.62871
1.63207
1.6359000000000001
1.6385
1.64211

Vgs: 5.0
5.2147999999999996e-05
0.0624128
0.123357
0.183247
0.242335
0.300566
0.357983
0.414573
0.470403
0.525418
0.5796370000000001
0.6331260000000001
0.685858
0.737845
0.7890240000000001
0.839445
0.889074
0.937826
0.985755
1.03147
1.0803500000000001
1.12568
1.1699499999999998
1.21388
1.2607300000000001
1.3020900000000002
1.34243
1.3814700000000002
1.41924
1.4560300000000002
1.4913699999999999
1.52554
1.55832
1.58982
1.6198700000000001
1.64856
1.67562
1.70129
1.7252999999999998
1.74779
1.76864
1.78779
1.8051
1.8206
1.83434
1.84612
1.85611
1.86422
1.87069
1.87579
1.86742
1.86845
1.87374
1.87961
1.88264
1.89252
1.89615
1.90041
1.90289
1.90572
1.90876
1.91154
1.91438
1.9172099999999999
1.91985
1.92264
1.9252
1.92782
1.9304000000000001
1.93297
1.93553
1.9379899999999999
1.94058
1.94301
1.94554
1.94806
1.95059
1.9532
1.9558000000000002
1.9584
1.96107

Vgs: 5.5
6.26924e-05
0.0656559
0.129902
0.193157
0.25567
0.317403
0.37838299999999997
0.43863399999999997
0.49821499999999996
0.557065
0.6152500000000001
0.672794
0.729687
0.7859590000000001
0.841573
0.8965200000000001
0.950774
1.00591
1.05876
1.11079
1.1620700000000002
1.212
1.2616800000000001
1.31027
1.35809
1.40482
1.45072
1.49552
1.53929
1.5820400000000001
1.62359
1.6642
1.7035900000000002
1.74183
1.7788700000000002
1.81474
1.84919
1.88239
1.91421
1.94482
1.97391
2.00162
2.02782
2.0524
2.07566
2.09708
2.11703
2.13518
2.1517
2.16627
2.17907
2.19007
2.1993199999999997
2.20674
2.21283
2.2179
2.2223
2.22614
2.2298600000000004
2.2334
2.23684
2.2401500000000003
2.24327
2.2463499999999996
2.24933
2.25239
2.25529
2.25813
2.26091
2.2638
2.26654
2.2692699999999997
2.2719300000000002
2.27462
2.27735
2.27993
2.28247
2.28504
2.28764
2.29027
2.2927400000000002

Vgs: 6.0
3.7429e-05
0.06837610000000001
0.135428
0.201542
0.26696800000000004
0.331695
0.39572
0.459099
0.521887
0.584046
0.6456670000000001
0.706727
0.767262
0.827268
0.886746
0.945674
1.00562
1.06335
1.12044
1.1768399999999999
1.23252
1.28708
1.34147
1.39487
1.44761
1.4993
1.55031
1.60025
1.64916
1.6974799999999999
1.74464
1.7910000000000001
1.83619
1.8804699999999999
1.92356
1.9657300000000002
2.00661
2.04645
2.08504
2.12252
2.1587
2.1937100000000003
2.22736
2.2596000000000003
2.29066
2.3204
2.3486700000000003
2.37543
2.4008100000000003
2.42457
2.4468300000000003
2.46744
2.48649
2.5038
2.51947
2.5332000000000003
2.5452600000000003
2.55551
2.5640799999999997
2.5711399999999998
2.5769399999999996
2.58191
2.58627
2.59031
2.59406
2.5977
2.6011900000000003
2.6045399999999996
2.6076699999999997
2.6108
2.6138500000000002
2.6169000000000002
2.61991
2.6228800000000003
2.6257300000000003
2.62853
2.6313500000000003
2.63409
2.63685
2.63958
2.64223

Vgs: 6.5
3.6511500000000004e-05
0.0708175
0.14036800000000002
0.209066
0.277096
0.344487
0.411293
0.47751899999999997
0.5432180000000001
0.608374
0.6730619999999999
0.7373329999999999
0.801202
0.864605
0.927577
0.990093
1.05371
1.1152600000000001
1.1762299999999999
1.23664
1.2964
1.35505
1.41367
1.47137
1.5286099999999998
1.58469
1.64043
1.6950800000000001
1.74898
1.80217
1.8543699999999999
1.90592
1.9562899999999999
2.0059299999999998
2.05445
2.10223
2.14873
2.19442
2.2388500000000002
2.28239
2.32472
2.36603
2.4061999999999997
2.44511
2.48306
2.5197000000000003
2.55514
2.58922
2.62221
2.65365
2.68394
2.71276
2.7402699999999998
2.76621
2.7908
2.81378
2.8351499999999996
2.85505
2.87323
2.88979
2.90463
2.91782
2.92918
2.93886
2.9469600000000002
2.95364
2.9591499999999997
2.9640299999999997
2.96841
2.97254
2.9763200000000003
2.98007
2.98355
2.98694
2.99023
2.9934499999999997
2.99663
2.99973
3.0027999999999997
3.0057199999999997
3.00863

Vgs: 7.0
2.9817799999999998e-05
0.0730708
0.144933
0.215967
0.28643199999999996
0.356284
0.42558199999999996
0.49437099999999995
0.562716
0.6306200000000001
0.698168
0.7653760000000001
0.832261
0.898801
0.965008
1.03241
1.09789
1.16296
1.22752
1.29161
1.35515
1.4175900000000001
1.4800600000000002
1.5417399999999999
1.6030499999999999
1.6634099999999998
1.72335
1.78237
1.84066
1.8983100000000002
1.95503
2.0111299999999996
2.06632
2.12074
2.174
2.2266
2.27833
2.32944
2.37923
2.42822
2.4761100000000003
2.52323
2.56918
2.614
2.6578600000000003
2.70057
2.74241
2.78299
2.82244
2.86062
2.89772
2.93358
2.96822
3.0014299999999996
3.03351
3.06428
3.0936399999999997
3.1218
3.14839
3.17361
3.19727
3.2195
3.24012
3.25919
3.27647
3.29218
3.30664
3.3191599999999997
3.32996
3.3389800000000003
3.3467000000000002
3.35323
3.35873
3.3636500000000003
3.36801
3.3721900000000002
3.3761300000000003
3.37974
3.3833100000000003
3.3867
3.3901399999999997

Vgs: 7.5
2.81668e-06
0.0751365
0.14902200000000002
0.222139
0.294738
0.366799
0.43833799999999995
0.5094529999999999
0.580205
0.650592
0.720693
0.790563
0.86021
0.929597
0.998732
1.06919
1.13778
1.20601
1.27382
1.34117
1.40814
1.47407
1.54024
1.60552
1.6704999999999999
1.73467
1.7984
1.86138
1.92363
1.98542
2.0463899999999997
2.10675
2.1662
2.22499
2.28289
2.34024
2.39645
2.45211
2.5067000000000004
2.5606299999999997
2.61348
2.66562
2.71663
2.76663
2.81595
2.86416
2.9115
2.95766
3.00299
3.04705
3.09019
3.1321
3.1731900000000004
3.21293
3.25161
3.2890800000000002
3.32531
3.36049
3.39436
3.4269700000000003
3.4581299999999997
3.4883599999999997
3.5168299999999997
3.54416
3.56989
3.5943
3.61722
3.63869
3.6584600000000003
3.67683
3.6936199999999997
3.70858
3.72215
3.73401
3.74415
3.75287
3.76015
3.7663100000000003
3.77163
3.77631
3.7808300000000004

Vgs: 8.0
2.6297600000000004e-07
0.0768018
0.15243
0.22734000000000001
0.301778
0.37572300000000003
0.44923199999999996
0.522386
0.595256
0.667836
0.74024
0.8124939999999999
0.884614
0.9565710000000001
1.02986
1.10149
1.1728800000000001
1.24395
1.31474
1.3851600000000002
1.45521
1.52423
1.59354
1.6622
1.73054
1.7981
1.86541
1.9318899999999999
1.99782
2.06337
2.12798
2.19229
2.25567
2.31845
2.38037
2.44186
2.50222
2.56215
2.6210500000000003
2.6794700000000002
2.73674
2.79337
2.84898
2.90388
2.95802
3.0111
3.0634099999999997
3.11455
3.1650300000000002
3.2143699999999997
3.26296
3.31046
3.35703
3.40238
3.44687
3.49024
3.53238
3.5738100000000004
3.61378
3.65277
3.6905900000000003
3.72715
3.7626399999999998
3.7969700000000004
3.8298
3.86151
3.89173
3.9209400000000003
3.94875
3.9749499999999998
3.99987
4.02336
4.04547
4.06591
4.08493
4.10241
4.11846
4.13284
4.14579
4.15703
4.16683
