Vgs range: 0,8,0.1
Vds range: 0,8,0.5

Vgs: 0.0
2.65108e-05
2.65816e-05
2.75938e-05
2.72599e-05
2.57661e-05
2.5829799999999998e-05
2.68597e-05
2.7826500000000002e-05
2.90093e-05
2.8216899999999997e-05
2.84605e-05
2.72941e-05
2.00067e-05
1.48771e-05
-1.32499e-06
-1.33405e-06
-1.95545e-06
-2.9156499999999998e-06
-3.14072e-06
-3.64548e-06
-4.33231e-06
-4.45657e-06
-4.49052e-06
-5.00596e-06
-5.773840000000001e-06
-6.30706e-06
-6.3297e-06
-7.5136e-06
-8.30891e-06
-7.981219999999999e-06
-9.42735e-06
-5.45123e-05
-5.88523e-05
-6.06785e-05
-6.39247e-05
-6.5752e-05
-6.688500000000001e-05
-6.778399999999999e-05
-6.99333e-05
-7.35767e-05
-7.71222e-05
-7.7583e-05
-7.935980000000001e-05
-8.17692e-05
-8.34053e-05
-8.38219e-05
-8.6737e-05
-8.913560000000001e-05
-9.013289999999999e-05
-9.2779e-05
-9.5751e-05
-9.349969999999999e-05
-9.77201e-05
-9.832620000000001e-05
-9.95284e-05
-0.000124859
-0.00012807400000000002
-0.000133274
-0.000132348
-0.000133164
-0.00013823499999999998
-0.000138636
-0.000140661
-0.000143539
-0.000139821
-0.00014651600000000002
-0.000146852
-0.000148051
-0.000153062
-0.000155002
-0.000160128
-0.000172332
-0.000170655
-0.000181443
-0.00018047900000000002
-0.000189056
-0.000196443
-0.000198624
-0.000206918
-0.000214344
-0.000221851

Vgs: 0.5
0.236609
0.236611
0.236642
0.236679
0.23683600000000002
0.23756100000000002
0.239934
0.245493
0.255234
0.269424
0.287757
0.30768
0.333036
0.35880900000000004
0.382417
0.40667
0.430749
0.453167
0.475619
0.49724700000000005
0.518263
0.539253
0.558957
0.577999
0.597568
0.600513
0.600557
0.600573
0.600582
0.6005900000000001
0.600589
0.600647
0.658495
0.746197
0.7645879999999999
0.7799280000000001
0.794795
0.808769
0.822639
0.836449
0.850147
0.863405
0.8763580000000001
0.88915
0.901346
0.913546
0.925558
0.937509
0.9483710000000001
0.959809
0.970463
0.980915
0.991689
1.00471
1.0127899999999999
1.02242
1.03182
1.04069
1.04915
1.05758
1.0655599999999998
1.07302
1.08045
1.0872499999999998
1.09409
1.10049
1.1068600000000002
1.11317
1.11917
1.12554
1.13152
1.13729
1.14317
1.14888
1.1546
1.16018
1.16559
1.17117
1.1757600000000001
1.18175
1.18691

Vgs: 1.0
0.474418
0.47441999999999995
0.474474
0.474536
0.47475
0.475596
0.478233
0.484142
0.49426899999999996
0.509268
0.528541
0.552936
0.577885
0.6145970000000001
0.651051
0.6925450000000001
0.737598
0.782193
0.827377
0.871955
0.917953
0.961384
1.013
1.04684
1.08758
1.12735
1.1661899999999998
1.20404
1.23988
1.27718
1.31132
1.34619
1.3798199999999998
1.41182
1.4441300000000001
1.4759499999999999
1.50684
1.5377699999999999
1.56662
1.59611
1.62492
1.6526500000000002
1.68061
1.7074799999999999
1.73372
1.75981
1.7849700000000002
1.81054
1.83437
1.85856
1.882
1.90405
1.92697
1.94824
1.96991
1.9912900000000002
2.01065
2.03029
2.0472200000000003
2.06689
2.0853400000000004
2.1019900000000002
2.11846
2.1354
2.1503300000000003
2.16494
2.17868
2.19135
2.20469
2.21794
2.2302
2.24273
2.25286
2.26694
2.2787100000000002
2.2907100000000002
2.3025200000000003
2.3135299999999996
2.3247
2.3350799999999996
2.3467800000000003

Vgs: 1.5
0.713427
0.713432
0.71351
0.713596
0.7138490000000001
0.714837
0.717695
0.7238760000000001
0.734374
0.7494510000000001
0.769593
0.793708
0.82281
0.85452
0.8938200000000001
0.938022
0.9834139999999999
1.04375
1.08789
1.14474
1.20655
1.26861
1.33294
1.3958499999999998
1.45958
1.52311
1.57727
1.64562
1.70386
1.7608700000000002
1.81818
1.87375
1.9269999999999998
1.9786299999999999
2.02984
2.08141
2.1304700000000003
2.17896
2.22539
2.27283
2.31795
2.36292
2.40702
2.4505999999999997
2.4930299999999996
2.53649
2.57457
2.61467
2.65347
2.69234
2.7301
2.7664299999999997
2.80342
2.83767
2.87159
2.90674
2.93927
2.9724
3.00247
3.0338700000000003
3.0634400000000004
3.0923700000000003
3.12029
3.1470700000000003
3.1731
3.19815
3.22107
3.24461
3.2654799999999997
3.28769
3.30746
3.3281500000000004
3.34734
3.3664
3.38603
3.4053
3.42392
3.44171
3.4592099999999997
3.4782699999999998
3.49586

Vgs: 2.0
0.953982
0.953983
0.954091
0.954193
0.954505
0.955621
0.958905
0.9655199999999999
0.976027
0.991638
1.01651
1.04213
1.06633
1.10077
1.1387
1.18196
1.2288100000000002
1.2792599999999998
1.33413
1.3917199999999998
1.45492
1.5202200000000001
1.5907
1.65905
1.7358600000000002
1.81492
1.89441
1.9748500000000002
2.0541
2.1358599999999996
2.21652
2.2928800000000003
2.36839
2.44247
2.5150699999999997
2.58764
2.65732
2.72637
2.79335
2.86045
2.9253
2.99005
3.05116
3.1114900000000003
3.17149
3.23032
3.2873799999999997
3.3447400000000003
3.40003
3.4562299999999997
3.5087400000000004
3.51895
3.5190400000000004
3.51917
3.51902
3.51909
3.51916
3.51988
3.7312399999999997
3.9429799999999995
3.99047
4.0320800000000006
4.0743
4.11402
4.15381
4.19154
4.22185
4.26232
4.29447
4.32513
4.354850000000001
4.38379
4.41366
4.44106
4.46682
4.49389
4.51955
4.54507
4.57053
4.59576
4.61941

Vgs: 2.5
1.19713
1.19717
1.19728
1.19741
1.19779
1.19908
1.20247
1.20925
1.2202
1.23577
1.2559699999999998
1.28115
1.31037
1.34511
1.38342
1.42866
1.47425
1.52501
1.58077
1.63874
1.70221
1.76913
1.83919
1.91254
1.92563
1.9257199999999999
1.92577
1.92579
1.9257600000000001
1.92578
1.92581
2.18751
2.67429
2.79679
2.89096
2.98612
3.07824
3.1705
3.25714
3.34409
3.43144
3.51512
3.60322
3.6794000000000002
3.7586999999999997
3.8368700000000002
3.91269
3.98907
4.0620400000000005
4.135490000000001
4.20678
4.27693
4.34583
4.41286
4.47989
4.54321
4.6049999999999995
4.66737
4.72795
4.787719999999999
4.8473
4.90398
4.95925
5.01215
5.06602
5.11965
5.16697
5.2154300000000005
5.26114
5.306690000000001
5.34884
5.38952
5.43013
5.46473
5.50725
5.54301
5.57736
5.61165
5.64391
5.67381
5.70635

Vgs: 3.0
1.44077
1.4407400000000001
1.4408800000000002
1.44105
1.44147
1.44291
1.4464899999999998
1.45367
1.4648
1.48075
1.4986400000000002
1.5264
1.55637
1.59105
1.62919
1.67401
1.72086
1.77209
1.8280399999999999
1.8868699999999998
1.95062
2.01761
2.0886899999999997
2.16112
2.23828
2.32079
2.4055999999999997
2.49105
2.57975
2.6744999999999997
2.76972
2.8723400000000003
2.97175
3.0724099999999996
3.17875
3.28589
3.39511
3.5045599999999997
3.6002
3.72113
3.82978
3.9340399999999995
4.03934
4.14159
4.24213
4.342709999999999
4.4378400000000005
4.53403
4.62639
4.72034
4.8092999999999995
4.8959
4.98307
5.06858
5.152430000000001
5.23651
5.31636
5.33071
5.33032
5.3310900000000006
5.33069
5.33065
5.33061
5.58209
5.90659
5.97634
6.0397
6.10411
6.16568
6.22478
6.281700000000001
6.33932
6.394979999999999
6.44474
6.493320000000001
6.54172
6.585859999999999
6.626390000000001
6.67018
6.71424
6.75631

Vgs: 3.5
1.6856099999999998
1.6856799999999998
1.68587
1.68607
1.68662
1.6882100000000002
1.6922300000000001
1.69954
1.711
1.72705
1.74777
1.77325
1.8034299999999999
1.83801
1.87675
1.92086
1.96595
2.01983
2.07648
2.13642
2.1999
2.2672399999999997
2.33847
2.41223
2.48897
2.57213
2.65647
2.74429
2.8335600000000003
2.92839
3.02508
3.12516
3.23035
3.3327999999999998
3.4396
3.5515299999999996
3.6625300000000003
3.77854
3.89419
4.01435
4.13439
4.257140000000001
4.37969
4.50029
4.623880000000001
4.74019
4.8569700000000005
4.975099999999999
5.087330000000001
5.1999699999999995
5.31104
5.41809
5.52524
5.62925
5.7327699999999995
5.8340700000000005
5.9315299999999995
6.03264
6.12558
6.22028
6.31244
6.40256
6.49186
6.56806
6.66434
6.74748
6.82664
6.9075
6.98511
7.06098
7.13443
7.20591
7.27729
7.34581
7.4132
7.47645
7.53559
7.59312
7.6478600000000005
7.69881
7.75012

Vgs: 4.0
1.9312699999999998
1.9312699999999998
1.93152
1.93177
1.93244
1.93424
1.93855
1.94581
1.9578600000000002
1.9742499999999998
1.996
2.0206500000000003
2.05054
2.08604
2.12481
2.1694
2.21665
2.2684200000000003
2.32529
2.38545
2.44955
2.51133
2.5885700000000003
2.66249
2.74092
2.82328
2.90875
2.99719
3.0867199999999997
3.1818
3.28085
3.38204
3.4863899999999997
3.58852
3.69686
3.71843
3.71864
3.71865
3.71867
3.71869
3.71865
4.09748
4.649249999999999
4.7855
4.9170799999999995
5.049119999999999
5.18121
5.31491
5.4457699999999996
5.58215
5.7123800000000005
5.838229999999999
5.96891
6.0922600000000005
6.21649
6.33713
6.45832
6.57378
6.68565
6.7983
6.90895
7.01844
7.12341
7.22732
7.33064
7.43102
7.52673
7.6245
7.7185500000000005
7.80754
7.9018999999999995
7.98916
8.07525
8.157620000000001
8.23924
8.32071
8.401499999999999
8.469330000000001
8.53593
8.60514
8.674339999999999

Vgs: 4.5
2.1774199999999997
2.17739
2.17771
2.17804
2.17876
2.1808
2.1853
2.1934400000000003
2.20516
2.2216699999999996
2.24292
2.26854
2.299
2.3347900000000004
2.3730499999999997
2.41778
2.46601
2.51741
2.57544
2.63394
2.70046
2.7672600000000003
2.83872
2.9131299999999998
2.9923599999999997
3.06951
3.16035
3.24866
3.3392600000000003
3.43466
3.53335
3.63468
3.74313
3.84414
3.95301
4.071339999999999
4.18041
4.298360000000001
4.4157399999999996
4.53907
4.66545
4.7903
4.91874
5.05031
5.184270000000001
5.31752
5.4527600000000005
5.59438
5.732819999999999
5.87604
6.01526
6.15451
6.29871
6.41941
6.58338
6.72358
6.859579999999999
6.99904
7.13072
7.26182
7.39215
7.52217
7.64704
7.76877
7.88773
8.009030000000001
8.12213
8.2302
8.34472
8.45608
8.561960000000001
8.666210000000001
8.771920000000001
8.87186
8.96608
9.06806
9.15526
9.24594
9.333630000000001
9.42034
9.504769999999999

Vgs: 5.0
2.4240500000000003
2.42407
2.42443
2.4248600000000002
2.4257400000000002
2.4279200000000003
2.43256
2.44066
2.45294
2.4698900000000004
2.4914
2.5169799999999998
2.5471
2.58293
2.6219799999999998
2.6663300000000003
2.71535
2.76682
2.8240700000000003
2.8837200000000003
2.94991
3.0169099999999998
3.08888
3.16372
3.24204
3.3273800000000002
3.41166
3.50069
3.59342
3.68587
3.78683
3.8892599999999997
3.9921499999999996
4.09836
4.207800000000001
4.32129
4.43961
4.55486
4.67316
4.79598
4.92296
5.05473
5.1798399999999996
5.3122300000000005
5.4460999999999995
5.5835
5.71915
5.86288
6.00047
6.14638
6.2908800000000005
6.4345799999999995
6.565449999999999
6.73178
6.88235
7.03242
7.18138
7.33755
7.48723
7.63144
7.77764
7.925949999999999
8.068159999999999
8.208699999999999
8.35405
8.48781
8.6223
8.75713
8.88033
9.01351
9.13359
9.2536
9.375639999999999
9.49029
9.60859
9.713019999999998
9.82626
9.932929999999999
10.0559
10.1399
10.238999999999999

Vgs: 5.5
2.6709
2.6709199999999997
2.67135
2.67139
2.6713999999999998
2.67137
2.67138
2.6713999999999998
2.67136
2.67137
2.6792700000000003
2.7590000000000003
2.79551
2.83169
2.87208
2.91516
2.9640999999999997
3.01573
3.07349
3.1331
3.19981
3.26727
3.33952
3.41327
3.4959800000000003
3.57602
3.6626499999999997
3.7519799999999996
3.84285
3.9388699999999996
4.0385100000000005
4.14046
4.24433
4.35135
4.4631300000000005
4.58765
4.69028
4.800590000000001
4.93216
5.05128
5.178170000000001
5.30776
5.43594
5.56991
5.704899999999999
5.84271
5.97795
6.12348
6.27284
6.41301
6.55524
6.70182
6.850560000000001
7.00222
7.1529300000000005
7.30727
7.460030000000001
7.61612
7.77088
7.929800000000001
8.06908
8.240290000000002
8.398100000000001
8.55436
8.71208
8.865079999999999
9.015139999999999
9.16783
9.31275
9.4608
9.6021
9.739930000000001
9.877749999999999
10.0371
10.144
10.2733
10.3978
10.5232
10.642900000000001
10.765699999999999
10.876800000000001

Vgs: 6.0
2.91803
2.91807
2.91846
2.91894
2.92004
2.92254
2.92741
2.93627
2.94867
2.9656700000000003
2.9840600000000004
3.01426
3.04368
3.08032
3.1199
3.1638
3.2142899999999996
3.26443
3.3229800000000003
3.38224
3.44774
3.51645
3.58854
3.6633899999999997
3.74515
3.82783
3.91223
4.00169
4.09514
4.1883099999999995
4.29231
4.39138
4.49618
4.60261
4.714720000000001
4.82645
4.94212
5.0611
5.181360000000001
5.30506
5.45361
5.55757
5.67566
5.82289
5.959199999999999
6.09584
6.2333
6.37552
6.51664
6.66654
6.81074
6.95639
7.10862
7.25896
7.412850000000001
7.570819999999999
7.72163
7.880720000000001
8.03768
8.19869
8.36307
8.52262
8.68189
8.843810000000001
9.00513
9.169490000000001
9.329469999999999
9.493659999999998
9.6522
9.81349
9.965119999999999
10.156500000000001
10.2827
10.4328
10.5863
10.7301
10.8733
11.0168
11.1527
11.2903
11.4229

Vgs: 6.5
3.16602
3.16601
3.1661900000000003
3.16669
3.16782
3.17029
3.17529
3.1841999999999997
3.19669
3.21385
3.23573
3.26174
3.29867
3.32866
3.3684700000000003
3.41254
3.4611199999999998
3.5140000000000002
3.5715500000000002
3.63212
3.69638
3.7662199999999997
3.84064
3.9134
3.9935300000000002
4.077039999999999
4.16357
4.2531799999999995
4.34453
4.44011
4.5407399999999996
4.64278
4.74701
4.85344
4.96368
5.07854
5.19431
5.31345
5.43541
5.55594
5.68482
5.81238
5.944030000000001
6.0775500000000005
6.21338
6.34988
6.48757
6.631749999999999
6.773689999999999
6.92045
7.0667100000000005
7.21436
7.36615
7.49665
7.674659999999999
7.83362
7.98535
8.14435
8.30001
8.46168
8.62197
8.782359999999999
8.94829
9.11087
9.276100000000001
9.443200000000001
9.60637
9.7692
9.94449
10.1385
10.277
10.4455
10.605599999999999
10.7729
10.9336
11.096699999999998
11.2532
11.4143
11.5696
11.7149
11.8585

Vgs: 7.0
3.41503
3.41497
3.41478
3.41511
3.4161
3.41843
3.4234999999999998
3.43175
3.44462
3.46182
3.4838
3.5094700000000003
3.54048
3.57597
3.6121600000000003
3.66097
3.70928
3.76295
3.8203
3.88023
3.9458899999999995
4.01512
4.0874
4.16347
4.242929999999999
4.327240000000001
4.41333
4.5041400000000005
4.59537
4.691319999999999
4.79128
4.8934299999999995
5.00017
5.10635
5.21503
5.3297300000000005
5.44746
5.56418
5.68336
5.80899
5.93493
6.06499
6.18283
6.32915
6.46378
6.5999
6.738219999999999
6.88201
7.02369
7.172470000000001
7.32232
7.46483
7.6230400000000005
7.76949
7.92321
8.08075
8.234919999999999
8.39408
8.552340000000001
8.71421
8.87661
9.03679
9.20875
9.36801
9.534870000000002
9.70476
9.867239999999999
10.0662
10.2022
10.3724
10.5471
10.7111
10.882
11.047899999999998
11.2139
11.3913
11.5504
11.7184
11.8813
12.052200000000001
12.2198

Vgs: 7.5
3.6653
3.66528
3.6641999999999997
3.66421
3.6649
3.66704
3.67142
3.67999
3.6927000000000003
3.71005
3.7309
3.75732
3.78837
3.82389
3.86338
3.90858
3.95778
4.012230000000001
4.06853
4.12882
4.19559
4.26431
4.33727
4.41302
4.49411
4.57775
4.66458
4.75829
4.84842
4.94322
5.0435799999999995
5.14682
5.25087
5.35819
5.462899999999999
5.5828500000000005
5.69852
5.81935
5.93731
6.06051
6.19271
6.31557
6.44712
6.582
6.715269999999999
6.85518
6.9952499999999995
7.1347499999999995
7.25635
7.42287
7.5705800000000005
7.7228200000000005
7.868510000000001
8.02073
8.17531
8.33185
8.4865
8.649830000000001
8.81099
8.96833
9.13086
9.29254
9.4354
9.62267
9.79126
9.956990000000001
10.1563
10.293800000000001
10.460199999999999
10.634599999999999
10.8022
10.969700000000001
11.141699999999998
11.312100000000001
11.4883
11.6554
11.826400000000001
11.998099999999999
12.166599999999999
12.336400000000001
12.5012

Vgs: 8.0
4.18971
4.0343
4.057930000000001
4.07228
4.079829999999999
4.09802
4.10159
4.1231
4.145969999999999
4.17934
4.209499999999999
4.25231
4.2806299999999995
4.31653
4.35712
4.40686
4.45763
4.5043
4.55633
4.6098
4.6761800000000004
4.73726
4.80141
4.866289999999999
4.93821
5.01386
5.09586
5.17357
5.25633
5.34206
5.43278
5.52798
5.62153
5.7241599999999995
5.8245700000000005
5.92931
6.0381599999999995
6.13924
6.260820000000001
6.380529999999999
6.4991900000000005
6.61992
6.74676
6.8776
7.00718
7.14104
7.273499999999999
7.4142
7.55492
7.695180000000001
7.83851
7.98783
8.1326
8.28133
8.43692
8.5897
8.744190000000001
8.90585
9.06214
9.221699999999998
9.35709
9.543370000000001
9.70874
9.87322
10.071
10.2096
10.3808
10.5447
10.7124
10.8853
11.0586
11.2267
11.3987
11.5685
11.7416
11.9154
12.091700000000001
12.2597
12.4145
12.6026
12.7754
