Vgs range: 0,8,0.5
Vds range: 0,8,0.1

Vgs: 0.0
-0.000103057
0.047630000000000006
0.0950914
0.142426
0.189834
0.237279
0.284781
0.332322
0.37992899999999996
0.427556
0.47521599999999997
0.522922
0.570683
0.618498
0.666362
0.7142850000000001
0.762296
0.8103509999999999
0.8584620000000001
0.9066420000000001
0.9548760000000001
1.0041799999999999
1.05273
1.1010900000000001
1.14969
1.19822
1.24695
1.29554
1.3442
1.39309
1.4418499999999999
1.49081
1.53969
1.58874
1.63768
1.68682
1.7357799999999999
1.78499
1.8340699999999999
1.88331
1.93242
1.9817099999999999
2.03089
2.08004
2.12925
2.1785200000000002
2.22794
2.27725
2.32674
2.376
2.4254900000000004
2.47484
2.52434
2.5737
2.62328
2.6727
2.7221200000000003
2.77181
2.82128
2.87093
2.9205
2.97026
3.01985
3.0696999999999997
3.11947
3.16944
3.21929
3.26936
3.3193900000000003
3.36959
3.41981
3.47008
3.52054
3.57092
3.6215800000000002
3.67224
3.7231
3.7740199999999997
3.8251
3.87627
3.92782

Vgs: 0.5
-0.000151425
0.0500162
0.09814890000000001
0.145683
0.19321
0.240759
0.288341
0.335965
0.383649
0.43134500000000003
0.479079
0.526864
0.574705
0.622594
0.670546
0.7185619999999999
0.766656
0.814805
0.8630180000000001
0.911303
0.959646
1.00904
1.0576999999999999
1.10617
1.1548699999999998
1.20352
1.25237
1.30109
1.34991
1.3989
1.44776
1.4969000000000001
1.5458500000000002
1.59499
1.64401
1.69332
1.74237
1.79168
1.84088
1.89004
1.9393
1.98878
2.03812
2.0874
2.1369100000000003
2.1863099999999998
2.23581
2.2852200000000003
2.3348
2.38419
2.4337500000000003
2.48319
2.53282
2.58223
2.63185
2.68134
2.7307799999999998
2.78044
2.8299100000000004
2.87954
2.92911
2.97888
3.0282999999999998
3.0780600000000002
3.1276300000000004
3.17733
3.2269400000000004
3.27674
3.32638
3.3762000000000003
3.42598
3.47578
3.52576
3.57574
3.62594
3.67603
3.72636
3.77662
3.82722
3.87772
3.92856

Vgs: 1.0
-0.000195146
0.07325040000000001
0.140857
0.202745
0.259525
0.312083
0.36190799999999995
0.410484
0.458664
0.5067379999999999
0.554808
0.602904
0.651048
0.699221
0.747455
0.795748
0.8441120000000001
0.8925
0.9409839999999999
0.989522
1.0395999999999999
1.0878400000000001
1.13676
1.18548
1.23443
1.28329
1.33239
1.3813300000000002
1.4303700000000001
1.47959
1.5287
1.57807
1.62728
1.67662
1.72596
1.77545
1.8247499999999999
1.8743
1.92368
1.97326
2.02266
2.07236
2.12183
2.17132
2.22104
2.27055
2.3202700000000003
2.36979
2.41959
2.46915
2.51891
2.56846
2.61822
2.66775
2.71753
2.76718
2.81665
2.8664
2.91599
2.9657
3.01529
3.0650500000000003
3.11458
3.1643
3.21384
3.2635300000000003
3.31311
3.3628199999999997
3.41235
3.4620900000000003
3.51165
3.56128
3.61102
3.66072
3.7106
3.76028
3.81022
3.8600000000000003
3.9099800000000005
3.9599300000000004
4.01018

Vgs: 1.5
-0.000223948
0.0969576
0.18896200000000002
0.275659
0.357222
0.433484
0.504429
0.570173
0.6309790000000001
0.687329
0.740185
0.7907310000000001
0.8401590000000001
0.889106
0.93792
0.986748
1.03702
1.08585
1.13476
1.1837
1.23273
1.2814
1.33063
1.37962
1.4289
1.47807
1.52738
1.5766499999999999
1.62596
1.67548
1.7248400000000002
1.7744
1.82383
1.87343
1.92296
1.97268
2.02222
2.07194
2.12154
2.1713
2.2208699999999997
2.27066
2.3203400000000003
2.36994
2.41979
2.46941
2.51923
2.5688899999999997
2.61879
2.66847
2.7183200000000003
2.76798
2.81781
2.86746
2.91732
2.9669499999999998
3.01666
3.06646
3.11613
3.16586
3.21551
3.26528
3.31489
3.3646499999999997
3.41428
3.4640600000000004
3.51367
3.56343
3.61303
3.66277
3.7123999999999997
3.76198
3.81177
3.86146
3.9112900000000006
3.9609500000000004
4.01082
4.0605199999999995
4.110469999999999
4.16025
4.2102900000000005

Vgs: 2.0
-0.000274386
0.11739200000000001
0.230471
0.338886
0.442909
0.5421659999999999
0.636689
0.726381
0.811245
0.8911359999999999
0.966104
1.03752
1.10286
1.16367
1.22058
1.27435
1.32609
1.3766500000000002
1.42669
1.4765
1.52622
1.57551
1.6253199999999999
1.67497
1.7248
1.7744
1.82426
1.87392
1.92368
1.97363
2.02335
2.0733
2.12314
2.1730899999999997
2.2228299999999996
2.27289
2.3227
2.37275
2.42263
2.47266
2.52256
2.57259
2.62251
2.6724
2.72244
2.77234
2.82234
2.8721900000000002
2.9222200000000003
2.97209
3.02205
3.07192
3.12188
3.1716800000000003
3.22169
3.27147
3.32123
3.3711800000000003
3.42101
3.47092
3.52066
3.57064
3.62035
3.6702700000000004
3.72
3.76991
3.81964
3.8696099999999998
3.91935
3.96931
4.01911
4.068849999999999
4.11879
4.168640000000001
4.21875
4.26861
4.31869
4.3686799999999995
4.41876
4.46879
4.51902

Vgs: 2.5
-0.00030157999999999997
0.135413
0.26699599999999996
0.394397
0.517862
0.637185
0.752327
0.8632559999999999
0.9699249999999999
1.07355
1.17139
1.2647599999999999
1.35359
1.43779
1.51735
1.59226
1.6625100000000002
1.7282899999999999
1.78986
1.8477700000000001
1.9027200000000002
1.95519
2.00713
2.05826
2.10925
2.15991
2.2106500000000002
2.26106
2.31151
2.36207
2.41242
2.46295
2.5133199999999998
2.56383
2.61407
2.66459
2.71481
2.7653
2.81556
2.86596
2.9162
2.96665
3.01688
3.06705
3.11741
3.16759
3.21796
3.26806
3.31841
3.3684600000000002
3.41877
3.46874
3.51895
3.5689900000000003
3.61911
3.66912
3.71901
3.7691600000000003
3.81912
3.86919
3.9191599999999998
3.9692499999999997
4.01917
4.06923
4.11917
4.16927
4.21926
4.26942
4.3194
4.36953
4.41961
4.4697000000000005
4.51992
4.57006
4.62046
4.67068
4.72113
4.77149
4.8220600000000005
4.87253
4.92328

Vgs: 3.0
-0.000344447
0.151609
0.29977299999999996
0.444123
0.5849219999999999
0.721997
0.855334
0.9849019999999999
1.11212
1.23404
1.35206
1.46614
1.57625
1.68227
1.7840799999999999
1.88164
1.97493
2.06376
2.1480900000000003
2.22784
2.30304
2.37322
2.43982
2.50215
2.5611900000000003
2.61721
2.67157
2.72439
2.77663
2.82861
2.88012
2.93168
2.98291
3.03419
3.08522
3.13642
3.18735
3.23841
3.28926
3.3401899999999998
3.39096
3.44181
3.4925300000000004
3.54316
3.59398
3.64454
3.6952399999999996
3.74575
3.7963799999999996
3.8467599999999997
3.89736
3.94775
3.99825
4.0485299999999995
4.09888
4.14919
4.1992899999999995
4.249700000000001
4.29985
4.35011
4.40024
4.450489999999999
4.50056
4.5508500000000005
4.6009
4.65112
4.70125
4.7515600000000004
4.801760000000001
4.85213
4.90235
4.9526900000000005
5.00321
5.05366
5.1043
5.15483
5.20566
5.25632
5.30735
5.3583099999999995
5.4095

Vgs: 3.5
-0.00037286400000000004
0.166414
0.329679
0.48941299999999993
0.6459210000000001
0.7990389999999999
0.948764
1.09645
1.23944
1.3789399999999998
1.51495
1.64754
1.7766
1.90203
2.02384
2.1418600000000003
2.2560000000000002
2.36617
2.47227
2.57423
2.6720200000000003
2.7645500000000003
2.85385
2.9382900000000003
3.01851
3.09402
3.16537
3.2322599999999997
3.2953
3.35514
3.41216
3.46747
3.5213900000000002
3.5746100000000003
3.62729
3.67982
3.73185
3.78394
3.83568
3.8874299999999997
3.93893
3.99055
4.041860000000001
4.09312
4.1445099999999995
4.19562
4.24684
4.29776
4.34893
4.39975
4.45075
4.501480000000001
4.55228
4.60299
4.6536599999999995
4.7042
4.75466
4.80527
4.85567
4.90613
4.9565399999999995
5.00699
5.05726
5.10761
5.157850000000001
5.2082999999999995
5.258439999999999
5.3088500000000005
5.35908
5.40948
5.45982
5.5102199999999995
5.56088
5.61137
5.662140000000001
5.71291
5.7639
5.8148
5.86608
5.91721
5.96869

Vgs: 4.0
-0.000388076
0.180074
0.357238
0.531107
0.7020350000000001
0.8698309999999999
1.03571
1.1976
1.3562400000000001
1.51176
1.66419
1.81354
1.95972
2.1027799999999996
2.24255
2.37902
2.5120400000000003
2.64147
2.76721
2.88925
3.0075499999999997
3.12086
3.2314700000000003
3.3376
3.43982
3.5375300000000003
3.63113
3.7200800000000003
3.80453
3.88481
3.9603499999999996
4.03191
4.09916
4.16272
4.2229600000000005
4.28087
4.33675
4.39165
4.44556
4.499099999999999
4.55206
4.6048599999999995
4.65728
4.7095
4.761699999999999
4.81365
4.86559
4.9172
4.96896
5.02043
5.0719199999999995
5.12315
5.17452
5.22556
5.27678
5.32766
5.37846
5.4294
5.48011
5.53088
5.5814
5.63213
5.6824900000000005
5.7330499999999995
5.7834
5.83389
5.88427
5.93471
5.98504
6.03549
6.085850000000001
6.13627
6.18675
6.23721
6.28796
6.33858
6.38943
6.44031
6.49157
6.54269
6.59427

Vgs: 4.5
-0.000413893
0.192746
0.382855
0.5698920000000001
0.754107
0.935464
1.11543
1.2911400000000002
1.46421
1.63445
1.8020200000000002
1.9668200000000002
2.12893
2.28811
2.44441
2.59773
2.74803
2.89507
3.0388300000000004
3.17922
3.31621
3.44851
3.57863
3.70442
3.82693
3.9450600000000002
4.05956
4.16967
4.27553
4.37754
4.47485
4.56812
4.6567
4.74107
4.82077
4.89633
4.96737
5.03478
5.09835
5.15906
5.21721
5.27395
5.329330000000001
5.38376
5.43787
5.49137
5.5446100000000005
5.59741
5.65021
5.70255
5.75488
5.80687
5.85892
5.91061
5.9624500000000005
6.01379
6.06514
6.11656
6.16767
6.21885
6.2697400000000005
6.32078
6.37144
6.4222
6.47274
6.52344
6.57387
6.6244700000000005
6.67478
6.72523
6.77557
6.825880000000001
6.87632
6.92669
6.97727
7.02778
7.078519999999999
7.12908
7.17998
7.23079
7.2820100000000005

Vgs: 5.0
-0.000427059
0.20433300000000001
0.406204
0.605186
0.8017000000000001
0.9955529999999999
1.18812
1.37721
1.56361
1.74749
1.92899
2.1081
2.28479
2.4589999999999996
2.6306599999999998
2.7996700000000003
2.9659
3.12928
3.28965
3.4469700000000003
3.60113
3.75075
3.89881
4.04273
4.18366
4.3206
4.454160000000001
4.58353
4.70917
4.8310200000000005
4.94864
5.06257
5.1719599999999994
5.277480000000001
5.37851
5.47539
5.56752
5.6555800000000005
5.7389
5.81808
5.89264
5.96354
6.03032
6.0936200000000005
6.15452
6.21197
6.268669999999999
6.32375
6.37831
6.43194
6.48509
6.53775
6.58977
6.6411999999999995
6.69233
6.74253
6.79254
6.842359999999999
6.89141
6.9400900000000005
6.988379999999999
7.03623
7.083489999999999
7.13045
7.17662
7.22204
7.26672
7.31111
7.35503
7.39935
7.44397
7.48897
7.53456
7.5803199999999995
7.626810000000001
7.67391
7.72124
7.76877
7.8168999999999995
7.86506
7.913989999999999

Vgs: 5.5
-0.000360439
0.210343
0.41896300000000003
0.625366
0.82977
1.0324
1.2328599999999998
1.4308400000000001
1.62656
1.82009
2.01182
2.20113
2.38846
2.57355
2.75643
2.93687
3.11442
3.28968
3.46226
3.63191
3.79875
3.9612
4.12224
4.2797
4.43445
4.58519
4.73304
4.87668
5.017029999999999
5.154
5.28671
5.41619
5.541329999999999
5.662870000000001
5.77986
5.8935200000000005
6.00234
6.107419999999999
6.2076400000000005
6.304320000000001
6.39628
6.483949999999999
6.56696
6.645919999999999
6.7210600000000005
6.791659999999999
6.85895
6.92281
6.98449
7.04363
7.1012
7.1577
7.21403
7.267659999999999
7.32241
7.376169999999999
7.42986
7.48334
7.53609
7.58905
7.64152
7.69472
7.74674
7.7988
7.850579999999999
7.90137
7.9526900000000005
8.003969999999999
8.05521
8.10629
8.15704
8.208820000000001
8.25882
8.31018
8.36092
8.41141
8.4618
8.51174
8.56194
8.61284
8.66311

Vgs: 6.0
-0.000347184
0.21823
0.435162
0.650206
0.863806
1.0761
1.28644
1.4946899999999999
1.7011800000000001
1.9058
2.1088999999999998
2.31028
2.50966
2.70748
2.90355
3.09705
3.28849
3.47773
3.6642699999999997
3.8486100000000003
4.03036
4.20786
4.38464
4.557300000000001
4.72787
4.894500000000001
5.05887
5.21894
5.3752
5.53
5.679250000000001
5.82599
5.96876
6.10876
6.24434
6.37555
6.50286
6.62672
6.74702
6.86202
6.9734
7.0811
7.18478
7.283880000000001
7.3783
7.4684099999999995
7.55484
7.636559999999999
7.71428
7.787920000000001
7.858489999999999
7.92496
7.987609999999999
8.04848
8.10755
8.16536
8.221549999999999
8.27733
8.33268
8.38793
8.44093
8.49465
8.54853
8.602079999999999
8.65485
8.7073
8.759329999999999
8.81029
8.86178
8.91344
8.96482
9.016919999999999
9.0676
9.10879
9.15933
9.20823
9.261989999999999
9.30114
9.35653
9.41144
9.44064

Vgs: 6.5
-0.000386911
0.22398
0.446986
0.668423
0.887263
1.10605
1.3235899999999998
1.5392
1.75358
1.96679
2.1786700000000003
2.38965
2.59937
2.80769
3.0149600000000003
3.2225
3.43085
3.63196
3.82483
4.02131
4.2158
4.40588
4.59529
4.780460000000001
4.9643500000000005
5.1454200000000005
5.32375
5.49873
5.67032
5.8395399999999995
6.004930000000001
6.16742
6.32594
6.48137
6.63288
6.78057
6.92485
7.067150000000001
7.20343
7.33664
7.4657
7.59062
7.7085
7.829020000000001
7.94137
8.06016
8.16373
8.264280000000001
8.36055
8.45063
8.53423
8.61686
8.70528
8.78169
8.855979999999999
8.92501
8.980459999999999
9.04314
9.10741
9.16752
9.225950000000001
9.28272
9.33807
9.39282
9.44708
9.50096
9.55109
9.607299999999999
9.659980000000001
9.712439999999999
9.764230000000001
9.8184
9.87006
9.92103
9.97257
10.0227
10.0744
10.1226
10.1733
10.2233
10.273900000000001

Vgs: 7.0
-0.000404037
0.22967300000000002
0.45846899999999996
0.685785
0.911606
1.13691
1.36077
1.58327
1.80495
2.0255099999999997
2.24538
2.46448
2.68289
2.90083
3.11738
3.33341
3.54726
3.75994
3.9723500000000005
4.18073
4.38765
4.59136
4.7948
4.995570000000001
5.19402
5.38899
5.5817499999999995
5.77186
5.95698
6.14142
6.3209
6.49855
6.67221
6.843089999999999
7.010190000000001
7.17471
7.33493
7.492310000000001
7.645589999999999
7.79603
7.94232
8.08506
8.223640000000001
8.357959999999999
8.489180000000001
8.615670000000001
8.73857
8.857439999999999
8.97235
9.083169999999999
9.189900000000002
9.292200000000001
9.390880000000001
9.485149999999999
9.575719999999999
9.66145
9.743490000000001
9.82203
9.896500000000001
9.966660000000001
10.0334
10.1011
10.1616
10.2157
10.274099999999999
10.3311
10.3868
10.4423
10.496699999999999
10.551
10.6044
10.6571
10.709700000000002
10.7646
10.815
10.866000000000001
10.9176
10.9687
11.0201
11.070500000000001
11.1212

Vgs: 7.5
-0.000417489
0.235201
0.469563
0.702509
0.934396
1.16551
1.39562
1.62445
1.8523800000000001
2.07942
2.30589
2.53274
2.75804
2.9830099999999997
3.20733
3.43094
3.65334
3.87489
4.09495
4.31351
4.530959999999999
4.7447799999999996
4.95923
5.17046
5.380839999999999
5.588690000000001
5.794630000000001
5.9973
6.1975
6.39583
6.5901700000000005
6.78553
6.97383
7.15843
7.34223
7.5213399999999995
7.6936599999999995
7.86617
8.034370000000001
8.19913
8.36185
8.519169999999999
8.67363
8.82484
8.9734
9.11704
9.26071
9.39692
9.53008
9.661760000000001
9.786859999999999
9.90742
10.0217
10.1342
10.2451
10.347900000000001
10.448
10.5449
10.636
10.7241
10.807300000000001
10.8885
10.9649
11.0325
11.102300000000001
11.1728
11.2341
11.2944
11.348799999999999
11.4065
11.4631
11.518199999999998
11.577
11.627699999999999
11.679200000000002
11.7324
11.784899999999999
11.8409
11.8932
11.9445
11.9963

Vgs: 8.0
-0.000492227
0.239865
0.478069
0.7152970000000001
0.951529
1.1874500000000001
1.42195
1.6553900000000001
1.8878199999999998
2.11971
2.3507200000000004
2.58177
2.81242
3.0429
3.2724699999999998
3.5014
3.72897
3.9564200000000005
4.180910000000001
4.40538
4.62556
4.84598
5.06735
5.28613
5.50359
5.71771
5.9357999999999995
6.14536
6.35238
6.5595799999999995
6.764069999999999
6.96721
7.16711
7.365080000000001
7.560339999999999
7.75333
7.94286
8.13073
8.31478
8.4962
8.6742
8.849910000000001
9.02247
9.19013
9.35622
9.51756
9.675680000000002
9.83034
9.98034
10.125399999999999
10.269
10.411999999999999
10.5477
10.6777
10.8034
10.9278
11.0469
11.1617
11.2724
11.3772
11.4801
11.5778
11.6718
11.7623
11.850100000000001
11.9317
12.0091
12.0833
12.1536
12.2211
12.286200000000001
12.3481
12.4087
12.468399999999999
12.525500000000001
12.5812
12.6373
12.6915
12.7454
12.7992
12.8514
